Zero Weights processed. Default weights will be used
.
Warning: using -h 0 may be faster
*
optimization finished, #iter = 1647
C = 161.88263140853982
obj = 65147.458723169904, rho = -1.9859061943779435
nSV = 2717, nBSV = 2167
Total nSV = 2717
.
Warning: using -h 0 may be faster
*
optimization finished, #iter = 1624
C = 162.32151020098087
obj = 65401.05615236245, rho = -5.998063471900883
nSV = 2711, nBSV = 2158
Total nSV = 2711
.
Warning: using -h 0 may be faster
*
optimization finished, #iter = 1698
C = 153.00957991723936
obj = 62461.7040711396, rho = -5.644822616251869
nSV = 2701, nBSV = 2159
Total nSV = 2701
.
Warning: using -h 0 may be faster
*
optimization finished, #iter = 1642
C = 152.51196738752415
obj = 61261.91703235629, rho = -7.547076396744801
nSV = 2689, nBSV = 2180
Total nSV = 2689
.
Warning: using -h 0 may be faster
*
optimization finished, #iter = 1678
C = 173.47091456225598
obj = 71501.44521923915, rho = 2.044349577884358
nSV = 2717, nBSV = 2163
Total nSV = 2717
.
Warning: using -h 0 may be faster
.
Warning: using -h 0 may be faster
*
optimization finished, #iter = 2088
C = 141.55115356044732
obj = 66449.01113146951, rho = 0.947382514509343
nSV = 3335, nBSV = 2751
.
Warning: using -h 0 may be faster
...
Warning: using -h 0 may be faster
*
optimization finished, #iter = 4463
C = 837.0298333996898
obj = 764459.6833798953, rho = 19.196856121374967
nSV = 4976, nBSV = 2817
Total nSV = 4976
.
Warning: using -h 0 may be faster
...
Warning: using -h 0 may be faster
*
optimization finished, #iter = 4484
C = 871.643222064692
obj = 800668.551563876, rho = -47.23346974868333
nSV = 4990, nBSV = 2850
Total nSV = 4990
.
Warning: using -h 0 may be faster
...
Warning: using -h 0 may be faster
*
optimization finished, #iter = 4435
C = 833.024237830402
obj = 757444.3018512332, rho = -63.74641138750335
nSV = 4939, nBSV = 2827
Total nSV = 4939
.
Warning: using -h 0 may be faster
...
Warning: using -h 0 may be faster
*
optimization finished, #iter = 4350
C = 844.5534031972658
obj = 783011.7410203869, rho = -73.3528947886572
nSV = 4903, nBSV = 2862
Total nSV = 4903
.
Warning: using -h 0 may be faster
...
Warning: using -h 0 may be faster
*
optimization finished, #iter = 4443
C = 858.5632228907168
obj = 803282.0317131461, rho = -68.47869154722068
nSV = 4950, nBSV = 2818
Total nSV = 4950
.
Warning: using -h 0 may be faster
....
Warning: using -h 0 may be faster
*
optimization finished, #iter = 5623
C = 834.0195423582029
obj = 875724.7247575581, rho = 20.31694422242746
nSV = 6063, nBSV = 3636
.
Warning: using -h 0 may be faster
*
optimization finished, #iter = 1531
C = 53.5875072724658
obj = 12877.660173667899, rho = -5.6549662166887
nSV = 2979, nBSV = 2665
Total nSV = 2979
.
Warning: using -h 0 may be faster
*
optimization finished, #iter = 1556
C = 77.66522641614152
obj = 21839.327715590072, rho = 3.8814140606960605
nSV = 3013, nBSV = 2622
Total nSV = 3013
.
Warning: using -h 0 may be faster
*
optimization finished, #iter = 1426
C = 49.120577822897616
obj = 11327.901600694942, rho = 2.87243422798288
nSV = 2968, nBSV = 2689
Total nSV = 2968
.
Warning: using -h 0 may be faster
*
optimization finished, #iter = 1477
C = 66.5298665078974
obj = 17819.246943576723, rho = 6.6909119483040085
nSV = 3000, nBSV = 2659
Total nSV = 3000
.
Warning: using -h 0 may be faster
*
optimization finished, #iter = 1414
C = 50.16472508915352
obj = 11981.027102339162, rho = 2.8469658510396867
nSV = 2970, nBSV = 2672
Total nSV = 2970
.
Warning: using -h 0 may be faster
*
optimization finished, #iter = 1792
C = 50.67023268361067
obj = 14860.325424317629, rho = 4.58639709148098
nSV = 3705, nBSV = 3369
Total nSV = 8812
.
Warning: using -h 0 may be faster
*
optimization finished, #iter = 1363
C = 172.11335974646684
obj = 59429.1635150698, rho = 1.4571685690423801
nSV = 2204, nBSV = 1704
Total nSV = 2204
.
Warning: using -h 0 may be faster
*
optimization finished, #iter = 1381
C = 180.02510872967943
obj = 62963.32036819028, rho = -11.249245578108365
nSV = 2207, nBSV = 1701
Total nSV = 2207
.
Warning: using -h 0 may be faster
*
optimization finished, #iter = 1444
C = 192.61328656472435
obj = 70795.81463901332, rho = -3.6176665931418848
nSV = 2214, nBSV = 1697
Total nSV = 2214
.
Warning: using -h 0 may be faster
*
optimization finished, #iter = 1360
C = 179.8323099363171
obj = 62003.772137002255, rho = -5.899873518018876
nSV = 2206, nBSV = 1707
Total nSV = 2206
.
Warning: using -h 0 may be faster
*
optimization finished, #iter = 1437
C = 198.69957107888214
obj = 71764.40596297946, rho = -14.441760401380764
nSV = 2230, nBSV = 1691
Total nSV = 2230
.
Warning: using -h 0 may be faster
*
optimization finished, #iter = 1659
C = 165.38483702248905
obj = 68423.71916159747, rho = 5.072374586019577
nSV = 2719, nBSV = 2161
...
Warning: using -h 0 may be faster
*
optimization finished, #iter = 3469
C = 811.6474336789265
obj = 630225.4062309407, rho = 33.243719765844354
nSV = 4016, nBSV = 2193
Total nSV = 4016
...
Warning: using -h 0 may be faster
*
optimization finished, #iter = 3602
C = 817.0023058931839
obj = 642668.3183491608, rho = 24.848295963901283
nSV = 4028, nBSV = 2203
Total nSV = 4028
...
Warning: using -h 0 may be faster
*
optimization finished, #iter = 3748
C = 866.9217412887617
obj = 688403.9137199634, rho = 25.367031873675625
nSV = 4048, nBSV = 2188
Total nSV = 4048
...
Warning: using -h 0 may be faster
*
optimization finished, #iter = 3743
C = 836.8286784433883
obj = 659761.8718574146, rho = 33.31143476343747
nSV = 4064, nBSV = 2147
Total nSV = 4064
...
Warning: using -h 0 may be faster
*
optimization finished, #iter = 3677
C = 848.5031558762047
obj = 665121.748540462, rho = 20.863994102672937
nSV = 4046, nBSV = 2201
Total nSV = 4046
.
Warning: using -h 0 may be faster
...
Warning: using -h 0 may be faster
*
optimization finished, #iter = 4454
C = 811.6612335817114
obj = 726975.9084596776, rho = 36.21465343365272
nSV = 4964, nBSV = 2829
.
Warning: using -h 0 may be faster
*
optimization finished, #iter = 1141
C = 70.04353533856931
obj = 15289.371879287426, rho = 3.2303139098023825
nSV = 2406, nBSV = 2117
Total nSV = 2406
.
Warning: using -h 0 may be faster
*
optimization finished, #iter = 1214
C = 74.62558151748178
obj = 17943.54261935775, rho = -4.195848080846598
nSV = 2412, nBSV = 2099
Total nSV = 2412
.
Warning: using -h 0 may be faster
*
optimization finished, #iter = 1171
C = 59.96985773244739
obj = 12497.67229359228, rho = -5.521516650162688
nSV = 2410, nBSV = 2116
Total nSV = 2410
.
Warning: using -h 0 may be faster
*
optimization finished, #iter = 1221
C = 73.56487208347065
obj = 17236.854500186993, rho = -3.462542787275611
nSV = 2411, nBSV = 2109
Total nSV = 2411
.
Warning: using -h 0 may be faster
*
optimization finished, #iter = 1252
C = 86.47224472432879
obj = 21358.169758972155, rho = -6.472961149807588
nSV = 2444, nBSV = 2087
Total nSV = 2444
.
Warning: using -h 0 may be faster
*
optimization finished, #iter = 1419
C = 62.848945324054455
obj = 16597.431114034025, rho = 4.609234942492418
nSV = 2971, nBSV = 2677
Total nSV = 7165
.
Warning: using -h 0 may be faster
*
optimization finished, #iter = 1413
C = 183.83195972360298
obj = 63438.78255730431, rho = -5.652445083919552
nSV = 2206, nBSV = 1690
Total nSV = 2206
.
Warning: using -h 0 may be faster
*
optimization finished, #iter = 1357
C = 185.71526121735715
obj = 63733.16026212479, rho = -2.739532940842605
nSV = 2193, nBSV = 1709
Total nSV = 2193
.
Warning: using -h 0 may be faster
*
optimization finished, #iter = 1366
C = 169.00503440001194
obj = 57479.14128293168, rho = 1.9025210505776065
nSV = 2196, nBSV = 1701
Total nSV = 2196
.
Warning: using -h 0 may be faster
*
optimization finished, #iter = 1390
C = 171.9621063135882
obj = 58509.03663648917, rho = 4.285186374221261
nSV = 2184, nBSV = 1722
Total nSV = 2184
.
Warning: using -h 0 may be faster
*
optimization finished, #iter = 1399
C = 164.3325989968945
obj = 54964.41072454262, rho = 5.177429306191399
nSV = 2202, nBSV = 1716
Total nSV = 2202
.
Warning: using -h 0 may be faster
*
optimization finished, #iter = 1679
C = 154.4121672301643
obj = 60581.12669741772, rho = 2.4043294216982343
nSV = 2710, nBSV = 2189
...
Warning: using -h 0 may be faster
*
optimization finished, #iter = 3577
C = 849.1756487036018
obj = 688801.2185964626, rho = 14.76977782106322
nSV = 4033, nBSV = 2197
Total nSV = 4033
...
Warning: using -h 0 may be faster
*
optimization finished, #iter = 3449
C = 882.3594287926878
obj = 720426.0128645315, rho = -59.518595704281694
nSV = 4032, nBSV = 2184
Total nSV = 4032
.
Warning: using -h 0 may be faster
..
Warning: using -h 0 may be faster
*
optimization finished, #iter = 3675
C = 776.9216518068351
obj = 613560.7245423817, rho = -41.235509599944635
nSV = 4008, nBSV = 2231
Total nSV = 4008
.
Warning: using -h 0 may be faster
..
Warning: using -h 0 may be faster
*
optimization finished, #iter = 3568
C = 824.2133270402516
obj = 656736.9356071783, rho = -46.19384338516088
nSV = 4019, nBSV = 2212
Total nSV = 4019
.
Warning: using -h 0 may be faster
..
Warning: using -h 0 may be faster
*
optimization finished, #iter = 3557
C = 838.6183492315495
obj = 669627.1141483759, rho = -46.12530711970566
nSV = 4015, nBSV = 2192
Total nSV = 4015
.
Warning: using -h 0 may be faster
...
Warning: using -h 0 may be faster
*
optimization finished, #iter = 4771
C = 826.5601748464594
obj = 751235.7479234867, rho = 15.177368548997755
nSV = 4970, nBSV = 2846
.
Warning: using -h 0 may be faster
*
optimization finished, #iter = 1242
C = 74.9065612350422
obj = 17064.15941294737, rho = -6.9968626575092685
nSV = 2406, nBSV = 2104
Total nSV = 2406
.
Warning: using -h 0 may be faster
*
optimization finished, #iter = 1158
C = 47.16936498592448
obj = 8857.881462062242, rho = -3.873726348321791
nSV = 2382, nBSV = 2141
Total nSV = 2382
.
Warning: using -h 0 may be faster
*
optimization finished, #iter = 1175
C = 53.861454414365035
obj = 10293.67012635422, rho = -5.514041731275531
nSV = 2392, nBSV = 2137
Total nSV = 2392
.
Warning: using -h 0 may be faster
*
optimization finished, #iter = 1176
C = 57.41668175591219
obj = 11275.116975813331, rho = -4.913535373950101
nSV = 2396, nBSV = 2123
Total nSV = 2396
.
Warning: using -h 0 may be faster
*
optimization finished, #iter = 1210
C = 62.07801695969741
obj = 12899.994518106574, rho = -5.672855109609814
nSV = 2406, nBSV = 2122
Total nSV = 2406
.
Warning: using -h 0 may be faster
*
optimization finished, #iter = 1545
C = 49.89035832631459
obj = 11476.132926138154, rho = 5.3075610413999295
nSV = 2972, nBSV = 2671
Total nSV = 7151
.
Warning: using -h 0 may be faster
..
Warning: using -h 0 may be faster
*
optimization finished, #iter = 3882
C = 889.1779854521578
obj = 704189.9857965525, rho = -66.07005220075217
nSV = 4063, nBSV = 2174
Total nSV = 4063
...
Warning: using -h 0 may be faster
*
optimization finished, #iter = 3764
C = 941.9981062816671
obj = 769993.62750903, rho = 24.55040153026526
nSV = 4107, nBSV = 2162
Total nSV = 4107
.
Warning: using -h 0 may be faster
..
Warning: using -h 0 may be faster
*
optimization finished, #iter = 3733
C = 878.2497576535685
obj = 696020.1637534961, rho = 25.44155373901978
nSV = 4071, nBSV = 2170
Total nSV = 4071
...
Warning: using -h 0 may be faster
*
optimization finished, #iter = 3683
C = 888.9168984867587
obj = 708639.4302290155, rho = 20.384097306533256
nSV = 4039, nBSV = 2182
Total nSV = 4039
...
Warning: using -h 0 may be faster
*
optimization finished, #iter = 3535
C = 908.1994318548338
obj = 737670.6644181225, rho = 25.10438582347759
nSV = 4064, nBSV = 2162
Total nSV = 4064
.
Warning: using -h 0 may be faster
...
Warning: using -h 0 may be faster
*
optimization finished, #iter = 4528
C = 896.0188096566641
obj = 840148.5588120734, rho = -65.45875664347004
nSV = 4997, nBSV = 2764
.
Warning: using -h 0 may be faster
*
optimization finished, #iter = 1217
C = 74.04446496789743
obj = 16367.978162703539, rho = 4.9418693956847
nSV = 2413, nBSV = 2105
Total nSV = 2413
.
Warning: using -h 0 may be faster
*
optimization finished, #iter = 1248
C = 88.88006889684273
obj = 22149.312635585964, rho = 7.151140791708955
nSV = 2434, nBSV = 2082
Total nSV = 2434
.
Warning: using -h 0 may be faster
*
optimization finished, #iter = 1229
C = 84.073298491777
obj = 20646.036586224523, rho = 4.707552445166356
nSV = 2435, nBSV = 2087
Total nSV = 2435
.
Warning: using -h 0 may be faster
*
optimization finished, #iter = 1412
C = 113.98469502122565
obj = 31522.767980818804, rho = 4.246036247694749
nSV = 2472, nBSV = 2043
Total nSV = 2472
.
Warning: using -h 0 may be faster
*
optimization finished, #iter = 1241
C = 79.40040938316395
obj = 19034.72968843457, rho = 6.112569105479726
nSV = 2418, nBSV = 2091
Total nSV = 2418
.
Warning: using -h 0 may be faster
*
optimization finished, #iter = 1534
C = 76.73306499647511
obj = 21807.714340968156, rho = -7.720050633058976
nSV = 3036, nBSV = 2633
.
Warning: using -h 0 may be faster
*
optimization finished, #iter = 1406
C = 189.95316026593892
obj = 67343.84411710627, rho = 1.115613153183417
nSV = 2226, nBSV = 1687
Total nSV = 2226
.
Warning: using -h 0 may be faster
*
optimization finished, #iter = 1341
C = 174.2027089403526
obj = 60266.35498246139, rho = -1.8408008831378535
nSV = 2178, nBSV = 1724
Total nSV = 2178
.
Warning: using -h 0 may be faster
*
optimization finished, #iter = 1386
C = 175.23468160403112
obj = 60410.68507520713, rho = -0.194040497500515
nSV = 2193, nBSV = 1702
Total nSV = 2193
.
Warning: using -h 0 may be faster
*
optimization finished, #iter = 1383
C = 182.96611547201343
obj = 63868.3338489132, rho = -0.9387469841187221
nSV = 2215, nBSV = 1694
Total nSV = 2215
.
Warning: using -h 0 may be faster
*
optimization finished, #iter = 1306
C = 157.6118975670766
obj = 51848.67875063274, rho = -3.4507730240264567
nSV = 2182, nBSV = 1734
Total nSV = 2182
.
Warning: using -h 0 may be faster
*
optimization finished, #iter = 1621
C = 158.19169893213623
obj = 63868.4554702148, rho = -0.6670540739660327
nSV = 2698, nBSV = 2188
Total nSV = 7224
.
Warning: using -h 0 may be faster
*
optimization finished, #iter = 1439
C = 192.0499416492873
obj = 67487.11437973879, rho = 0.44786110667597967
nSV = 2216, nBSV = 1688
Total nSV = 2216
.
Warning: using -h 0 may be faster
*
optimization finished, #iter = 1426
C = 208.76926338356523
obj = 77274.20269402582, rho = -9.168394894791845
nSV = 2225, nBSV = 1674
Total nSV = 2225
.
Warning: using -h 0 may be faster
*
optimization finished, #iter = 1394
C = 171.92300669327196
obj = 58110.13370547458, rho = -0.8313101831781743
nSV = 2174, nBSV = 1720
Total nSV = 2174
.
Warning: using -h 0 may be faster
*
optimization finished, #iter = 1346
C = 189.2483663345008
obj = 64314.445061434715, rho = -2.2840211634462935
nSV = 2207, nBSV = 1715
Total nSV = 2207
.
Warning: using -h 0 may be faster
*
optimization finished, #iter = 1398
C = 181.07835474642016
obj = 62794.673781937316, rho = -3.476915835858911
nSV = 2201, nBSV = 1699
Total nSV = 2201
.
Warning: using -h 0 may be faster
*
optimization finished, #iter = 1716
C = 170.7884888088426
obj = 69847.1765822252, rho = -3.3165424409027464
nSV = 2717, nBSV = 2155
.
Warning: using -h 0 may be faster
*
optimization finished, #iter = 1127
C = 51.43166123827658
obj = 10037.042119076898, rho = -3.005900196863775
nSV = 2392, nBSV = 2122
Total nSV = 2392
.
Warning: using -h 0 may be faster
*
optimization finished, #iter = 1185
C = 67.54629508045471
obj = 14801.790399945901, rho = -3.095005808726069
nSV = 2407, nBSV = 2112
Total nSV = 2407
.
Warning: using -h 0 may be faster
*
optimization finished, #iter = 1335
C = 89.82815857539065
obj = 22036.442979267922, rho = -6.713547953757765
nSV = 2454, nBSV = 2070
Total nSV = 2454
.
Warning: using -h 0 may be faster
*
optimization finished, #iter = 1239
C = 58.380691895430765
obj = 11751.533352894763, rho = -4.288353788650322
nSV = 2422, nBSV = 2124
Total nSV = 2422
.
Warning: using -h 0 may be faster
*
optimization finished, #iter = 1233
C = 61.708861103329205
obj = 13348.83542598394, rho = -4.246785110348493
nSV = 2438, nBSV = 2100
Total nSV = 2438
.
Warning: using -h 0 may be faster
*
optimization finished, #iter = 1505
C = 57.05336881283787
obj = 14370.443074060542, rho = 3.685192408651582
nSV = 3005, nBSV = 2656
...
Warning: using -h 0 may be faster
*
optimization finished, #iter = 3585
C = 786.0191956718953
obj = 602909.2915967138, rho = 11.546563077786592
nSV = 3998, nBSV = 2230
Total nSV = 3998
...
Warning: using -h 0 may be faster
*
optimization finished, #iter = 3730
C = 826.0484694274387
obj = 655722.7550184565, rho = 3.984663843317591
nSV = 4033, nBSV = 2196
Total nSV = 4033
...
Warning: using -h 0 may be faster
*
optimization finished, #iter = 3524
C = 844.8867037121345
obj = 677319.9334739741, rho = 12.333399035651118
nSV = 4018, nBSV = 2199
Total nSV = 4018
...
Warning: using -h 0 may be faster
*
optimization finished, #iter = 3544
C = 832.0781414998111
obj = 660047.9994657332, rho = 19.30086003282793
nSV = 4013, nBSV = 2196
Total nSV = 4013
...
Warning: using -h 0 may be faster
*
optimization finished, #iter = 3776
C = 886.1145973049079
obj = 704256.4940958158, rho = 24.641266027942738
nSV = 4041, nBSV = 2179
Total nSV = 4041
.
Warning: using -h 0 may be faster
...
Warning: using -h 0 may be faster
*
optimization finished, #iter = 4368
C = 813.436271903842
obj = 737972.479111414, rho = 14.839416829524959
nSV = 4906, nBSV = 2866
Total nSV = 7124
.
Warning: using -h 0 may be faster
*
optimization finished, #iter = 1214
C = 70.05670871948972
obj = 15637.620990234542, rho = -2.473346139837635
nSV = 2415, nBSV = 2110
Total nSV = 2415
.
Warning: using -h 0 may be faster
*
optimization finished, #iter = 1160
C = 54.00484189620544
obj = 10858.026271442774, rho = -1.3598759529350988
nSV = 2393, nBSV = 2133
Total nSV = 2393
.
Warning: using -h 0 may be faster
*
optimization finished, #iter = 1208
C = 63.968018420234564
obj = 13374.043574735519, rho = -4.076009275415798
nSV = 2408, nBSV = 2120
Total nSV = 2408
.
Warning: using -h 0 may be faster
*
optimization finished, #iter = 1139
C = 53.67354601686243
obj = 10778.459004205424, rho = -1.274128784119873
nSV = 2383, nBSV = 2139
Total nSV = 2383
.
Warning: using -h 0 may be faster
*
optimization finished, #iter = 1153
C = 51.76918511878302
obj = 10452.414667621571, rho = -2.6183266085471564
nSV = 2379, nBSV = 2142
Total nSV = 2379
.
Warning: using -h 0 may be faster
*
optimization finished, #iter = 1378
C = 48.935615311780694
obj = 11439.335684772896, rho = 2.0445889826848487
nSV = 2954, nBSV = 2699
.
Warning: using -h 0 may be faster
*
optimization finished, #iter = 1432
C = 190.21266008889648
obj = 67419.53818087158, rho = 3.486767168733056
nSV = 2221, nBSV = 1706
Total nSV = 2221
.
Warning: using -h 0 may be faster
*
optimization finished, #iter = 1341
C = 161.79590769916146
obj = 53256.21489151287, rho = 2.0116969874759474
nSV = 2165, nBSV = 1735
Total nSV = 2165
.
Warning: using -h 0 may be faster
*
optimization finished, #iter = 1394
C = 186.96014817038616
obj = 66309.22110561018, rho = -3.2889357033026694
nSV = 2200, nBSV = 1685
Total nSV = 2200
.
Warning: using -h 0 may be faster
*
optimization finished, #iter = 1329
C = 166.11782345401176
obj = 56080.847297237844, rho = -0.12618872329802286
nSV = 2177, nBSV = 1717
Total nSV = 2177
.
Warning: using -h 0 may be faster
*
optimization finished, #iter = 1341
C = 173.56959476002837
obj = 59570.75031342296, rho = -1.0051286781015363
nSV = 2193, nBSV = 1725
Total nSV = 2193
.
Warning: using -h 0 may be faster
*
optimization finished, #iter = 1612
C = 155.60587810818785
obj = 62010.08222371516, rho = -2.8343263675989974
nSV = 2685, nBSV = 2195
...
Warning: using -h 0 may be faster
*
optimization finished, #iter = 3411
C = 891.0780230792998
obj = 714119.1147837589, rho = 1.7754954521364037
nSV = 4033, nBSV = 2221
Total nSV = 4033
...
Warning: using -h 0 may be faster
*
optimization finished, #iter = 3646
C = 853.4337319838745
obj = 672609.5503871018, rho = -39.318521142250844
nSV = 4033, nBSV = 2217
Total nSV = 4033
...
Warning: using -h 0 may be faster
*
optimization finished, #iter = 3444
C = 831.9053974982933
obj = 651542.136984878, rho = -37.52083709844522
nSV = 4010, nBSV = 2218
Total nSV = 4010
...
Warning: using -h 0 may be faster
*
optimization finished, #iter = 3559
C = 874.7239450836048
obj = 696393.4734631414, rho = -58.13500095243149
nSV = 4072, nBSV = 2171
Total nSV = 4072
...
Warning: using -h 0 may be faster
*
optimization finished, #iter = 3564
C = 895.2630685784864
obj = 711692.6384166064, rho = -43.399923559124176
nSV = 4022, nBSV = 2193
Total nSV = 4022
.
Warning: using -h 0 may be faster
...
Warning: using -h 0 may be faster
*
optimization finished, #iter = 4447
C = 848.2295426581273
obj = 759607.3485369592, rho = -42.29929893234983
nSV = 4996, nBSV = 2849
Total nSV = 7173


=== Predictions under cross-validation ===

 inst#     actual  predicted error distribution
     1  2:neutral  2:neutral       0.069,*0.671,0.26 
     2  2:neutral  2:neutral       0.045,*0.841,0.114 
     3  2:neutral 3:positive   +   0.035,0.263,*0.702 
     4  2:neutral  2:neutral       0.092,*0.612,0.296 
     5  2:neutral  2:neutral       0.049,*0.727,0.224 
     6  2:neutral 1:negative   +   *0.486,0.472,0.042 
     7  2:neutral 3:positive   +   0.039,0.445,*0.517 
     8  2:neutral  2:neutral       0.051,*0.821,0.127 
     9  2:neutral  2:neutral       0.094,*0.642,0.264 
    10  2:neutral 1:negative   +   *0.784,0.153,0.063 
    11  2:neutral 3:positive   +   0.029,0.224,*0.747 
    12  2:neutral  2:neutral       0.046,*0.767,0.187 
    13  2:neutral  2:neutral       0.031,*0.836,0.134 
    14  2:neutral  2:neutral       0.023,*0.68,0.298 
    15  2:neutral  2:neutral       0.325,*0.472,0.203 
    16  2:neutral  2:neutral       0.018,*0.634,0.348 
    17  2:neutral  2:neutral       0.208,*0.418,0.374 
    18  2:neutral  2:neutral       0.217,*0.484,0.299 
    19  2:neutral  2:neutral       0.166,*0.723,0.111 
    20  2:neutral  2:neutral       0.023,*0.914,0.063 
    21  2:neutral 1:negative   +   *0.845,0.067,0.088 
    22  2:neutral  2:neutral       0.061,*0.554,0.385 
    23  2:neutral  2:neutral       0.066,*0.739,0.196 
    24  2:neutral  2:neutral       0.071,*0.814,0.115 
    25  2:neutral  2:neutral       0.062,*0.681,0.257 
    26  2:neutral 3:positive   +   0.116,0.373,*0.511 
    27  2:neutral  2:neutral       0.017,*0.899,0.084 
    28  2:neutral 1:negative   +   *0.826,0.133,0.042 
    29  2:neutral  2:neutral       0.022,*0.507,0.471 
    30  2:neutral  2:neutral       0.038,*0.556,0.407 
    31  2:neutral  2:neutral       0.172,*0.711,0.117 
    32  2:neutral 1:negative   +   *0.931,0.058,0.011 
    33  2:neutral  2:neutral       0.035,*0.828,0.138 
    34  2:neutral  2:neutral       0.076,*0.75,0.175 
    35  2:neutral  2:neutral       0.05,*0.878,0.072 
    36  2:neutral  2:neutral       0.041,*0.539,0.42 
    37  2:neutral  2:neutral       0.075,*0.707,0.218 
    38  2:neutral  2:neutral       0.096,*0.75,0.154 
    39  2:neutral  2:neutral       0.031,*0.859,0.11 
    40  2:neutral  2:neutral       0.035,*0.628,0.337 
    41  2:neutral  2:neutral       0.044,*0.828,0.128 
    42  2:neutral  2:neutral       0.04,*0.796,0.164 
    43  2:neutral 3:positive   +   0.092,0.281,*0.627 
    44  2:neutral  2:neutral       0.095,*0.597,0.308 
    45  2:neutral  2:neutral       0.03,*0.859,0.111 
    46  2:neutral  2:neutral       0.011,*0.729,0.259 
    47  2:neutral  2:neutral       0.041,*0.645,0.314 
    48  2:neutral 3:positive   +   0.067,0.285,*0.648 
    49  2:neutral  2:neutral       0.038,*0.834,0.128 
    50  2:neutral  2:neutral       0.029,*0.788,0.183 
    51  2:neutral  2:neutral       0.069,*0.876,0.055 
    52  2:neutral  2:neutral       0.273,*0.517,0.209 
    53  2:neutral  2:neutral       0.082,*0.478,0.44 
    54  2:neutral  2:neutral       0.12,*0.567,0.314 
    55  2:neutral  2:neutral       0.092,*0.754,0.154 
    56  2:neutral  2:neutral       0.046,*0.923,0.031 
    57  2:neutral  2:neutral       0.175,*0.547,0.278 
    58  2:neutral  2:neutral       0.069,*0.646,0.285 
    59  2:neutral  2:neutral       0.072,*0.631,0.297 
    60  2:neutral  2:neutral       0.065,*0.546,0.388 
    61  2:neutral  2:neutral       0.261,*0.608,0.131 
    62  2:neutral  2:neutral       0.074,*0.662,0.265 
    63  2:neutral  2:neutral       0.03,*0.676,0.294 
    64  2:neutral  2:neutral       0.12,*0.5,0.38 
    65  2:neutral  2:neutral       0.22,*0.659,0.121 
    66  2:neutral 3:positive   +   0.04,0.405,*0.555 
    67  2:neutral 3:positive   +   0.033,0.335,*0.632 
    68  2:neutral  2:neutral       0.178,*0.592,0.23 
    69  2:neutral 3:positive   +   0.046,0.294,*0.66 
    70  2:neutral 3:positive   +   0.055,0.403,*0.542 
    71  2:neutral  2:neutral       0.122,*0.792,0.087 
    72  2:neutral 3:positive   +   0.041,0.133,*0.826 
    73  2:neutral  2:neutral       0.262,*0.404,0.334 
    74  2:neutral 3:positive   +   0.199,0.303,*0.498 
    75  2:neutral  2:neutral       0.039,*0.775,0.186 
    76  2:neutral  2:neutral       0.072,*0.596,0.332 
    77  2:neutral  2:neutral       0.233,*0.604,0.164 
    78  2:neutral  2:neutral       0.06,*0.786,0.155 
    79  2:neutral  2:neutral       0.163,*0.744,0.093 
    80  2:neutral  2:neutral       0.068,*0.85,0.082 
    81  2:neutral 3:positive   +   0.315,0.276,*0.409 
    82  2:neutral  2:neutral       0.116,*0.82,0.064 
    83  2:neutral 3:positive   +   0.15,0.13,*0.72 
    84  2:neutral 3:positive   +   0.039,0.201,*0.76 
    85  2:neutral  2:neutral       0.19,*0.47,0.34 
    86  2:neutral  2:neutral       0.091,*0.795,0.114 
    87  2:neutral  2:neutral       0.027,*0.624,0.35 
    88  2:neutral  2:neutral       0.039,*0.754,0.206 
    89  2:neutral  2:neutral       0.236,*0.469,0.295 
    90  2:neutral  2:neutral       0.041,*0.849,0.11 
    91  2:neutral  2:neutral       0.056,*0.61,0.335 
    92  2:neutral  2:neutral       0.116,*0.667,0.217 
    93  2:neutral  2:neutral       0.076,*0.646,0.278 
    94  2:neutral  2:neutral       0.047,*0.535,0.418 
    95  2:neutral 3:positive   +   0.056,0.359,*0.585 
    96  2:neutral  2:neutral       0.163,*0.71,0.127 
    97  2:neutral  2:neutral       0.076,*0.71,0.215 
    98  2:neutral 3:positive   +   0.097,0.335,*0.568 
    99  2:neutral  2:neutral       0.057,*0.792,0.151 
   100  2:neutral  2:neutral       0.114,*0.681,0.205 
   101  2:neutral  2:neutral       0.315,*0.485,0.2 
   102  2:neutral 3:positive   +   0.046,0.204,*0.75 
   103  2:neutral  2:neutral       0.045,*0.771,0.184 
   104  2:neutral  2:neutral       0.179,*0.53,0.291 
   105  2:neutral  2:neutral       0.083,*0.651,0.266 
   106  2:neutral 1:negative   +   *0.432,0.169,0.399 
   107  2:neutral  2:neutral       0.083,*0.698,0.22 
   108  2:neutral  2:neutral       0.059,*0.754,0.187 
   109  2:neutral  2:neutral       0.024,*0.853,0.124 
   110  2:neutral  2:neutral       0.071,*0.75,0.179 
   111  2:neutral  2:neutral       0.116,*0.612,0.272 
   112  2:neutral  2:neutral       0.014,*0.897,0.089 
   113  2:neutral  2:neutral       0.045,*0.585,0.37 
   114  2:neutral 3:positive   +   0.055,0.233,*0.712 
   115  2:neutral  2:neutral       0.044,*0.726,0.23 
   116  2:neutral 1:negative   +   *0.513,0.28,0.206 
   117  2:neutral  2:neutral       0.057,*0.886,0.058 
   118  2:neutral  2:neutral       0.123,*0.508,0.369 
   119  2:neutral  2:neutral       0.034,*0.789,0.177 
   120  2:neutral 3:positive   +   0.064,0.15,*0.787 
   121  2:neutral  2:neutral       0.074,*0.628,0.297 
   122  2:neutral 3:positive   +   0.226,0.288,*0.487 
   123  2:neutral  2:neutral       0.088,*0.813,0.1 
   124  2:neutral  2:neutral       0.14,*0.68,0.18 
   125  2:neutral 1:negative   +   *0.522,0.364,0.114 
   126  2:neutral  2:neutral       0.049,*0.73,0.221 
   127  2:neutral  2:neutral       0.036,*0.811,0.154 
   128  2:neutral 3:positive   +   0.039,0.442,*0.519 
   129  2:neutral  2:neutral       0.124,*0.664,0.213 
   130  2:neutral  2:neutral       0.031,*0.783,0.186 
   131  2:neutral  2:neutral       0.162,*0.566,0.272 
   132  2:neutral  2:neutral       0.056,*0.748,0.196 
   133  2:neutral  2:neutral       0.05,*0.843,0.106 
   134  2:neutral  2:neutral       0.168,*0.642,0.19 
   135  2:neutral  2:neutral       0.041,*0.732,0.227 
   136  2:neutral  2:neutral       0.016,*0.748,0.236 
   137  2:neutral  2:neutral       0.083,*0.732,0.184 
   138  2:neutral 3:positive   +   0.024,0.312,*0.664 
   139  2:neutral  2:neutral       0.233,*0.522,0.246 
   140  2:neutral  2:neutral       0.26,*0.509,0.23 
   141  2:neutral  2:neutral       0.049,*0.647,0.305 
   142  2:neutral  2:neutral       0.076,*0.792,0.132 
   143  2:neutral  2:neutral       0.241,*0.391,0.368 
   144  2:neutral  2:neutral       0.129,*0.775,0.096 
   145  2:neutral 1:negative   +   *0.341,0.336,0.323 
   146  2:neutral  2:neutral       0.085,*0.797,0.118 
   147  2:neutral  2:neutral       0.037,*0.756,0.207 
   148  2:neutral  2:neutral       0.07,*0.823,0.107 
   149  2:neutral 3:positive   +   0.135,0.193,*0.673 
   150  2:neutral  2:neutral       0.069,*0.807,0.124 
   151  2:neutral  2:neutral       0.088,*0.748,0.165 
   152  2:neutral  2:neutral       0.045,*0.896,0.059 
   153  2:neutral  2:neutral       0.043,*0.813,0.144 
   154  2:neutral  2:neutral       0.081,*0.78,0.139 
   155  2:neutral 3:positive   +   0.069,0.278,*0.653 
   156  2:neutral 3:positive   +   0.041,0.446,*0.513 
   157  2:neutral  2:neutral       0.022,*0.649,0.328 
   158  2:neutral  2:neutral       0.03,*0.876,0.094 
   159  2:neutral  2:neutral       0.176,*0.771,0.054 
   160  2:neutral  2:neutral       0.029,*0.778,0.194 
   161  2:neutral  2:neutral       0.151,*0.491,0.358 
   162  2:neutral  2:neutral       0.033,*0.801,0.165 
   163  2:neutral  2:neutral       0.038,*0.523,0.439 
   164  2:neutral  2:neutral       0.122,*0.593,0.285 
   165  2:neutral  2:neutral       0.071,*0.839,0.09 
   166  2:neutral  2:neutral       0.057,*0.7,0.244 
   167  2:neutral  2:neutral       0.047,*0.768,0.185 
   168  2:neutral  2:neutral       0.048,*0.715,0.237 
   169  2:neutral  2:neutral       0.1,*0.558,0.342 
   170  2:neutral  2:neutral       0.042,*0.871,0.087 
   171  2:neutral  2:neutral       0.058,*0.584,0.358 
   172  2:neutral  2:neutral       0.36,*0.501,0.138 
   173  2:neutral 1:negative   +   *0.859,0.099,0.041 
   174  2:neutral  2:neutral       0.099,*0.475,0.425 
   175  2:neutral  2:neutral       0.072,*0.804,0.124 
   176  2:neutral  2:neutral       0.076,*0.722,0.202 
   177  2:neutral  2:neutral       0.059,*0.756,0.185 
   178  2:neutral  2:neutral       0.065,*0.793,0.142 
   179  2:neutral  2:neutral       0.058,*0.773,0.169 
   180  2:neutral  2:neutral       0.067,*0.647,0.286 
   181  2:neutral  2:neutral       0.07,*0.841,0.089 
   182  2:neutral  2:neutral       0.068,*0.821,0.111 
   183  2:neutral  2:neutral       0.089,*0.73,0.181 
   184  2:neutral 3:positive   +   0.052,0.31,*0.638 
   185  2:neutral  2:neutral       0.05,*0.597,0.353 
   186  2:neutral  2:neutral       0.023,*0.784,0.193 
   187  2:neutral  2:neutral       0.054,*0.58,0.367 
   188  2:neutral 3:positive   +   0.061,0.448,*0.491 
   189  2:neutral  2:neutral       0.17,*0.722,0.108 
   190  2:neutral  2:neutral       0.081,*0.762,0.157 
   191  2:neutral  2:neutral       0.05,*0.863,0.087 
   192  2:neutral  2:neutral       0.048,*0.812,0.14 
   193  2:neutral 3:positive   +   0.019,0.43,*0.551 
   194  2:neutral  2:neutral       0.076,*0.807,0.117 
   195  2:neutral  2:neutral       0.056,*0.626,0.318 
   196  2:neutral 1:negative   +   *0.571,0.28,0.149 
   197  2:neutral  2:neutral       0.067,*0.696,0.236 
   198  2:neutral  2:neutral       0.301,*0.549,0.151 
   199  2:neutral 3:positive   +   0.056,0.165,*0.779 
   200  2:neutral  2:neutral       0.061,*0.654,0.285 
   201  2:neutral  2:neutral       0.035,*0.799,0.165 
   202  2:neutral  2:neutral       0.133,*0.677,0.19 
   203  2:neutral 3:positive   +   0.047,0.376,*0.577 
   204  2:neutral  2:neutral       0.042,*0.911,0.047 
   205  2:neutral  2:neutral       0.036,*0.677,0.287 
   206  2:neutral  2:neutral       0.114,*0.594,0.292 
   207  2:neutral  2:neutral       0.04,*0.572,0.388 
   208  2:neutral  2:neutral       0.051,*0.831,0.117 
   209  2:neutral  2:neutral       0.03,*0.859,0.111 
   210  2:neutral 1:negative   +   *0.483,0.171,0.346 
   211  2:neutral  2:neutral       0.047,*0.764,0.189 
   212  2:neutral  2:neutral       0.045,*0.776,0.179 
   213  2:neutral  2:neutral       0.126,*0.601,0.273 
   214  2:neutral  2:neutral       0.064,*0.782,0.154 
   215  2:neutral  2:neutral       0.261,*0.469,0.27 
   216  2:neutral  2:neutral       0.064,*0.705,0.232 
   217  2:neutral  2:neutral       0.058,*0.809,0.133 
   218  2:neutral 3:positive   +   0.287,0.345,*0.368 
   219  2:neutral  2:neutral       0.192,*0.702,0.107 
   220  2:neutral  2:neutral       0.082,*0.752,0.165 
   221  2:neutral 1:negative   +   *0.538,0.269,0.193 
   222  2:neutral 3:positive   +   0.147,0.36,*0.493 
   223  2:neutral  2:neutral       0.032,*0.672,0.295 
   224  2:neutral  2:neutral       0.073,*0.714,0.213 
   225  2:neutral  2:neutral       0.03,*0.826,0.144 
   226  2:neutral  2:neutral       0.069,*0.741,0.189 
   227  2:neutral  2:neutral       0.041,*0.73,0.229 
   228  2:neutral 3:positive   +   0.062,0.293,*0.645 
   229  2:neutral  2:neutral       0.023,*0.654,0.322 
   230  2:neutral 1:negative   +   *0.476,0.274,0.25 
   231  2:neutral  2:neutral       0.111,*0.757,0.132 
   232  2:neutral  2:neutral       0.408,*0.427,0.165 
   233  2:neutral  2:neutral       0.157,*0.612,0.231 
   234  2:neutral  2:neutral       0.05,*0.62,0.33 
   235  2:neutral  2:neutral       0.439,*0.485,0.076 
   236  2:neutral  2:neutral       0.07,*0.513,0.417 
   237  2:neutral  2:neutral       0.075,*0.649,0.276 
   238  2:neutral  2:neutral       0.449,*0.456,0.096 
   239  2:neutral  2:neutral       0.18,*0.64,0.18 
   240  2:neutral  2:neutral       0.249,*0.529,0.222 
   241  2:neutral  2:neutral       0.327,*0.445,0.228 
   242  2:neutral  2:neutral       0.046,*0.783,0.171 
   243  2:neutral 3:positive   +   0.034,0.345,*0.621 
   244  2:neutral  2:neutral       0.036,*0.789,0.176 
   245  2:neutral  2:neutral       0.111,*0.722,0.167 
   246  2:neutral 3:positive   +   0.019,0.352,*0.629 
   247  2:neutral  2:neutral       0.032,*0.946,0.022 
   248  2:neutral  2:neutral       0.047,*0.747,0.206 
   249  2:neutral  2:neutral       0.106,*0.563,0.331 
   250  2:neutral  2:neutral       0.046,*0.764,0.19 
   251  2:neutral  2:neutral       0.081,*0.514,0.405 
   252  2:neutral 3:positive   +   0.034,0.437,*0.529 
   253  2:neutral  2:neutral       0.081,*0.752,0.167 
   254  2:neutral  2:neutral       0.162,*0.738,0.101 
   255  2:neutral  2:neutral       0.18,*0.693,0.128 
   256  2:neutral  2:neutral       0.094,*0.537,0.369 
   257  2:neutral  2:neutral       0.083,*0.698,0.22 
   258  2:neutral  2:neutral       0.063,*0.888,0.049 
   259  2:neutral  2:neutral       0.109,*0.482,0.409 
   260  2:neutral  2:neutral       0.239,*0.652,0.109 
   261  2:neutral 3:positive   +   0.047,0.307,*0.645 
   262  2:neutral  2:neutral       0.055,*0.832,0.113 
   263  2:neutral  2:neutral       0.055,*0.667,0.278 
   264  2:neutral  2:neutral       0.063,*0.738,0.199 
   265  2:neutral  2:neutral       0.06,*0.696,0.244 
   266  2:neutral  2:neutral       0.025,*0.879,0.096 
   267  2:neutral 3:positive   +   0.045,0.21,*0.745 
   268  2:neutral  2:neutral       0.233,*0.555,0.212 
   269  2:neutral 3:positive   +   0.141,0.41,*0.449 
   270  2:neutral  2:neutral       0.036,*0.573,0.391 
   271  2:neutral  2:neutral       0.278,*0.441,0.281 
   272  2:neutral  2:neutral       0.072,*0.589,0.339 
   273  2:neutral  2:neutral       0.102,*0.741,0.157 
   274  2:neutral  2:neutral       0.052,*0.665,0.283 
   275  2:neutral 1:negative   +   *0.738,0.138,0.124 
   276  2:neutral  2:neutral       0.029,*0.838,0.133 
   277  2:neutral  2:neutral       0.031,*0.519,0.45 
   278  2:neutral  2:neutral       0.065,*0.816,0.12 
   279  2:neutral 1:negative   +   *0.65,0.227,0.124 
   280  2:neutral 3:positive   +   0.025,0.46,*0.515 
   281  2:neutral  2:neutral       0.065,*0.796,0.139 
   282  2:neutral  2:neutral       0.04,*0.841,0.119 
   283  2:neutral 1:negative   +   *0.405,0.343,0.252 
   284  2:neutral  2:neutral       0.076,*0.477,0.448 
   285  2:neutral  2:neutral       0.026,*0.927,0.047 
   286  2:neutral  2:neutral       0.048,*0.555,0.397 
   287  2:neutral  2:neutral       0.069,*0.776,0.155 
   288  2:neutral  2:neutral       0.057,*0.795,0.148 
   289  2:neutral  2:neutral       0.064,*0.709,0.227 
   290  2:neutral 3:positive   +   0.014,0.464,*0.522 
   291  2:neutral  2:neutral       0.117,*0.738,0.145 
   292  2:neutral 1:negative   +   *0.455,0.288,0.256 
   293  2:neutral 3:positive   +   0.018,0.392,*0.59 
   294  2:neutral  2:neutral       0.055,*0.538,0.407 
   295  2:neutral 1:negative   +   *0.516,0.438,0.046 
   296  2:neutral  2:neutral       0.056,*0.748,0.196 
   297  2:neutral 3:positive   +   0.105,0.437,*0.458 
   298  2:neutral  2:neutral       0.047,*0.841,0.112 
   299  2:neutral  2:neutral       0.085,*0.785,0.13 
   300  2:neutral  2:neutral       0.064,*0.856,0.08 
   301  2:neutral  2:neutral       0.034,*0.741,0.226 
   302  2:neutral  2:neutral       0.09,*0.787,0.123 
   303  2:neutral 3:positive   +   0.144,0.168,*0.688 
   304  2:neutral  2:neutral       0.188,*0.446,0.367 
   305  2:neutral  2:neutral       0.026,*0.751,0.223 
   306  2:neutral  2:neutral       0.033,*0.73,0.236 
   307  2:neutral 1:negative   +   *0.462,0.425,0.112 
   308  2:neutral  2:neutral       0.046,*0.93,0.024 
   309  2:neutral 3:positive   +   0.061,0.125,*0.814 
   310  2:neutral  2:neutral       0.065,*0.89,0.044 
   311  2:neutral  2:neutral       0.116,*0.505,0.379 
   312  2:neutral  2:neutral       0.128,*0.66,0.213 
   313  2:neutral  2:neutral       0.138,*0.774,0.088 
   314  2:neutral  2:neutral       0.062,*0.791,0.147 
   315  2:neutral  2:neutral       0.027,*0.737,0.236 
   316  2:neutral  2:neutral       0.039,*0.493,0.467 
   317  2:neutral  2:neutral       0.055,*0.638,0.307 
   318  2:neutral  2:neutral       0.073,*0.811,0.116 
   319  2:neutral  2:neutral       0.122,*0.451,0.428 
   320  2:neutral  2:neutral       0.055,*0.763,0.182 
   321  2:neutral  2:neutral       0.071,*0.808,0.121 
   322  2:neutral  2:neutral       0.056,*0.859,0.085 
   323  2:neutral  2:neutral       0.073,*0.553,0.374 
   324  2:neutral  2:neutral       0.067,*0.812,0.121 
   325  2:neutral  2:neutral       0.037,*0.764,0.199 
   326  2:neutral  2:neutral       0.058,*0.736,0.206 
   327  2:neutral 1:negative   +   *0.693,0.147,0.161 
   328  2:neutral  2:neutral       0.365,*0.496,0.138 
   329  2:neutral  2:neutral       0.159,*0.601,0.24 
   330  2:neutral  2:neutral       0.029,*0.897,0.073 
   331  2:neutral  2:neutral       0.088,*0.739,0.173 
   332  2:neutral  2:neutral       0.07,*0.788,0.142 
   333  2:neutral  2:neutral       0.027,*0.868,0.105 
   334  2:neutral 1:negative   +   *0.353,0.312,0.335 
   335  2:neutral 3:positive   +   0.017,0.369,*0.614 
   336  2:neutral  2:neutral       0.066,*0.652,0.282 
   337  2:neutral  2:neutral       0.179,*0.714,0.107 
   338  2:neutral  2:neutral       0.152,*0.465,0.383 
   339  2:neutral  2:neutral       0.058,*0.812,0.13 
   340  2:neutral  2:neutral       0.303,*0.504,0.194 
   341  2:neutral  2:neutral       0.068,*0.716,0.216 
   342  2:neutral 3:positive   +   0.167,0.082,*0.752 
   343  2:neutral  2:neutral       0.067,*0.747,0.186 
   344  2:neutral  2:neutral       0.033,*0.571,0.395 
   345  2:neutral  2:neutral       0.01,*0.84,0.15 
   346  2:neutral  2:neutral       0.066,*0.629,0.305 
   347  2:neutral  2:neutral       0.083,*0.698,0.22 
   348  2:neutral 1:negative   +   *0.458,0.317,0.225 
   349  2:neutral  2:neutral       0.115,*0.703,0.182 
   350  2:neutral  2:neutral       0.039,*0.739,0.222 
