Zero Weights processed. Default weights will be used
..
Warning: using -h 0 may be faster
*
optimization finished, #iter = 2106
C = 285.7019929515421
obj = 130179.21635884928, rho = 2.9954221936502567
nSV = 2581, nBSV = 1778
Total nSV = 2581
..
Warning: using -h 0 may be faster
*
optimization finished, #iter = 2213
C = 306.830690841197
obj = 141049.1565032512, rho = -10.747742093437338
nSV = 2595, nBSV = 1753
Total nSV = 2595
..
Warning: using -h 0 may be faster
*
optimization finished, #iter = 2152
C = 316.1710312261851
obj = 146714.6053581819, rho = -11.071747007322479
nSV = 2594, nBSV = 1740
Total nSV = 2594
..*
optimization finished, #iter = 2221
C = 297.5638671946818
obj = 137925.52109717543, rho = -18.71182059565013
nSV = 2614, nBSV = 1753
Total nSV = 2614
..*
optimization finished, #iter = 2063
C = 257.9057276383817
obj = 111803.51478780276, rho = -10.180809967295131
nSV = 2568, nBSV = 1802
Total nSV = 2568
Line search fails in two-class probability estimates
.
Warning: using -h 0 may be faster
.
Warning: using -h 0 may be faster
*
optimization finished, #iter = 2636
C = 269.21976188494045
obj = 141742.95851884567, rho = 4.594744277361143
nSV = 3151, nBSV = 2252
.
Warning: using -h 0 may be faster
...
Warning: using -h 0 may be faster
*
optimization finished, #iter = 4885
C = 1236.357305564003
obj = 1133124.1495992276, rho = -74.23234339400041
nSV = 4646, nBSV = 2308
Total nSV = 4646
.
Warning: using -h 0 may be faster
....
Warning: using -h 0 may be faster
*
optimization finished, #iter = 5055
C = 1288.3066954471503
obj = 1170523.5673970615, rho = -75.54432324481874
nSV = 4750, nBSV = 2235
Total nSV = 4750
.
Warning: using -h 0 may be faster
....
Warning: using -h 0 may be faster
*
optimization finished, #iter = 5228
C = 1203.9226890423215
obj = 1073937.026798758, rho = -73.63528342231051
nSV = 4704, nBSV = 2279
Total nSV = 4704
.
Warning: using -h 0 may be faster
....
Warning: using -h 0 may be faster
*
optimization finished, #iter = 5366
C = 1259.3850895435578
obj = 1120176.442215713, rho = -60.58302479434084
nSV = 4713, nBSV = 2260
Total nSV = 4713
.
Warning: using -h 0 may be faster
....
Warning: using -h 0 may be faster
*
optimization finished, #iter = 5249
C = 1258.555137920358
obj = 1145684.8789820096, rho = -73.72446465251879
nSV = 4740, nBSV = 2247
Total nSV = 4740
.
Warning: using -h 0 may be faster
.....
Warning: using -h 0 may be faster
*
optimization finished, #iter = 6376
C = 1282.2871840473872
obj = 1324486.8483377248, rho = 19.46411709850493
nSV = 5721, nBSV = 2991
..
Warning: using -h 0 may be faster
*
optimization finished, #iter = 2026
C = 183.41426236828912
obj = 72044.14914607436, rho = 8.392852590135625
nSV = 2873, nBSV = 2162
Total nSV = 2873
.
Warning: using -h 0 may be faster
.
Warning: using -h 0 may be faster
*
optimization finished, #iter = 2417
C = 231.8678875415242
obj = 98800.05673193309, rho = -13.75856126293307
nSV = 2991, nBSV = 2087
Total nSV = 2991
.
Warning: using -h 0 may be faster
.
Warning: using -h 0 may be faster
*
optimization finished, #iter = 2151
C = 205.51917287739636
obj = 85523.85452893491, rho = -14.027550871990785
nSV = 2937, nBSV = 2123
Total nSV = 2937
..
Warning: using -h 0 may be faster
*
optimization finished, #iter = 2092
C = 198.72647532085088
obj = 79818.99636768813, rho = -9.372175787233289
nSV = 2926, nBSV = 2114
Total nSV = 2926
.
Warning: using -h 0 may be faster
.
Warning: using -h 0 may be faster
*
optimization finished, #iter = 2200
C = 197.03530005825186
obj = 78398.8244829412, rho = -12.497501086649915
nSV = 2903, nBSV = 2111
Total nSV = 2903
.
Warning: using -h 0 may be faster
.
Warning: using -h 0 may be faster
*
optimization finished, #iter = 2522
C = 186.16923693374721
obj = 86574.92687810083, rho = 9.191386389200796
nSV = 3569, nBSV = 2721
Total nSV = 8416
.
Warning: using -h 0 may be faster
*
optimization finished, #iter = 1771
C = 318.1253754617662
obj = 125336.45068386376, rho = 5.615311283235202
nSV = 2111, nBSV = 1365
Total nSV = 2111
.
Warning: using -h 0 may be faster
*
optimization finished, #iter = 1746
C = 272.9163853632003
obj = 104374.11134333715, rho = 6.156099043242532
nSV = 2111, nBSV = 1405
Total nSV = 2111
.
Warning: using -h 0 may be faster
*
optimization finished, #iter = 1810
C = 298.06748587779447
obj = 116423.75097835908, rho = 4.879098393666525
nSV = 2121, nBSV = 1380
Total nSV = 2121
.
Warning: using -h 0 may be faster
*
optimization finished, #iter = 1858
C = 353.2301317177259
obj = 145008.72616305426, rho = 5.150414532864743
nSV = 2145, nBSV = 1361
Total nSV = 2145
.
Warning: using -h 0 may be faster
*
optimization finished, #iter = 1830
C = 336.1031848090637
obj = 133214.34149182896, rho = 10.238326969353018
nSV = 2116, nBSV = 1365
Total nSV = 2116
..*
optimization finished, #iter = 2121
C = 292.700567887858
obj = 134102.66888138663, rho = 6.69653460692287
nSV = 2602, nBSV = 1760
...
Warning: using -h 0 may be faster
*
optimization finished, #iter = 3814
C = 1140.7330379158002
obj = 875606.899411171, rho = 20.459359406041266
nSV = 3809, nBSV = 1803
Total nSV = 3809
...
Warning: using -h 0 may be faster
*
optimization finished, #iter = 3913
C = 1168.4790308157458
obj = 884678.8155562456, rho = 20.931507637336047
nSV = 3815, nBSV = 1784
Total nSV = 3815
....
Warning: using -h 0 may be faster
*
optimization finished, #iter = 4121
C = 1206.357340820997
obj = 937632.5101105345, rho = 35.21992321178758
nSV = 3844, nBSV = 1758
Total nSV = 3844
...
Warning: using -h 0 may be faster
*
optimization finished, #iter = 3943
C = 1134.13668418984
obj = 889290.7167522991, rho = 28.530459843007055
nSV = 3822, nBSV = 1782
Total nSV = 3822
....
Warning: using -h 0 may be faster
*
optimization finished, #iter = 4011
C = 1216.2699006037897
obj = 954782.3714102997, rho = 51.86391334305732
nSV = 3876, nBSV = 1761
Total nSV = 3876
.
Warning: using -h 0 may be faster
....
Warning: using -h 0 may be faster
*
optimization finished, #iter = 5190
C = 1220.1772167935987
obj = 1090949.277537163, rho = 27.247780243124375
nSV = 4693, nBSV = 2302
.
Warning: using -h 0 may be faster
*
optimization finished, #iter = 1725
C = 198.06562958722387
obj = 65994.68863513866, rho = -16.80843125814114
nSV = 2356, nBSV = 1694
Total nSV = 2356
.
Warning: using -h 0 may be faster
*
optimization finished, #iter = 1757
C = 213.85652796483888
obj = 74513.13952786321, rho = -12.488067895419519
nSV = 2353, nBSV = 1686
Total nSV = 2353
.
Warning: using -h 0 may be faster
*
optimization finished, #iter = 1645
C = 190.4810958594758
obj = 64513.716882006775, rho = -9.587471359195131
nSV = 2355, nBSV = 1700
Total nSV = 2355
.
Warning: using -h 0 may be faster
*
optimization finished, #iter = 1797
C = 229.43384657533136
obj = 83834.75553598742, rho = -10.640141386784885
nSV = 2380, nBSV = 1661
Total nSV = 2380
.
Warning: using -h 0 may be faster
*
optimization finished, #iter = 1849
C = 252.55481037200676
obj = 93673.72648486325, rho = -12.703778410877788
nSV = 2431, nBSV = 1640
Total nSV = 2431
..
Warning: using -h 0 may be faster
*
optimization finished, #iter = 2091
C = 199.49072835244587
obj = 80268.63050110929, rho = 9.328921520253957
nSV = 2901, nBSV = 2140
Total nSV = 6881
.
Warning: using -h 0 may be faster
*
optimization finished, #iter = 1786
C = 335.3567063449425
obj = 133752.72095354166, rho = 5.333958589116825
nSV = 2126, nBSV = 1345
Total nSV = 2126
.
Warning: using -h 0 may be faster
*
optimization finished, #iter = 1751
C = 286.37431547715903
obj = 108480.2222566258, rho = 1.219905965136332
nSV = 2098, nBSV = 1383
Total nSV = 2098
.
Warning: using -h 0 may be faster
*
optimization finished, #iter = 1725
C = 298.0755795171231
obj = 113696.2627903896, rho = 8.35895755795128
nSV = 2107, nBSV = 1410
Total nSV = 2107
.
Warning: using -h 0 may be faster
*
optimization finished, #iter = 1762
C = 323.2058895974708
obj = 125976.9056664687, rho = 1.9825231240159975
nSV = 2119, nBSV = 1361
Total nSV = 2119
.
Warning: using -h 0 may be faster
*
optimization finished, #iter = 1737
C = 282.6793448321217
obj = 105475.13961805878, rho = 12.436942472634923
nSV = 2115, nBSV = 1380
Total nSV = 2115
..*
optimization finished, #iter = 2127
C = 281.8219355397338
obj = 125103.09246753786, rho = 7.032756175039552
nSV = 2585, nBSV = 1762
....
Warning: using -h 0 may be faster
*
optimization finished, #iter = 4208
C = 1207.8495998312508
obj = 929362.3323263223, rho = 20.303140010547793
nSV = 3863, nBSV = 1775
Total nSV = 3863
....
Warning: using -h 0 may be faster
*
optimization finished, #iter = 4072
C = 1184.5644789804917
obj = 916749.204460325, rho = 9.28329438956996
nSV = 3823, nBSV = 1757
Total nSV = 3823
....
Warning: using -h 0 may be faster
*
optimization finished, #iter = 4163
C = 1130.357102490535
obj = 852015.819898545, rho = 5.059919800294216
nSV = 3822, nBSV = 1777
Total nSV = 3822
.
Warning: using -h 0 may be faster
...
Warning: using -h 0 may be faster
*
optimization finished, #iter = 4378
C = 1168.3018319309538
obj = 885363.867637741, rho = 18.559650938720864
nSV = 3846, nBSV = 1793
Total nSV = 3846
....
Warning: using -h 0 may be faster
*
optimization finished, #iter = 4071
C = 1147.4148955242458
obj = 866525.013015376, rho = 15.567587533856369
nSV = 3841, nBSV = 1801
Total nSV = 3841
.
Warning: using -h 0 may be faster
....
Warning: using -h 0 may be faster
*
optimization finished, #iter = 5083
C = 1201.9179113562532
obj = 1058694.7108550111, rho = 7.547402894771488
nSV = 4663, nBSV = 2305
.
Warning: using -h 0 may be faster
*
optimization finished, #iter = 1740
C = 203.22579854169342
obj = 67583.03781941273, rho = -13.150033230213339
nSV = 2372, nBSV = 1675
Total nSV = 2372
.
Warning: using -h 0 may be faster
*
optimization finished, #iter = 1788
C = 197.85442952435181
obj = 66676.31826818812, rho = -13.364905991770577
nSV = 2369, nBSV = 1680
Total nSV = 2369
.
Warning: using -h 0 may be faster
*
optimization finished, #iter = 1701
C = 202.66700747908655
obj = 69761.97856649898, rho = -14.814062620388347
nSV = 2353, nBSV = 1687
Total nSV = 2353
.
Warning: using -h 0 may be faster
*
optimization finished, #iter = 1772
C = 215.29507142082034
obj = 76439.87074262927, rho = -12.363352210208813
nSV = 2386, nBSV = 1673
Total nSV = 2386
.
Warning: using -h 0 may be faster
*
optimization finished, #iter = 1725
C = 214.27092155147417
obj = 73943.86849363711, rho = -15.125454958129016
nSV = 2379, nBSV = 1659
Total nSV = 2379
.
Warning: using -h 0 may be faster
*
optimization finished, #iter = 1974
C = 191.99558825612883
obj = 76094.31065747669, rho = 10.45610340723702
nSV = 2884, nBSV = 2145
Total nSV = 6830
....
Warning: using -h 0 may be faster
*
optimization finished, #iter = 4168
C = 1277.0875168168602
obj = 1000899.2237641622, rho = 28.02887999678825
nSV = 3875, nBSV = 1764
Total nSV = 3875
....
Warning: using -h 0 may be faster
*
optimization finished, #iter = 4083
C = 1252.1362908678145
obj = 1001450.5297242238, rho = 6.2948987467362105
nSV = 3844, nBSV = 1774
Total nSV = 3844
....
Warning: using -h 0 may be faster
*
optimization finished, #iter = 4149
C = 1320.4409542646667
obj = 1071010.7723241327, rho = 19.583460136359008
nSV = 3863, nBSV = 1751
Total nSV = 3863
....
Warning: using -h 0 may be faster
*
optimization finished, #iter = 4276
C = 1240.4391826112571
obj = 974833.0383869788, rho = 13.671872249325274
nSV = 3873, nBSV = 1772
Total nSV = 3873
....
Warning: using -h 0 may be faster
*
optimization finished, #iter = 4214
C = 1193.9509067475167
obj = 930789.009007849, rho = 33.304716944661834
nSV = 3821, nBSV = 1766
Total nSV = 3821
.
Warning: using -h 0 may be faster
....
Warning: using -h 0 may be faster
*
optimization finished, #iter = 5266
C = 1334.6546960990167
obj = 1247609.7200924808, rho = -85.05808450811972
nSV = 4728, nBSV = 2285
.
Warning: using -h 0 may be faster
*
optimization finished, #iter = 1796
C = 246.93459353871512
obj = 91168.08231640772, rho = -14.313304246549405
nSV = 2440, nBSV = 1644
Total nSV = 2440
.
Warning: using -h 0 may be faster
*
optimization finished, #iter = 1860
C = 255.0094297662192
obj = 96580.48907059568, rho = -14.987629640433006
nSV = 2427, nBSV = 1634
Total nSV = 2427
.
Warning: using -h 0 may be faster
*
optimization finished, #iter = 1831
C = 256.83620535394465
obj = 97770.55590252632, rho = -13.098248342736573
nSV = 2421, nBSV = 1651
Total nSV = 2421
.
Warning: using -h 0 may be faster
*
optimization finished, #iter = 1850
C = 223.60216966300973
obj = 78627.58426056181, rho = -8.41136114006815
nSV = 2417, nBSV = 1642
Total nSV = 2417
.
Warning: using -h 0 may be faster
*
optimization finished, #iter = 1881
C = 255.71416056999323
obj = 96094.47252060869, rho = -23.615126609147154
nSV = 2422, nBSV = 1627
Total nSV = 2422
..
Warning: using -h 0 may be faster
*
optimization finished, #iter = 2205
C = 228.86326038337606
obj = 96790.31815694844, rho = -15.357175328705274
nSV = 2979, nBSV = 2094
.
Warning: using -h 0 may be faster
*
optimization finished, #iter = 1832
C = 330.5917468421155
obj = 130554.91372617256, rho = -4.128117058562756
nSV = 2140, nBSV = 1363
Total nSV = 2140
.
Warning: using -h 0 may be faster
*
optimization finished, #iter = 1794
C = 301.7597667276218
obj = 118223.34118043495, rho = 2.0322041011242575
nSV = 2127, nBSV = 1362
Total nSV = 2127
.
Warning: using -h 0 may be faster
*
optimization finished, #iter = 1791
C = 266.2574233563788
obj = 101028.51501790114, rho = 2.277236298521565
nSV = 2115, nBSV = 1402
Total nSV = 2115
.
Warning: using -h 0 may be faster
*
optimization finished, #iter = 1817
C = 300.9321671974733
obj = 117689.21848348023, rho = 2.196393200288602
nSV = 2106, nBSV = 1380
Total nSV = 2106
.
Warning: using -h 0 may be faster
*
optimization finished, #iter = 1773
C = 322.64589687636754
obj = 127335.48106332835, rho = -4.664608253124149
nSV = 2117, nBSV = 1377
Total nSV = 2117
Line search fails in two-class probability estimates
..*
optimization finished, #iter = 2118
C = 280.32672577574675
obj = 126606.33040476186, rho = -0.16274342605016734
nSV = 2579, nBSV = 1781
Total nSV = 6959
.
Warning: using -h 0 may be faster
*
optimization finished, #iter = 1791
C = 344.2912023774731
obj = 137368.17645122015, rho = 4.173664438405707
nSV = 2136, nBSV = 1349
Total nSV = 2136
.
Warning: using -h 0 may be faster
*
optimization finished, #iter = 1761
C = 315.8444271014019
obj = 125295.48498570186, rho = -12.044248908943405
nSV = 2126, nBSV = 1374
Total nSV = 2126
.
Warning: using -h 0 may be faster
*
optimization finished, #iter = 1718
C = 304.7063532645143
obj = 117888.52273211737, rho = -2.6845658680547073
nSV = 2102, nBSV = 1384
Total nSV = 2102
.
Warning: using -h 0 may be faster
*
optimization finished, #iter = 1791
C = 348.3496065849251
obj = 138895.41687521615, rho = -13.581120411247102
nSV = 2125, nBSV = 1352
Total nSV = 2125
.
Warning: using -h 0 may be faster
*
optimization finished, #iter = 1895
C = 349.56430165430623
obj = 141598.69691814805, rho = -17.266910834310305
nSV = 2139, nBSV = 1336
Total nSV = 2139
..
Warning: using -h 0 may be faster
*
optimization finished, #iter = 2291
C = 310.9989896713156
obj = 143127.7347721434, rho = -12.710247887831988
nSV = 2607, nBSV = 1722
.
Warning: using -h 0 may be faster
*
optimization finished, #iter = 1764
C = 233.44106318753427
obj = 84515.9487456735, rho = -9.493544201992416
nSV = 2416, nBSV = 1626
Total nSV = 2416
.
Warning: using -h 0 may be faster
*
optimization finished, #iter = 1743
C = 196.15320434168163
obj = 66696.27791485889, rho = 7.056333378684251
nSV = 2352, nBSV = 1681
Total nSV = 2352
.
Warning: using -h 0 may be faster
*
optimization finished, #iter = 1691
C = 208.50270258787387
obj = 71252.85320063047, rho = 1.4990078729559084
nSV = 2365, nBSV = 1678
Total nSV = 2365
.
Warning: using -h 0 may be faster
*
optimization finished, #iter = 1676
C = 214.67493476005333
obj = 75517.55406221501, rho = 10.270628982522544
nSV = 2347, nBSV = 1665
Total nSV = 2347
.
Warning: using -h 0 may be faster
*
optimization finished, #iter = 1753
C = 230.35013533934827
obj = 82889.37392640435, rho = 6.115008976952428
nSV = 2387, nBSV = 1666
Total nSV = 2387
..
Warning: using -h 0 may be faster
*
optimization finished, #iter = 2111
C = 202.18012378479307
obj = 81856.76003613563, rho = 6.166414658671508
nSV = 2914, nBSV = 2129
...
Warning: using -h 0 may be faster
*.
Warning: using -h 0 may be faster
*
optimization finished, #iter = 3975
C = 1163.7326531061067
obj = 914637.8354073897, rho = -58.46498924105222
nSV = 3824, nBSV = 1767
Total nSV = 3824
....
Warning: using -h 0 may be faster
*
optimization finished, #iter = 4336
C = 1229.0980547208947
obj = 963951.0813781262, rho = 16.633181509945647
nSV = 3902, nBSV = 1729
Total nSV = 3902
.
Warning: using -h 0 may be faster
...
Warning: using -h 0 may be faster
*
optimization finished, #iter = 4177
C = 1203.8520181589035
obj = 922965.9600268586, rho = 9.402951596734978
nSV = 3825, nBSV = 1776
Total nSV = 3825
....
Warning: using -h 0 may be faster
*
optimization finished, #iter = 4166
C = 1142.6352676819577
obj = 872582.9460135688, rho = 35.91841086034295
nSV = 3832, nBSV = 1777
Total nSV = 3832
....
Warning: using -h 0 may be faster
*
optimization finished, #iter = 4085
C = 1206.4967936334726
obj = 937788.4061737506, rho = 1.417013942821991
nSV = 3852, nBSV = 1773
Total nSV = 3852
.
Warning: using -h 0 may be faster
...
Warning: using -h 0 may be faster
*
optimization finished, #iter = 4910
C = 1231.6045756543735
obj = 1126839.1707629773, rho = 16.1792398812681
nSV = 4647, nBSV = 2309
Total nSV = 6862
.
Warning: using -h 0 may be faster
*
optimization finished, #iter = 1726
C = 192.58397642492727
obj = 65575.378384884, rho = -8.021368454187497
nSV = 2371, nBSV = 1705
Total nSV = 2371
.
Warning: using -h 0 may be faster
*
optimization finished, #iter = 1562
C = 185.9821487417892
obj = 60113.65932394481, rho = -5.2533725267078095
nSV = 2329, nBSV = 1707
Total nSV = 2329
.
Warning: using -h 0 may be faster
*
optimization finished, #iter = 1722
C = 203.27292138725855
obj = 68617.8486647188, rho = -11.114888192963969
nSV = 2374, nBSV = 1668
Total nSV = 2374
.
Warning: using -h 0 may be faster
*
optimization finished, #iter = 1744
C = 193.7880286333279
obj = 65806.65889063549, rho = -4.46266151715647
nSV = 2357, nBSV = 1690
Total nSV = 2357
.
Warning: using -h 0 may be faster
*
optimization finished, #iter = 1692
C = 222.600723910744
obj = 79974.64599328868, rho = -8.555730220650975
nSV = 2380, nBSV = 1666
Total nSV = 2380
.
Warning: using -h 0 may be faster
*
optimization finished, #iter = 1965
C = 185.11419262341101
obj = 72778.83892365613, rho = 5.204082362868724
nSV = 2883, nBSV = 2176
.
Warning: using -h 0 may be faster
*
optimization finished, #iter = 1700
C = 306.87402414055026
obj = 116656.09033499002, rho = 2.6336042084433826
nSV = 2117, nBSV = 1388
Total nSV = 2117
.
Warning: using -h 0 may be faster
*
optimization finished, #iter = 1727
C = 298.2529649485655
obj = 116314.61490611949, rho = 2.685361005129393
nSV = 2116, nBSV = 1386
Total nSV = 2116
.
Warning: using -h 0 may be faster
*
optimization finished, #iter = 1740
C = 296.443459262225
obj = 114138.99370244969, rho = 1.8724959165631567
nSV = 2127, nBSV = 1384
Total nSV = 2127
.
Warning: using -h 0 may be faster
*
optimization finished, #iter = 1823
C = 341.91909214199745
obj = 134842.60177896562, rho = 1.6861271200840982
nSV = 2126, nBSV = 1358
Total nSV = 2126
.
Warning: using -h 0 may be faster
*
optimization finished, #iter = 1804
C = 310.9921700493596
obj = 123467.05211435391, rho = 0.5601908890485972
nSV = 2119, nBSV = 1364
Total nSV = 2119
..
Warning: using -h 0 may be faster
*
optimization finished, #iter = 2093
C = 291.58369837355133
obj = 133029.53926141173, rho = -8.866114089420861
nSV = 2573, nBSV = 1760
....
Warning: using -h 0 may be faster
*
optimization finished, #iter = 4138
C = 1221.2041091556093
obj = 936069.5976984024, rho = -56.527981485293125
nSV = 3860, nBSV = 1795
Total nSV = 3860
...
Warning: using -h 0 may be faster
*
optimization finished, #iter = 3948
C = 1168.1953191813893
obj = 886768.3686764021, rho = -5.362648083856703
nSV = 3800, nBSV = 1778
Total nSV = 3800
...
Warning: using -h 0 may be faster
*
optimization finished, #iter = 3949
C = 1179.684017847873
obj = 902025.8074664444, rho = 9.81678659002162
nSV = 3803, nBSV = 1785
Total nSV = 3803
....
Warning: using -h 0 may be faster
*
optimization finished, #iter = 4184
C = 1244.6420888156065
obj = 976079.4962199685, rho = -1.2923906375445056
nSV = 3837, nBSV = 1738
Total nSV = 3837
....
Warning: using -h 0 may be faster
*
optimization finished, #iter = 4061
C = 1202.8741514906026
obj = 914928.8341879915, rho = 0.9176106944580951
nSV = 3847, nBSV = 1777
Total nSV = 3847
.....
Warning: using -h 0 may be faster
*
optimization finished, #iter = 5120
C = 1290.1054133637176
obj = 1192757.6088336748, rho = -71.4923001294983
nSV = 4752, nBSV = 2231
Total nSV = 6878


=== Predictions under cross-validation ===

 inst#     actual  predicted error distribution
     1  2:neutral  2:neutral       0.149,*0.63,0.222 
     2  2:neutral  2:neutral       0.036,*0.851,0.113 
     3  2:neutral 3:positive   +   0.057,0.298,*0.645 
     4  2:neutral  2:neutral       0.091,*0.557,0.352 
     5  2:neutral  2:neutral       0.056,*0.658,0.287 
     6  2:neutral 1:negative   +   *0.576,0.374,0.05 
     7  2:neutral  2:neutral       0.029,*0.691,0.279 
     8  2:neutral  2:neutral       0.047,*0.848,0.106 
     9  2:neutral  2:neutral       0.091,*0.59,0.319 
    10  2:neutral 1:negative   +   *0.779,0.124,0.098 
    11  2:neutral 3:positive   +   0.017,0.207,*0.776 
    12  2:neutral  2:neutral       0.063,*0.703,0.234 
    13  2:neutral  2:neutral       0.036,*0.771,0.192 
    14  2:neutral  2:neutral       0.023,*0.677,0.3 
    15  2:neutral  2:neutral       0.292,*0.465,0.243 
    16  2:neutral  2:neutral       0.018,*0.658,0.324 
    17  2:neutral  2:neutral       0.31,*0.355,0.335 
    18  2:neutral  2:neutral       0.269,*0.383,0.349 
    19  2:neutral  2:neutral       0.156,*0.724,0.119 
    20  2:neutral  2:neutral       0.02,*0.944,0.036 
    21  2:neutral 1:negative   +   *0.662,0.126,0.213 
    22  2:neutral 3:positive   +   0.063,0.435,*0.502 
    23  2:neutral  2:neutral       0.07,*0.705,0.226 
    24  2:neutral  2:neutral       0.058,*0.649,0.293 
    25  2:neutral  2:neutral       0.068,*0.673,0.259 
    26  2:neutral  2:neutral       0.211,*0.396,0.393 
    27  2:neutral  2:neutral       0.02,*0.775,0.204 
    28  2:neutral 1:negative   +   *0.684,0.23,0.086 
    29  2:neutral  2:neutral       0.018,*0.598,0.384 
    30  2:neutral 3:positive   +   0.039,0.436,*0.525 
    31  2:neutral  2:neutral       0.251,*0.625,0.124 
    32  2:neutral 1:negative   +   *0.924,0.063,0.013 
    33  2:neutral  2:neutral       0.028,*0.81,0.161 
    34  2:neutral  2:neutral       0.064,*0.69,0.246 
    35  2:neutral  2:neutral       0.065,*0.848,0.087 
    36  2:neutral  2:neutral       0.018,*0.876,0.106 
    37  2:neutral  2:neutral       0.083,*0.763,0.154 
    38  2:neutral  2:neutral       0.122,*0.743,0.136 
    39  2:neutral  2:neutral       0.041,*0.79,0.169 
    40  2:neutral  2:neutral       0.027,*0.527,0.446 
    41  2:neutral  2:neutral       0.053,*0.675,0.272 
    42  2:neutral  2:neutral       0.025,*0.718,0.257 
    43  2:neutral 3:positive   +   0.159,0.241,*0.601 
    44  2:neutral  2:neutral       0.115,*0.512,0.373 
    45  2:neutral  2:neutral       0.043,*0.881,0.077 
    46  2:neutral  2:neutral       0.012,*0.813,0.175 
    47  2:neutral  2:neutral       0.033,*0.653,0.315 
    48  2:neutral 3:positive   +   0.063,0.205,*0.732 
    49  2:neutral  2:neutral       0.038,*0.826,0.136 
    50  2:neutral  2:neutral       0.037,*0.757,0.205 
    51  2:neutral  2:neutral       0.101,*0.847,0.052 
    52  2:neutral  2:neutral       0.316,*0.506,0.178 
    53  2:neutral  2:neutral       0.105,*0.463,0.432 
    54  2:neutral  2:neutral       0.102,*0.547,0.351 
    55  2:neutral  2:neutral       0.07,*0.521,0.409 
    56  2:neutral  2:neutral       0.059,*0.875,0.066 
    57  2:neutral  2:neutral       0.139,*0.583,0.278 
    58  2:neutral  2:neutral       0.068,*0.599,0.333 
    59  2:neutral 3:positive   +   0.104,0.43,*0.466 
    60  2:neutral  2:neutral       0.075,*0.514,0.411 
    61  2:neutral  2:neutral       0.326,*0.576,0.098 
    62  2:neutral  2:neutral       0.079,*0.597,0.323 
    63  2:neutral  2:neutral       0.021,*0.719,0.26 
    64  2:neutral  2:neutral       0.078,*0.703,0.219 
    65  2:neutral  2:neutral       0.229,*0.695,0.076 
    66  2:neutral 3:positive   +   0.056,0.242,*0.702 
    67  2:neutral  2:neutral       0.047,*0.626,0.327 
    68  2:neutral  2:neutral       0.199,*0.503,0.297 
    69  2:neutral 3:positive   +   0.042,0.287,*0.671 
    70  2:neutral  2:neutral       0.086,*0.478,0.436 
    71  2:neutral  2:neutral       0.123,*0.744,0.133 
    72  2:neutral 3:positive   +   0.047,0.192,*0.761 
    73  2:neutral 3:positive   +   0.202,0.357,*0.44 
    74  2:neutral 3:positive   +   0.105,0.372,*0.523 
    75  2:neutral  2:neutral       0.044,*0.73,0.227 
    76  2:neutral  2:neutral       0.065,*0.653,0.282 
    77  2:neutral  2:neutral       0.18,*0.544,0.276 
    78  2:neutral  2:neutral       0.098,*0.639,0.263 
    79  2:neutral  2:neutral       0.223,*0.682,0.096 
    80  2:neutral  2:neutral       0.059,*0.894,0.047 
    81  2:neutral 3:positive   +   0.268,0.212,*0.52 
    82  2:neutral  2:neutral       0.115,*0.829,0.056 
    83  2:neutral 3:positive   +   0.176,0.083,*0.741 
    84  2:neutral 3:positive   +   0.043,0.128,*0.83 
    85  2:neutral  2:neutral       0.296,*0.481,0.223 
    86  2:neutral  2:neutral       0.067,*0.814,0.119 
    87  2:neutral  2:neutral       0.021,*0.578,0.401 
    88  2:neutral  2:neutral       0.033,*0.562,0.405 
    89  2:neutral  2:neutral       0.385,*0.414,0.201 
    90  2:neutral  2:neutral       0.046,*0.854,0.1 
    91  2:neutral  2:neutral       0.057,*0.708,0.235 
    92  2:neutral  2:neutral       0.151,*0.624,0.225 
    93  2:neutral  2:neutral       0.076,*0.658,0.266 
    94  2:neutral 3:positive   +   0.056,0.42,*0.524 
    95  2:neutral  2:neutral       0.052,*0.543,0.405 
    96  2:neutral  2:neutral       0.134,*0.762,0.104 
    97  2:neutral  2:neutral       0.049,*0.78,0.171 
    98  2:neutral 3:positive   +   0.06,0.257,*0.684 
    99  2:neutral  2:neutral       0.066,*0.777,0.157 
   100  2:neutral  2:neutral       0.114,*0.688,0.198 
   101  2:neutral  2:neutral       0.266,*0.606,0.128 
   102  2:neutral 3:positive   +   0.08,0.271,*0.649 
   103  2:neutral  2:neutral       0.045,*0.708,0.247 
   104  2:neutral  2:neutral       0.211,*0.439,0.35 
   105  2:neutral  2:neutral       0.075,*0.671,0.254 
   106  2:neutral 3:positive   +   0.228,0.267,*0.504 
   107  2:neutral  2:neutral       0.082,*0.671,0.247 
   108  2:neutral  2:neutral       0.062,*0.863,0.075 
   109  2:neutral  2:neutral       0.017,*0.804,0.178 
   110  2:neutral  2:neutral       0.051,*0.855,0.094 
   111  2:neutral  2:neutral       0.097,*0.595,0.308 
   112  2:neutral  2:neutral       0.012,*0.828,0.16 
   113  2:neutral  2:neutral       0.045,*0.513,0.441 
   114  2:neutral 3:positive   +   0.067,0.293,*0.64 
   115  2:neutral  2:neutral       0.044,*0.654,0.303 
   116  2:neutral  2:neutral       0.191,*0.618,0.191 
   117  2:neutral  2:neutral       0.025,*0.931,0.045 
   118  2:neutral  2:neutral       0.074,*0.652,0.274 
   119  2:neutral  2:neutral       0.038,*0.685,0.277 
   120  2:neutral 3:positive   +   0.046,0.219,*0.734 
   121  2:neutral  2:neutral       0.079,*0.635,0.286 
   122  2:neutral 3:positive   +   0.17,0.226,*0.604 
   123  2:neutral  2:neutral       0.073,*0.852,0.075 
   124  2:neutral  2:neutral       0.132,*0.686,0.182 
   125  2:neutral 1:negative   +   *0.494,0.394,0.112 
   126  2:neutral 3:positive   +   0.051,0.438,*0.511 
   127  2:neutral  2:neutral       0.026,*0.863,0.11 
   128  2:neutral  2:neutral       0.034,*0.488,0.478 
   129  2:neutral  2:neutral       0.139,*0.653,0.208 
   130  2:neutral  2:neutral       0.025,*0.686,0.289 
   131  2:neutral  2:neutral       0.284,*0.429,0.286 
   132  2:neutral  2:neutral       0.061,*0.713,0.226 
   133  2:neutral  2:neutral       0.048,*0.863,0.089 
   134  2:neutral  2:neutral       0.065,*0.756,0.179 
   135  2:neutral  2:neutral       0.03,*0.633,0.337 
   136  2:neutral  2:neutral       0.012,*0.731,0.257 
   137  2:neutral  2:neutral       0.084,*0.663,0.253 
   138  2:neutral 3:positive   +   0.033,0.39,*0.577 
   139  2:neutral  2:neutral       0.229,*0.519,0.252 
   140  2:neutral  2:neutral       0.299,*0.464,0.238 
   141  2:neutral  2:neutral       0.043,*0.688,0.269 
   142  2:neutral  2:neutral       0.132,*0.688,0.18 
   143  2:neutral  2:neutral       0.34,*0.355,0.305 
   144  2:neutral  2:neutral       0.148,*0.757,0.095 
   145  2:neutral  2:neutral       0.258,*0.401,0.341 
   146  2:neutral  2:neutral       0.132,*0.749,0.119 
   147  2:neutral  2:neutral       0.036,*0.743,0.22 
   148  2:neutral  2:neutral       0.072,*0.711,0.217 
   149  2:neutral 3:positive   +   0.131,0.355,*0.514 
   150  2:neutral  2:neutral       0.055,*0.81,0.134 
   151  2:neutral  2:neutral       0.07,*0.814,0.117 
   152  2:neutral  2:neutral       0.025,*0.922,0.052 
   153  2:neutral  2:neutral       0.025,*0.85,0.125 
   154  2:neutral  2:neutral       0.112,*0.718,0.17 
   155  2:neutral 3:positive   +   0.098,0.278,*0.624 
   156  2:neutral 3:positive   +   0.051,0.332,*0.617 
   157  2:neutral  2:neutral       0.026,*0.643,0.331 
   158  2:neutral  2:neutral       0.037,*0.804,0.159 
   159  2:neutral  2:neutral       0.13,*0.812,0.058 
   160  2:neutral  2:neutral       0.023,*0.842,0.135 
   161  2:neutral  2:neutral       0.127,*0.653,0.22 
   162  2:neutral  2:neutral       0.02,*0.851,0.129 
   163  2:neutral  2:neutral       0.028,*0.685,0.288 
   164  2:neutral  2:neutral       0.132,*0.647,0.22 
   165  2:neutral  2:neutral       0.065,*0.786,0.15 
   166  2:neutral  2:neutral       0.068,*0.724,0.208 
   167  2:neutral 3:positive   +   0.035,0.465,*0.499 
   168  2:neutral  2:neutral       0.049,*0.751,0.2 
   169  2:neutral  2:neutral       0.068,*0.648,0.285 
   170  2:neutral  2:neutral       0.063,*0.878,0.059 
   171  2:neutral  2:neutral       0.058,*0.563,0.379 
   172  2:neutral  2:neutral       0.297,*0.426,0.277 
   173  2:neutral 1:negative   +   *0.801,0.153,0.046 
   174  2:neutral  2:neutral       0.082,*0.513,0.405 
   175  2:neutral  2:neutral       0.046,*0.736,0.219 
   176  2:neutral  2:neutral       0.087,*0.694,0.219 
   177  2:neutral  2:neutral       0.064,*0.853,0.083 
   178  2:neutral  2:neutral       0.125,*0.66,0.215 
   179  2:neutral  2:neutral       0.073,*0.654,0.274 
   180  2:neutral  2:neutral       0.056,*0.726,0.219 
   181  2:neutral  2:neutral       0.054,*0.844,0.102 
   182  2:neutral  2:neutral       0.124,*0.568,0.308 
   183  2:neutral  2:neutral       0.096,*0.743,0.161 
   184  2:neutral 3:positive   +   0.068,0.334,*0.598 
   185  2:neutral  2:neutral       0.052,*0.586,0.361 
   186  2:neutral  2:neutral       0.016,*0.874,0.111 
   187  2:neutral  2:neutral       0.063,*0.609,0.328 
   188  2:neutral 3:positive   +   0.075,0.375,*0.55 
   189  2:neutral  2:neutral       0.282,*0.579,0.139 
   190  2:neutral  2:neutral       0.151,*0.742,0.107 
   191  2:neutral  2:neutral       0.081,*0.794,0.125 
   192  2:neutral  2:neutral       0.047,*0.782,0.171 
   193  2:neutral  2:neutral       0.02,*0.548,0.432 
   194  2:neutral  2:neutral       0.075,*0.738,0.187 
   195  2:neutral 3:positive   +   0.05,0.441,*0.509 
   196  2:neutral  2:neutral       0.237,*0.576,0.187 
   197  2:neutral  2:neutral       0.061,*0.61,0.33 
   198  2:neutral  2:neutral       0.363,*0.452,0.184 
   199  2:neutral 3:positive   +   0.077,0.29,*0.633 
   200  2:neutral  2:neutral       0.046,*0.669,0.286 
   201  2:neutral  2:neutral       0.036,*0.773,0.19 
   202  2:neutral  2:neutral       0.149,*0.623,0.228 
   203  2:neutral 3:positive   +   0.024,0.409,*0.567 
   204  2:neutral  2:neutral       0.024,*0.918,0.058 
   205  2:neutral  2:neutral       0.017,*0.679,0.304 
   206  2:neutral  2:neutral       0.136,*0.608,0.256 
   207  2:neutral 3:positive   +   0.027,0.448,*0.525 
   208  2:neutral  2:neutral       0.032,*0.874,0.094 
   209  2:neutral  2:neutral       0.031,*0.881,0.088 
   210  2:neutral 1:negative   +   *0.416,0.237,0.347 
   211  2:neutral  2:neutral       0.054,*0.73,0.216 
   212  2:neutral  2:neutral       0.033,*0.823,0.145 
   213  2:neutral  2:neutral       0.093,*0.572,0.335 
   214  2:neutral  2:neutral       0.062,*0.691,0.247 
   215  2:neutral  2:neutral       0.262,*0.601,0.137 
   216  2:neutral  2:neutral       0.074,*0.56,0.366 
   217  2:neutral  2:neutral       0.043,*0.847,0.11 
   218  2:neutral  2:neutral       0.203,*0.463,0.334 
   219  2:neutral  2:neutral       0.121,*0.471,0.408 
   220  2:neutral  2:neutral       0.08,*0.7,0.22 
   221  2:neutral 1:negative   +   *0.657,0.192,0.151 
   222  2:neutral 3:positive   +   0.119,0.365,*0.516 
   223  2:neutral  2:neutral       0.03,*0.636,0.334 
   224  2:neutral  2:neutral       0.125,*0.776,0.1 
   225  2:neutral  2:neutral       0.023,*0.868,0.108 
   226  2:neutral  2:neutral       0.057,*0.75,0.193 
   227  2:neutral  2:neutral       0.039,*0.81,0.151 
   228  2:neutral 3:positive   +   0.048,0.273,*0.679 
   229  2:neutral  2:neutral       0.015,*0.658,0.327 
   230  2:neutral 1:negative   +   *0.41,0.278,0.312 
   231  2:neutral  2:neutral       0.066,*0.833,0.101 
   232  2:neutral  2:neutral       0.385,*0.451,0.164 
   233  2:neutral  2:neutral       0.183,*0.498,0.319 
   234  2:neutral  2:neutral       0.054,*0.599,0.347 
   235  2:neutral  2:neutral       0.415,*0.485,0.1 
   236  2:neutral 3:positive   +   0.084,0.38,*0.536 
   237  2:neutral  2:neutral       0.049,*0.588,0.363 
   238  2:neutral  2:neutral       0.417,*0.492,0.091 
   239  2:neutral  2:neutral       0.175,*0.555,0.27 
   240  2:neutral  2:neutral       0.156,*0.652,0.192 
   241  2:neutral 1:negative   +   *0.453,0.28,0.268 
   242  2:neutral  2:neutral       0.044,*0.568,0.388 
   243  2:neutral 3:positive   +   0.027,0.335,*0.639 
   244  2:neutral  2:neutral       0.032,*0.864,0.104 
   245  2:neutral  2:neutral       0.134,*0.726,0.14 
   246  2:neutral 3:positive   +   0.012,0.322,*0.666 
   247  2:neutral  2:neutral       0.015,*0.964,0.021 
   248  2:neutral  2:neutral       0.052,*0.676,0.272 
   249  2:neutral  2:neutral       0.137,*0.511,0.352 
   250  2:neutral  2:neutral       0.034,*0.778,0.188 
   251  2:neutral 3:positive   +   0.066,0.467,*0.467 
   252  2:neutral 3:positive   +   0.03,0.37,*0.6 
   253  2:neutral  2:neutral       0.122,*0.534,0.344 
   254  2:neutral  2:neutral       0.12,*0.769,0.111 
   255  2:neutral  2:neutral       0.09,*0.773,0.136 
   256  2:neutral  2:neutral       0.073,*0.584,0.343 
   257  2:neutral  2:neutral       0.082,*0.671,0.247 
   258  2:neutral  2:neutral       0.089,*0.853,0.058 
   259  2:neutral  2:neutral       0.145,*0.538,0.317 
   260  2:neutral  2:neutral       0.261,*0.648,0.09 
   261  2:neutral 3:positive   +   0.041,0.337,*0.623 
   262  2:neutral  2:neutral       0.047,*0.786,0.167 
   263  2:neutral  2:neutral       0.066,*0.611,0.323 
   264  2:neutral  2:neutral       0.044,*0.866,0.09 
   265  2:neutral  2:neutral       0.101,*0.644,0.254 
   266  2:neutral  2:neutral       0.032,*0.826,0.142 
   267  2:neutral 3:positive   +   0.09,0.287,*0.623 
   268  2:neutral  2:neutral       0.265,*0.62,0.115 
   269  2:neutral 3:positive   +   0.222,0.376,*0.402 
   270  2:neutral 3:positive   +   0.047,0.407,*0.545 
   271  2:neutral  2:neutral       0.197,*0.424,0.379 
   272  2:neutral  2:neutral       0.086,*0.508,0.405 
   273  2:neutral  2:neutral       0.11,*0.731,0.159 
   274  2:neutral  2:neutral       0.054,*0.654,0.292 
   275  2:neutral 1:negative   +   *0.681,0.088,0.231 
   276  2:neutral  2:neutral       0.022,*0.849,0.129 
   277  2:neutral  2:neutral       0.015,*0.529,0.455 
   278  2:neutral 3:positive   +   0.043,0.476,*0.481 
   279  2:neutral 1:negative   +   *0.591,0.209,0.2 
   280  2:neutral  2:neutral       0.024,*0.537,0.439 
   281  2:neutral  2:neutral       0.056,*0.662,0.282 
   282  2:neutral  2:neutral       0.035,*0.907,0.058 
   283  2:neutral 1:negative   +   *0.366,0.281,0.353 
   284  2:neutral 3:positive   +   0.061,0.354,*0.585 
   285  2:neutral  2:neutral       0.019,*0.906,0.075 
   286  2:neutral  2:neutral       0.047,*0.551,0.402 
   287  2:neutral  2:neutral       0.043,*0.811,0.146 
   288  2:neutral  2:neutral       0.081,*0.737,0.181 
   289  2:neutral  2:neutral       0.074,*0.612,0.314 
   290  2:neutral  2:neutral       0.009,*0.577,0.414 
   291  2:neutral  2:neutral       0.122,*0.666,0.211 
   292  2:neutral 1:negative   +   *0.689,0.17,0.141 
   293  2:neutral 3:positive   +   0.026,0.41,*0.564 
   294  2:neutral 3:positive   +   0.062,0.455,*0.483 
   295  2:neutral  2:neutral       0.288,*0.682,0.03 
   296  2:neutral  2:neutral       0.061,*0.713,0.226 
   297  2:neutral 3:positive   +   0.105,0.364,*0.531 
   298  2:neutral  2:neutral       0.062,*0.639,0.299 
   299  2:neutral  2:neutral       0.106,*0.671,0.222 
   300  2:neutral  2:neutral       0.054,*0.88,0.066 
   301  2:neutral  2:neutral       0.031,*0.721,0.248 
   302  2:neutral  2:neutral       0.092,*0.788,0.12 
   303  2:neutral 3:positive   +   0.099,0.185,*0.716 
   304  2:neutral  2:neutral       0.141,*0.514,0.345 
   305  2:neutral  2:neutral       0.019,*0.877,0.105 
   306  2:neutral  2:neutral       0.028,*0.532,0.44 
   307  2:neutral  2:neutral       0.225,*0.665,0.11 
   308  2:neutral  2:neutral       0.072,*0.891,0.038 
   309  2:neutral 3:positive   +   0.064,0.14,*0.796 
   310  2:neutral  2:neutral       0.08,*0.896,0.024 
   311  2:neutral  2:neutral       0.138,*0.593,0.27 
   312  2:neutral  2:neutral       0.127,*0.734,0.139 
   313  2:neutral  2:neutral       0.101,*0.598,0.301 
   314  2:neutral  2:neutral       0.047,*0.717,0.237 
   315  2:neutral  2:neutral       0.028,*0.621,0.351 
   316  2:neutral 3:positive   +   0.043,0.472,*0.485 
   317  2:neutral  2:neutral       0.055,*0.819,0.126 
   318  2:neutral  2:neutral       0.065,*0.825,0.11 
   319  2:neutral  2:neutral       0.099,*0.49,0.411 
   320  2:neutral  2:neutral       0.066,*0.741,0.193 
   321  2:neutral  2:neutral       0.075,*0.802,0.122 
   322  2:neutral  2:neutral       0.046,*0.815,0.139 
   323  2:neutral  2:neutral       0.068,*0.687,0.245 
   324  2:neutral  2:neutral       0.069,*0.778,0.153 
   325  2:neutral  2:neutral       0.044,*0.798,0.158 
   326  2:neutral  2:neutral       0.055,*0.684,0.261 
   327  2:neutral 1:negative   +   *0.887,0.042,0.071 
   328  2:neutral  2:neutral       0.466,*0.485,0.048 
   329  2:neutral  2:neutral       0.178,*0.61,0.211 
   330  2:neutral  2:neutral       0.042,*0.868,0.09 
   331  2:neutral  2:neutral       0.067,*0.619,0.313 
   332  2:neutral  2:neutral       0.068,*0.765,0.166 
   333  2:neutral  2:neutral       0.022,*0.879,0.099 
   334  2:neutral 1:negative   +   *0.544,0.226,0.23 
   335  2:neutral 3:positive   +   0.016,0.364,*0.62 
   336  2:neutral  2:neutral       0.074,*0.615,0.311 
   337  2:neutral  2:neutral       0.11,*0.624,0.266 
   338  2:neutral 3:positive   +   0.163,0.367,*0.47 
   339  2:neutral  2:neutral       0.048,*0.8,0.152 
   340  2:neutral  2:neutral       0.328,*0.454,0.218 
   341  2:neutral  2:neutral       0.064,*0.626,0.31 
   342  2:neutral 3:positive   +   0.1,0.135,*0.765 
   343  2:neutral  2:neutral       0.076,*0.691,0.233 
   344  2:neutral  2:neutral       0.024,*0.768,0.208 
   345  2:neutral  2:neutral       0.009,*0.823,0.167 
   346  2:neutral  2:neutral       0.088,*0.573,0.339 
   347  2:neutral  2:neutral       0.082,*0.671,0.247 
   348  2:neutral 1:negative   +   *0.482,0.27,0.248 
   349  2:neutral  2:neutral       0.113,*0.641,0.246 
