Zero Weights processed. Default weights will be used
..
Warning: using -h 0 may be faster
*
optimization finished, #iter = 2109
C = 1653.0230662140675
obj = 857881.9272013494, rho = -29.480806722265665
nSV = 2232, nBSV = 683
Total nSV = 2232
..
Warning: using -h 0 may be faster
*
optimization finished, #iter = 2141
C = 1588.6882284542278
obj = 840285.6388289243, rho = -37.64045921483517
nSV = 2235, nBSV = 688
Total nSV = 2235
..
Warning: using -h 0 may be faster
*
optimization finished, #iter = 2082
C = 1565.9454626007014
obj = 832621.6602217583, rho = -22.404976636855093
nSV = 2238, nBSV = 665
Total nSV = 2238
..
Warning: using -h 0 may be faster
*
optimization finished, #iter = 2098
C = 1573.4001119623904
obj = 800833.1314201291, rho = -28.345700575630783
nSV = 2238, nBSV = 698
Total nSV = 2238
..
Warning: using -h 0 may be faster
*
optimization finished, #iter = 2127
C = 1654.8410920260906
obj = 880616.0197354509, rho = -22.220531904145513
nSV = 2227, nBSV = 674
Total nSV = 2227
..
Warning: using -h 0 may be faster
*
optimization finished, #iter = 2618
C = 1675.8747400067716
obj = 1063038.8705218988, rho = -29.45635121072742
nSV = 2709, nBSV = 900
...
Warning: using -h 0 may be faster
*
optimization finished, #iter = 3334
C = 3511.4605262665664
obj = 3323645.0156144146, rho = -203.98159581201386
nSV = 3746, nBSV = 959
Total nSV = 3746
...
Warning: using -h 0 may be faster
*
optimization finished, #iter = 3176
C = 3488.887463236873
obj = 3363206.375435638, rho = -216.94749092853357
nSV = 3673, nBSV = 1008
Total nSV = 3673
...
Warning: using -h 0 may be faster
*
optimization finished, #iter = 3203
C = 3523.869498441461
obj = 3450799.132362248, rho = -210.07175044519633
nSV = 3668, nBSV = 986
Total nSV = 3668
...
Warning: using -h 0 may be faster
*
optimization finished, #iter = 3248
C = 3526.241822500575
obj = 3322462.4107093117, rho = -197.61028658276467
nSV = 3720, nBSV = 999
Total nSV = 3720
...
Warning: using -h 0 may be faster
*
optimization finished, #iter = 3356
C = 3632.178855889296
obj = 3584610.54269044, rho = -236.06098286316515
nSV = 3748, nBSV = 966
Total nSV = 3748
...
Warning: using -h 0 may be faster
*
optimization finished, #iter = 3994
C = 3636.2668870137036
obj = 4159025.864655955, rho = 17.274801688871932
nSV = 4457, nBSV = 1327
..
Warning: using -h 0 may be faster
*
optimization finished, #iter = 2387
C = 1888.0958440883633
obj = 1190699.7707072154, rho = -77.34291785098489
nSV = 2638, nBSV = 780
Total nSV = 2638
..
Warning: using -h 0 may be faster
*
optimization finished, #iter = 2380
C = 1918.945333484121
obj = 1201270.3951330055, rho = -92.42781776039685
nSV = 2630, nBSV = 755
Total nSV = 2630
..
Warning: using -h 0 may be faster
*
optimization finished, #iter = 2242
C = 1808.5876408654683
obj = 1115301.8745189586, rho = -85.5490853862805
nSV = 2611, nBSV = 793
Total nSV = 2611
..
Warning: using -h 0 may be faster
*
optimization finished, #iter = 2222
C = 1807.234484364308
obj = 1121884.3568415663, rho = -98.26237821148855
nSV = 2566, nBSV = 797
Total nSV = 2566
..
Warning: using -h 0 may be faster
*
optimization finished, #iter = 2216
C = 1875.10904398145
obj = 1183000.918507377, rho = -109.63622853138698
nSV = 2581, nBSV = 769
Total nSV = 2581
..
Warning: using -h 0 may be faster
*
optimization finished, #iter = 2677
C = 1997.0775202331204
obj = 1532866.7062603822, rho = 11.559595031217649
nSV = 3091, nBSV = 1060
Total nSV = 7161
.
Warning: using -h 0 may be faster
*
optimization finished, #iter = 1691
C = 1512.9527915110166
obj = 656608.2958191317, rho = -9.525691825918537
nSV = 1830, nBSV = 508
Total nSV = 1830
.
Warning: using -h 0 may be faster
*
optimization finished, #iter = 1699
C = 1516.8228021360776
obj = 648393.0935278501, rho = -33.547021096009985
nSV = 1842, nBSV = 501
Total nSV = 1842
.
Warning: using -h 0 may be faster
*
optimization finished, #iter = 1744
C = 1465.4211409430634
obj = 614309.7365769643, rho = -43.69245229935687
nSV = 1843, nBSV = 513
Total nSV = 1843
.
Warning: using -h 0 may be faster
*
optimization finished, #iter = 1699
C = 1533.892647976968
obj = 654436.5332599459, rho = -30.367592266306943
nSV = 1835, nBSV = 507
Total nSV = 1835
.
Warning: using -h 0 may be faster
*
optimization finished, #iter = 1680
C = 1514.828652321704
obj = 646740.4036038022, rho = -34.212936049821714
nSV = 1835, nBSV = 507
Total nSV = 1835
..
Warning: using -h 0 may be faster
*
optimization finished, #iter = 2114
C = 1561.8268927503875
obj = 799440.9559681668, rho = -18.633183796094663
nSV = 2215, nBSV = 664
..
Warning: using -h 0 may be faster
*
optimization finished, #iter = 2710
C = 3182.7171690728146
obj = 2534602.6247003474, rho = 19.46341259218938
nSV = 3067, nBSV = 718
Total nSV = 3067
..
Warning: using -h 0 may be faster
*
optimization finished, #iter = 2788
C = 3245.9021044041265
obj = 2548399.5451412215, rho = 14.200629549730966
nSV = 3130, nBSV = 695
Total nSV = 3130
..
Warning: using -h 0 may be faster
*
optimization finished, #iter = 2666
C = 3241.533169319351
obj = 2587379.9825479276, rho = 14.05710534610663
nSV = 3102, nBSV = 711
Total nSV = 3102
..
Warning: using -h 0 may be faster
*
optimization finished, #iter = 2696
C = 3261.35199300105
obj = 2599152.408260908, rho = 20.888038836960888
nSV = 3062, nBSV = 716
Total nSV = 3062
..
Warning: using -h 0 may be faster
*
optimization finished, #iter = 2693
C = 3141.266490532352
obj = 2489124.554536913, rho = 0.1852553196256513
nSV = 3079, nBSV = 714
Total nSV = 3079
...
Warning: using -h 0 may be faster
*
optimization finished, #iter = 3227
C = 3341.6919024441886
obj = 3115574.981137007, rho = 12.211252198540944
nSV = 3729, nBSV = 1001
.
Warning: using -h 0 may be faster
*
optimization finished, #iter = 1801
C = 1668.079156894547
obj = 829223.0824981709, rho = 32.75606005249966
nSV = 2087, nBSV = 613
Total nSV = 2087
.
Warning: using -h 0 may be faster
*
optimization finished, #iter = 1833
C = 1610.65105455043
obj = 827176.8572098955, rho = -56.12630820986189
nSV = 2150, nBSV = 592
Total nSV = 2150
..
Warning: using -h 0 may be faster
*
optimization finished, #iter = 2022
C = 1753.1524228492274
obj = 892294.4625019929, rho = -78.09323205142407
nSV = 2180, nBSV = 538
Total nSV = 2180
.
Warning: using -h 0 may be faster
*
optimization finished, #iter = 1867
C = 1675.4887365754212
obj = 858206.728062459, rho = -70.67430981637881
nSV = 2162, nBSV = 571
Total nSV = 2162
.
Warning: using -h 0 may be faster
*
optimization finished, #iter = 1893
C = 1839.8527796133321
obj = 984335.2045582995, rho = -87.19121819419891
nSV = 2201, nBSV = 559
Total nSV = 2201
..
Warning: using -h 0 may be faster
*
optimization finished, #iter = 2399
C = 1773.8352265814472
obj = 1073367.8306173666, rho = 8.385725364317006
nSV = 2612, nBSV = 779
Total nSV = 5924
.
Warning: using -h 0 may be faster
*
optimization finished, #iter = 1657
C = 1556.944025646719
obj = 681058.2575918578, rho = -26.611008029302837
nSV = 1832, nBSV = 532
Total nSV = 1832
.
Warning: using -h 0 may be faster
*
optimization finished, #iter = 1649
C = 1605.8770735146636
obj = 716013.3152677539, rho = -29.45282507541781
nSV = 1803, nBSV = 528
Total nSV = 1803
.
Warning: using -h 0 may be faster
*
optimization finished, #iter = 1664
C = 1585.9581455419304
obj = 695457.2975505322, rho = -17.222723732884294
nSV = 1803, nBSV = 528
Total nSV = 1803
.
Warning: using -h 0 may be faster
*
optimization finished, #iter = 1735
C = 1554.9118996897823
obj = 668011.0923506399, rho = -19.199717873379658
nSV = 1809, nBSV = 536
Total nSV = 1809
.
Warning: using -h 0 may be faster
*
optimization finished, #iter = 1752
C = 1608.5280619049422
obj = 698749.9234759801, rho = -0.8538744891499317
nSV = 1853, nBSV = 524
Total nSV = 1853
.
Warning: using -h 0 may be faster
*
optimization finished, #iter = 1992
C = 1597.3150213422298
obj = 829201.9350227959, rho = -27.493368081729518
nSV = 2200, nBSV = 718
..
Warning: using -h 0 may be faster
*
optimization finished, #iter = 2783
C = 3154.305861170509
obj = 2412759.313574015, rho = 37.14870846087603
nSV = 3083, nBSV = 702
Total nSV = 3083
..
Warning: using -h 0 may be faster
*
optimization finished, #iter = 2717
C = 3165.055852529947
obj = 2487052.4193549086, rho = -181.5327440878118
nSV = 3073, nBSV = 728
Total nSV = 3073
..
Warning: using -h 0 may be faster
*
optimization finished, #iter = 2736
C = 3215.8601074875155
obj = 2513075.801241198, rho = -128.69367442768274
nSV = 3078, nBSV = 723
Total nSV = 3078
..
Warning: using -h 0 may be faster
*
optimization finished, #iter = 2715
C = 3152.886154931391
obj = 2416838.682842274, rho = -133.98780901057822
nSV = 3088, nBSV = 721
Total nSV = 3088
..
Warning: using -h 0 may be faster
*
optimization finished, #iter = 2765
C = 3298.7566598263197
obj = 2595024.22317895, rho = -140.41666029180575
nSV = 3111, nBSV = 709
Total nSV = 3111
...
Warning: using -h 0 may be faster
*
optimization finished, #iter = 3162
C = 3431.156710791589
obj = 3212048.4785277527, rho = 2.2024966959439602
nSV = 3679, nBSV = 986
.
Warning: using -h 0 may be faster
*
optimization finished, #iter = 1957
C = 1710.2346225336755
obj = 877627.6577346694, rho = -72.23465183161345
nSV = 2153, nBSV = 566
Total nSV = 2153
.
Warning: using -h 0 may be faster
*
optimization finished, #iter = 1840
C = 1767.6310240938228
obj = 892363.1523505291, rho = 23.20332307893417
nSV = 2136, nBSV = 581
Total nSV = 2136
.
Warning: using -h 0 may be faster
*
optimization finished, #iter = 1755
C = 1574.0185458351668
obj = 778991.7178353344, rho = 12.03137891640494
nSV = 2075, nBSV = 608
Total nSV = 2075
.
Warning: using -h 0 may be faster
*
optimization finished, #iter = 1793
C = 1820.473863548498
obj = 934482.837096676, rho = 25.173727653283986
nSV = 2126, nBSV = 595
Total nSV = 2126
.
Warning: using -h 0 may be faster
*
optimization finished, #iter = 1745
C = 1664.2439925613269
obj = 833926.4938669049, rho = 9.381736100564646
nSV = 2126, nBSV = 588
Total nSV = 2126
..
Warning: using -h 0 may be faster
*
optimization finished, #iter = 2260
C = 1829.8122255733108
obj = 1109691.1532417624, rho = 12.96557689114448
nSV = 2572, nBSV = 788
Total nSV = 5876
..
Warning: using -h 0 may be faster
*
optimization finished, #iter = 2798
C = 3294.2348677322793
obj = 2560168.0365602723, rho = -183.74197484938435
nSV = 3134, nBSV = 692
Total nSV = 3134
..
Warning: using -h 0 may be faster
*
optimization finished, #iter = 2701
C = 3346.287516796529
obj = 2675207.416087289, rho = -164.62867098961723
nSV = 3080, nBSV = 724
Total nSV = 3080
..
Warning: using -h 0 may be faster
*
optimization finished, #iter = 2771
C = 3292.7549542885567
obj = 2562101.1998069775, rho = -192.2801680659861
nSV = 3097, nBSV = 701
Total nSV = 3097
..
Warning: using -h 0 may be faster
*
optimization finished, #iter = 2796
C = 3292.402694862722
obj = 2574182.324534497, rho = -158.768806614477
nSV = 3111, nBSV = 733
Total nSV = 3111
..
Warning: using -h 0 may be faster
*
optimization finished, #iter = 2691
C = 3193.270731655623
obj = 2469118.331743149, rho = -170.2586225989004
nSV = 3073, nBSV = 729
Total nSV = 3073
...
Warning: using -h 0 may be faster
*
optimization finished, #iter = 3439
C = 3625.849780128608
obj = 3476643.0613261843, rho = -194.54850331597447
nSV = 3773, nBSV = 938
.
Warning: using -h 0 may be faster
*
optimization finished, #iter = 1879
C = 1839.017137883316
obj = 942219.3674578951, rho = 16.353165640169973
nSV = 2135, nBSV = 570
Total nSV = 2135
.
Warning: using -h 0 may be faster
*
optimization finished, #iter = 1844
C = 1785.800685982748
obj = 911017.4206274261, rho = 11.20028441243162
nSV = 2126, nBSV = 619
Total nSV = 2126
.
Warning: using -h 0 may be faster
*
optimization finished, #iter = 1959
C = 1825.2956847392354
obj = 921613.8793263799, rho = 10.500251437606448
nSV = 2188, nBSV = 565
Total nSV = 2188
.
Warning: using -h 0 may be faster
*
optimization finished, #iter = 1781
C = 1777.5671483881583
obj = 905055.6110104126, rho = 5.30885556322436
nSV = 2117, nBSV = 591
Total nSV = 2117
.
Warning: using -h 0 may be faster
*
optimization finished, #iter = 1887
C = 1830.8776465145654
obj = 925372.3938886991, rho = 4.529187516289209
nSV = 2165, nBSV = 592
Total nSV = 2165
..
Warning: using -h 0 may be faster
*
optimization finished, #iter = 2353
C = 1997.7675622333709
obj = 1260632.3936831465, rho = -97.39669245469828
nSV = 2626, nBSV = 764
.
Warning: using -h 0 may be faster
*
optimization finished, #iter = 1641
C = 1496.9842032644183
obj = 638185.6624842301, rho = -18.890758658779067
nSV = 1825, nBSV = 533
Total nSV = 1825
.
Warning: using -h 0 may be faster
*
optimization finished, #iter = 1663
C = 1508.0692231992168
obj = 643449.0540096575, rho = -42.14595021689785
nSV = 1854, nBSV = 535
Total nSV = 1854
.
Warning: using -h 0 may be faster
*
optimization finished, #iter = 1572
C = 1452.5825394762887
obj = 609545.9968861919, rho = -28.698731814261894
nSV = 1766, nBSV = 563
Total nSV = 1766
.
Warning: using -h 0 may be faster
*
optimization finished, #iter = 1646
C = 1569.487249731043
obj = 688356.0965938097, rho = -20.57905324634332
nSV = 1823, nBSV = 520
Total nSV = 1823
.
Warning: using -h 0 may be faster
*
optimization finished, #iter = 1730
C = 1597.409822906516
obj = 683329.8584969785, rho = -11.818701513661686
nSV = 1829, nBSV = 514
Total nSV = 1829
..
Warning: using -h 0 may be faster
*
optimization finished, #iter = 2138
C = 1589.551627047245
obj = 822406.7406820591, rho = -27.656408956652214
nSV = 2235, nBSV = 671
Total nSV = 5999
.
Warning: using -h 0 may be faster
*
optimization finished, #iter = 1713
C = 1588.5650404377961
obj = 700946.5841730166, rho = -28.852370327319232
nSV = 1821, nBSV = 519
Total nSV = 1821
.
Warning: using -h 0 may be faster
*
optimization finished, #iter = 1696
C = 1583.1177346974107
obj = 700015.0597303269, rho = -16.92990735592479
nSV = 1845, nBSV = 503
Total nSV = 1845
.
Warning: using -h 0 may be faster
*
optimization finished, #iter = 1674
C = 1607.9447583817998
obj = 704215.6558627756, rho = -25.537531991387663
nSV = 1816, nBSV = 522
Total nSV = 1816
.
Warning: using -h 0 may be faster
*
optimization finished, #iter = 1648
C = 1512.7316333754893
obj = 658641.2150556023, rho = -25.0726503333745
nSV = 1833, nBSV = 526
Total nSV = 1833
.
Warning: using -h 0 may be faster
*
optimization finished, #iter = 1743
C = 1564.470357495954
obj = 687300.402927271, rho = -10.56831884607385
nSV = 1831, nBSV = 532
Total nSV = 1831
..
Warning: using -h 0 may be faster
*
optimization finished, #iter = 2100
C = 1605.3537380605849
obj = 847085.06821012, rho = -33.81143393554071
nSV = 2236, nBSV = 673
.
Warning: using -h 0 may be faster
*
optimization finished, #iter = 1936
C = 1662.5067999805062
obj = 843184.5355438587, rho = -78.23419669497886
nSV = 2154, nBSV = 577
Total nSV = 2154
.
Warning: using -h 0 may be faster
*
optimization finished, #iter = 1825
C = 1791.7516913649315
obj = 934972.6267689402, rho = -73.42810421645599
nSV = 2139, nBSV = 594
Total nSV = 2139
.
Warning: using -h 0 may be faster
*
optimization finished, #iter = 1787
C = 1656.5771089798777
obj = 844806.1028966686, rho = -74.31689587236087
nSV = 2106, nBSV = 600
Total nSV = 2106
.
Warning: using -h 0 may be faster
*
optimization finished, #iter = 1942
C = 1767.6998829612978
obj = 904528.6934289249, rho = -84.84776012859118
nSV = 2163, nBSV = 574
Total nSV = 2163
.
Warning: using -h 0 may be faster
*
optimization finished, #iter = 1972
C = 1793.1107402838568
obj = 929701.51178873, rho = -79.42750128426489
nSV = 2179, nBSV = 567
Total nSV = 2179
..
Warning: using -h 0 may be faster
*
optimization finished, #iter = 2349
C = 1785.193467850808
obj = 1072261.9442375123, rho = 17.207104057369147
nSV = 2588, nBSV = 786
..
Warning: using -h 0 may be faster
*
optimization finished, #iter = 2766
C = 3208.0605351150393
obj = 2518988.7186564887, rho = -148.1717575957474
nSV = 3090, nBSV = 711
Total nSV = 3090
..
Warning: using -h 0 may be faster
*
optimization finished, #iter = 2378
C = 2985.5577753553257
obj = 2310992.596734779, rho = 39.847483013696014
nSV = 2942, nBSV = 789
Total nSV = 2942
..
Warning: using -h 0 may be faster
*
optimization finished, #iter = 2622
C = 3148.4833428472757
obj = 2379943.613102739, rho = 25.714736023234504
nSV = 3042, nBSV = 756
Total nSV = 3042
..
Warning: using -h 0 may be faster
*
optimization finished, #iter = 2507
C = 3115.0953242897867
obj = 2419200.0337024634, rho = 5.576118196271303
nSV = 3021, nBSV = 755
Total nSV = 3021
..
Warning: using -h 0 may be faster
*
optimization finished, #iter = 2669
C = 3169.5889477786764
obj = 2480782.260279743, rho = 21.26814252746693
nSV = 3076, nBSV = 750
Total nSV = 3076
...
Warning: using -h 0 may be faster
*
optimization finished, #iter = 3246
C = 3325.466299575958
obj = 3141558.008623027, rho = 23.03937177553338
nSV = 3681, nBSV = 974
Total nSV = 5850
.
Warning: using -h 0 may be faster
*
optimization finished, #iter = 1888
C = 1747.892333824047
obj = 867266.4776652949, rho = 16.67292404885811
nSV = 2103, nBSV = 582
Total nSV = 2103
.
Warning: using -h 0 may be faster
*
optimization finished, #iter = 1874
C = 1658.8732997031445
obj = 813557.6780222923, rho = -6.063037844069424
nSV = 2133, nBSV = 599
Total nSV = 2133
.
Warning: using -h 0 may be faster
*
optimization finished, #iter = 1936
C = 1636.8961664161607
obj = 803033.9616237856, rho = 14.119895423839909
nSV = 2118, nBSV = 599
Total nSV = 2118
.
Warning: using -h 0 may be faster
*
optimization finished, #iter = 1819
C = 1665.0722952976769
obj = 825687.1822071607, rho = 0.7005627180820202
nSV = 2104, nBSV = 614
Total nSV = 2104
.
Warning: using -h 0 may be faster
*
optimization finished, #iter = 1855
C = 1707.30318772878
obj = 859816.9245326074, rho = 3.8648075892872487
nSV = 2117, nBSV = 612
Total nSV = 2117
..
Warning: using -h 0 may be faster
*
optimization finished, #iter = 2262
C = 1738.1124537205683
obj = 1024480.4140856452, rho = 6.288107642967178
nSV = 2574, nBSV = 773
.
Warning: using -h 0 may be faster
*
optimization finished, #iter = 1691
C = 1636.175542627837
obj = 727660.6816563046, rho = -21.60543439219363
nSV = 1848, nBSV = 511
Total nSV = 1848
.
Warning: using -h 0 may be faster
*
optimization finished, #iter = 1770
C = 1483.491883317317
obj = 631675.9494353255, rho = -28.5421816673407
nSV = 1827, nBSV = 519
Total nSV = 1827
.
Warning: using -h 0 may be faster
*
optimization finished, #iter = 1703
C = 1534.8453591822258
obj = 670007.974195397, rho = -17.728958805224064
nSV = 1850, nBSV = 522
Total nSV = 1850
.
Warning: using -h 0 may be faster
*
optimization finished, #iter = 1731
C = 1502.3295506791399
obj = 631755.9902416851, rho = -24.360385327076116
nSV = 1856, nBSV = 523
Total nSV = 1856
.
Warning: using -h 0 may be faster
*
optimization finished, #iter = 1726
C = 1511.1646430785604
obj = 648352.4685703974, rho = -31.523278486484383
nSV = 1854, nBSV = 504
Total nSV = 1854
Line search fails in two-class probability estimates
..
Warning: using -h 0 may be faster
*
optimization finished, #iter = 2220
C = 1624.7804417075147
obj = 847408.3735646791, rho = -22.972782727058924
nSV = 2259, nBSV = 681
..
Warning: using -h 0 may be faster
*
optimization finished, #iter = 2782
C = 3254.585025348883
obj = 2489873.0395115376, rho = -4.6781113403837695
nSV = 3096, nBSV = 705
Total nSV = 3096
..
Warning: using -h 0 may be faster
*
optimization finished, #iter = 2649
C = 3305.27078332509
obj = 2599957.1051157177, rho = -11.86913492703115
nSV = 3041, nBSV = 723
Total nSV = 3041
..
Warning: using -h 0 may be faster
*
optimization finished, #iter = 2731
C = 3045.044572796245
obj = 2315157.470036355, rho = 7.785211968210752
nSV = 3093, nBSV = 716
Total nSV = 3093
..
Warning: using -h 0 may be faster
*
optimization finished, #iter = 2652
C = 3178.350612164237
obj = 2438676.5414347737, rho = 4.31469072141842
nSV = 3060, nBSV = 742
Total nSV = 3060
..
Warning: using -h 0 may be faster
*
optimization finished, #iter = 2691
C = 3344.0270950446497
obj = 2661479.598007826, rho = -1.2615248257269995
nSV = 3067, nBSV = 729
Total nSV = 3067
...
Warning: using -h 0 may be faster
*
optimization finished, #iter = 3061
C = 3552.986818544359
obj = 3537155.241589214, rho = -201.42833910426563
nSV = 3634, nBSV = 1022
Total nSV = 5899


=== Predictions under cross-validation ===

 inst#     actual  predicted error distribution
     1  2:neutral 1:negative   +   *0.422,0.365,0.214 
     2  2:neutral  2:neutral       0.039,*0.658,0.303 
     3  2:neutral 3:positive   +   0.127,0.215,*0.659 
     4  2:neutral  2:neutral       0.078,*0.643,0.279 
     5  2:neutral  2:neutral       0.025,*0.726,0.25 
     6  2:neutral 1:negative   +   *0.505,0.408,0.087 
     7  2:neutral 3:positive   +   0.038,0.379,*0.583 
     8  2:neutral  2:neutral       0.137,*0.709,0.154 
     9  2:neutral  2:neutral       0.123,*0.527,0.35 
    10  2:neutral 1:negative   +   *0.765,0.139,0.095 
    11  2:neutral  2:neutral       0.034,*0.573,0.392 
    12  2:neutral  2:neutral       0.056,*0.782,0.163 
    13  2:neutral  2:neutral       0.058,*0.726,0.216 
    14  2:neutral  2:neutral       0.036,*0.608,0.356 
    15  2:neutral  2:neutral       0.327,*0.494,0.179 
    16  2:neutral  2:neutral       0.059,*0.641,0.3 
    17  2:neutral 3:positive   +   0.285,0.279,*0.435 
    18  2:neutral  2:neutral       0.298,*0.455,0.246 
    19  2:neutral  2:neutral       0.099,*0.564,0.337 
    20  2:neutral  2:neutral       0.019,*0.927,0.054 
    21  2:neutral 1:negative   +   *0.392,0.285,0.323 
    22  2:neutral  2:neutral       0.109,*0.566,0.325 
    23  2:neutral  2:neutral       0.114,*0.612,0.274 
    24  2:neutral  2:neutral       0.076,*0.78,0.144 
    25  2:neutral  2:neutral       0.082,*0.646,0.272 
    26  2:neutral 3:positive   +   0.185,0.149,*0.666 
    27  2:neutral  2:neutral       0.048,*0.708,0.244 
    28  2:neutral  2:neutral       0.341,*0.435,0.224 
    29  2:neutral  2:neutral       0.037,*0.53,0.433 
    30  2:neutral 3:positive   +   0.049,0.343,*0.608 
    31  2:neutral 1:negative   +   *0.448,0.44,0.112 
    32  2:neutral 1:negative   +   *0.918,0.058,0.024 
    33  2:neutral  2:neutral       0.018,*0.854,0.127 
    34  2:neutral  2:neutral       0.068,*0.649,0.283 
    35  2:neutral  2:neutral       0.085,*0.815,0.1 
    36  2:neutral  2:neutral       0.01,*0.769,0.221 
    37  2:neutral  2:neutral       0.125,*0.696,0.179 
    38  2:neutral  2:neutral       0.157,*0.661,0.182 
    39  2:neutral  2:neutral       0.07,*0.697,0.233 
    40  2:neutral  2:neutral       0.111,*0.679,0.21 
    41  2:neutral  2:neutral       0.12,*0.706,0.174 
    42  2:neutral  2:neutral       0.085,*0.473,0.442 
    43  2:neutral 3:positive   +   0.411,0.123,*0.466 
    44  2:neutral 3:positive   +   0.067,0.288,*0.645 
    45  2:neutral  2:neutral       0.146,*0.603,0.251 
    46  2:neutral  2:neutral       0.074,*0.535,0.391 
    47  2:neutral  2:neutral       0.082,*0.572,0.346 
    48  2:neutral  2:neutral       0.067,*0.73,0.203 
    49  2:neutral  2:neutral       0.025,*0.875,0.101 
    50  2:neutral  2:neutral       0.095,*0.765,0.14 
    51  2:neutral  2:neutral       0.222,*0.706,0.072 
    52  2:neutral  2:neutral       0.233,*0.512,0.255 
    53  2:neutral 3:positive   +   0.079,0.403,*0.519 
    54  2:neutral 3:positive   +   0.112,0.361,*0.527 
    55  2:neutral  2:neutral       0.049,*0.78,0.171 
    56  2:neutral  2:neutral       0.041,*0.925,0.034 
    57  2:neutral  2:neutral       0.242,*0.451,0.307 
    58  2:neutral  2:neutral       0.096,*0.528,0.375 
    59  2:neutral  2:neutral       0.068,*0.529,0.403 
    60  2:neutral  2:neutral       0.047,*0.53,0.423 
    61  2:neutral  2:neutral       0.32,*0.511,0.169 
    62  2:neutral  2:neutral       0.169,*0.596,0.235 
    63  2:neutral  2:neutral       0.063,*0.645,0.293 
    64  2:neutral 3:positive   +   0.035,0.438,*0.527 
    65  2:neutral  2:neutral       0.19,*0.61,0.2 
    66  2:neutral 3:positive   +   0.235,0.172,*0.593 
    67  2:neutral  2:neutral       0.106,*0.55,0.344 
    68  2:neutral  2:neutral       0.212,*0.496,0.292 
    69  2:neutral 3:positive   +   0.048,0.336,*0.615 
    70  2:neutral 3:positive   +   0.231,0.298,*0.471 
    71  2:neutral  2:neutral       0.162,*0.68,0.158 
    72  2:neutral 3:positive   +   0.031,0.22,*0.75 
    73  2:neutral  2:neutral       0.19,*0.445,0.365 
    74  2:neutral 3:positive   +   0.146,0.42,*0.434 
    75  2:neutral  2:neutral       0.05,*0.782,0.168 
    76  2:neutral  2:neutral       0.131,*0.553,0.316 
    77  2:neutral  2:neutral       0.057,*0.727,0.217 
    78  2:neutral  2:neutral       0.043,*0.488,0.469 
    79  2:neutral  2:neutral       0.415,*0.496,0.088 
    80  2:neutral  2:neutral       0.082,*0.772,0.146 
    81  2:neutral  2:neutral       0.313,*0.489,0.197 
    82  2:neutral  2:neutral       0.05,*0.862,0.088 
    83  2:neutral 3:positive   +   0.319,0.321,*0.361 
    84  2:neutral 3:positive   +   0.062,0.122,*0.816 
    85  2:neutral 1:negative   +   *0.549,0.35,0.101 
    86  2:neutral  2:neutral       0.094,*0.762,0.144 
    87  2:neutral 3:positive   +   0.013,0.478,*0.509 
    88  2:neutral 3:positive   +   0.018,0.247,*0.735 
    89  2:neutral 1:negative   +   *0.437,0.13,0.434 
    90  2:neutral  2:neutral       0.016,*0.661,0.323 
    91  2:neutral  2:neutral       0.232,*0.601,0.167 
    92  2:neutral  2:neutral       0.165,*0.666,0.169 
    93  2:neutral  2:neutral       0.111,*0.599,0.29 
    94  2:neutral 3:positive   +   0.109,0.439,*0.452 
    95  2:neutral 3:positive   +   0.103,0.301,*0.595 
    96  2:neutral  2:neutral       0.361,*0.496,0.143 
    97  2:neutral  2:neutral       0.076,*0.746,0.178 
    98  2:neutral 3:positive   +   0.087,0.419,*0.493 
    99  2:neutral  2:neutral       0.078,*0.713,0.209 
   100  2:neutral  2:neutral       0.069,*0.707,0.224 
   101  2:neutral  2:neutral       0.11,*0.631,0.259 
   102  2:neutral 3:positive   +   0.113,0.423,*0.464 
   103  2:neutral  2:neutral       0.058,*0.756,0.186 
   104  2:neutral  2:neutral       0.143,*0.55,0.306 
   105  2:neutral  2:neutral       0.065,*0.624,0.311 
   106  2:neutral 3:positive   +   0.11,0.246,*0.645 
   107  2:neutral  2:neutral       0.114,*0.612,0.274 
   108  2:neutral  2:neutral       0.069,*0.606,0.325 
   109  2:neutral  2:neutral       0.042,*0.591,0.368 
   110  2:neutral  2:neutral       0.115,*0.739,0.147 
   111  2:neutral  2:neutral       0.094,*0.459,0.447 
   112  2:neutral  2:neutral       0.015,*0.864,0.121 
   113  2:neutral  2:neutral       0.018,*0.697,0.284 
   114  2:neutral 3:positive   +   0.123,0.375,*0.502 
   115  2:neutral  2:neutral       0.064,*0.632,0.304 
   116  2:neutral  2:neutral       0.069,*0.745,0.186 
   117  2:neutral  2:neutral       0.04,*0.922,0.038 
   118  2:neutral 3:positive   +   0.133,0.366,*0.501 
   119  2:neutral  2:neutral       0.048,*0.81,0.143 
   120  2:neutral 3:positive   +   0.121,0.217,*0.662 
   121  2:neutral  2:neutral       0.084,*0.679,0.237 
   122  2:neutral 3:positive   +   0.139,0.286,*0.576 
   123  2:neutral  2:neutral       0.089,*0.842,0.069 
   124  2:neutral  2:neutral       0.093,*0.829,0.078 
   125  2:neutral  2:neutral       0.327,*0.525,0.148 
   126  2:neutral  2:neutral       0.158,*0.524,0.318 
   127  2:neutral  2:neutral       0.05,*0.784,0.167 
   128  2:neutral 3:positive   +   0.027,0.264,*0.709 
   129  2:neutral  2:neutral       0.25,*0.402,0.348 
   130  2:neutral  2:neutral       0.087,*0.721,0.192 
   131  2:neutral  2:neutral       0.312,*0.51,0.178 
   132  2:neutral  2:neutral       0.106,*0.587,0.306 
   133  2:neutral 3:positive   +   0.074,0.411,*0.515 
   134  2:neutral  2:neutral       0.078,*0.61,0.313 
   135  2:neutral  2:neutral       0.037,*0.821,0.142 
   136  2:neutral  2:neutral       0.014,*0.722,0.263 
   137  2:neutral  2:neutral       0.099,*0.617,0.283 
   138  2:neutral  2:neutral       0.025,*0.754,0.221 
   139  2:neutral  2:neutral       0.382,*0.468,0.149 
   140  2:neutral  2:neutral       0.309,*0.546,0.145 
   141  2:neutral  2:neutral       0.035,*0.593,0.371 
   142  2:neutral  2:neutral       0.239,*0.611,0.149 
   143  2:neutral  2:neutral       0.177,*0.587,0.236 
   144  2:neutral  2:neutral       0.18,*0.57,0.25 
   145  2:neutral 3:positive   +   0.318,0.257,*0.425 
   146  2:neutral 1:negative   +   *0.453,0.403,0.144 
   147  2:neutral  2:neutral       0.026,*0.738,0.236 
   148  2:neutral  2:neutral       0.153,*0.664,0.183 
   149  2:neutral  2:neutral       0.133,*0.51,0.357 
   150  2:neutral  2:neutral       0.104,*0.759,0.136 
   151  2:neutral  2:neutral       0.079,*0.601,0.32 
   152  2:neutral  2:neutral       0.031,*0.907,0.062 
   153  2:neutral  2:neutral       0.034,*0.842,0.124 
   154  2:neutral  2:neutral       0.072,*0.694,0.234 
   155  2:neutral 3:positive   +   0.025,0.413,*0.562 
   156  2:neutral 3:positive   +   0.096,0.303,*0.601 
   157  2:neutral  2:neutral       0.03,*0.613,0.358 
   158  2:neutral  2:neutral       0.053,*0.83,0.117 
   159  2:neutral  2:neutral       0.078,*0.871,0.052 
   160  2:neutral  2:neutral       0.007,*0.612,0.381 
   161  2:neutral  2:neutral       0.278,*0.459,0.264 
   162  2:neutral  2:neutral       0.037,*0.767,0.196 
   163  2:neutral  2:neutral       0.015,*0.768,0.216 
   164  2:neutral  2:neutral       0.162,*0.46,0.378 
   165  2:neutral  2:neutral       0.052,*0.815,0.133 
   166  2:neutral  2:neutral       0.071,*0.731,0.198 
   167  2:neutral  2:neutral       0.123,*0.501,0.375 
   168  2:neutral  2:neutral       0.086,*0.73,0.184 
   169  2:neutral  2:neutral       0.224,*0.543,0.233 
   170  2:neutral  2:neutral       0.047,*0.765,0.188 
   171  2:neutral  2:neutral       0.106,*0.614,0.28 
   172  2:neutral  2:neutral       0.062,*0.635,0.303 
   173  2:neutral 1:negative   +   *0.594,0.276,0.131 
   174  2:neutral  2:neutral       0.09,*0.631,0.279 
   175  2:neutral  2:neutral       0.062,*0.752,0.186 
   176  2:neutral  2:neutral       0.149,*0.641,0.21 
   177  2:neutral  2:neutral       0.015,*0.794,0.192 
   178  2:neutral  2:neutral       0.195,*0.634,0.171 
   179  2:neutral  2:neutral       0.078,*0.793,0.129 
   180  2:neutral  2:neutral       0.069,*0.716,0.216 
   181  2:neutral  2:neutral       0.069,*0.745,0.187 
   182  2:neutral  2:neutral       0.387,*0.466,0.147 
   183  2:neutral  2:neutral       0.055,*0.704,0.241 
   184  2:neutral 3:positive   +   0.085,0.387,*0.527 
   185  2:neutral  2:neutral       0.074,*0.649,0.276 
   186  2:neutral  2:neutral       0.037,*0.697,0.266 
   187  2:neutral  2:neutral       0.068,*0.543,0.389 
   188  2:neutral 3:positive   +   0.086,0.422,*0.491 
   189  2:neutral 1:negative   +   *0.823,0.116,0.061 
   190  2:neutral  2:neutral       0.172,*0.696,0.132 
   191  2:neutral  2:neutral       0.234,*0.601,0.165 
   192  2:neutral  2:neutral       0.051,*0.72,0.229 
   193  2:neutral 3:positive   +   0.011,0.219,*0.77 
   194  2:neutral  2:neutral       0.078,*0.829,0.093 
   195  2:neutral 3:positive   +   0.125,0.285,*0.59 
   196  2:neutral  2:neutral       0.103,*0.774,0.123 
   197  2:neutral  2:neutral       0.122,*0.725,0.152 
   198  2:neutral  2:neutral       0.308,*0.436,0.256 
   199  2:neutral 3:positive   +   0.096,0.292,*0.612 
   200  2:neutral  2:neutral       0.109,*0.465,0.426 
   201  2:neutral  2:neutral       0.025,*0.804,0.17 
   202  2:neutral  2:neutral       0.134,*0.601,0.265 
   203  2:neutral  2:neutral       0.083,*0.555,0.362 
   204  2:neutral  2:neutral       0.028,*0.946,0.026 
   205  2:neutral  2:neutral       0.026,*0.503,0.47 
   206  2:neutral 1:negative   +   *0.531,0.34,0.129 
   207  2:neutral  2:neutral       0.07,*0.674,0.256 
   208  2:neutral  2:neutral       0.05,*0.855,0.095 
   209  2:neutral  2:neutral       0.054,*0.622,0.324 
   210  2:neutral 1:negative   +   *0.338,0.324,0.338 
   211  2:neutral  2:neutral       0.033,*0.748,0.22 
   212  2:neutral  2:neutral       0.038,*0.903,0.059 
   213  2:neutral  2:neutral       0.103,*0.708,0.189 
   214  2:neutral  2:neutral       0.211,*0.621,0.168 
   215  2:neutral  2:neutral       0.082,*0.681,0.238 
   216  2:neutral  2:neutral       0.059,*0.507,0.434 
   217  2:neutral  2:neutral       0.043,*0.853,0.104 
   218  2:neutral 3:positive   +   0.163,0.378,*0.459 
   219  2:neutral  2:neutral       0.147,*0.727,0.126 
   220  2:neutral  2:neutral       0.068,*0.627,0.305 
   221  2:neutral 1:negative   +   *0.407,0.247,0.346 
   222  2:neutral  2:neutral       0.128,*0.5,0.371 
   223  2:neutral  2:neutral       0.071,*0.573,0.355 
   224  2:neutral  2:neutral       0.231,*0.483,0.286 
   225  2:neutral  2:neutral       0.046,*0.835,0.119 
   226  2:neutral  2:neutral       0.036,*0.75,0.214 
   227  2:neutral  2:neutral       0.042,*0.765,0.193 
   228  2:neutral  2:neutral       0.037,*0.559,0.405 
   229  2:neutral  2:neutral       0.027,*0.542,0.431 
   230  2:neutral 1:negative   +   *0.513,0.193,0.294 
   231  2:neutral  2:neutral       0.064,*0.757,0.18 
   232  2:neutral 1:negative   +   *0.42,0.346,0.234 
   233  2:neutral 3:positive   +   0.174,0.399,*0.427 
   234  2:neutral  2:neutral       0.049,*0.525,0.426 
   235  2:neutral  2:neutral       0.157,*0.689,0.154 
   236  2:neutral  2:neutral       0.214,*0.483,0.303 
   237  2:neutral 3:positive   +   0.019,0.297,*0.684 
   238  2:neutral  2:neutral       0.195,*0.692,0.114 
   239  2:neutral  2:neutral       0.263,*0.418,0.319 
   240  2:neutral  2:neutral       0.124,*0.508,0.368 
   241  2:neutral  2:neutral       0.355,*0.458,0.187 
   242  2:neutral  2:neutral       0.068,*0.803,0.129 
   243  2:neutral 3:positive   +   0.038,0.346,*0.616 
   244  2:neutral  2:neutral       0.054,*0.741,0.205 
   245  2:neutral  2:neutral       0.263,*0.555,0.182 
   246  2:neutral 3:positive   +   0.015,0.426,*0.559 
   247  2:neutral  2:neutral       0.015,*0.957,0.027 
   248  2:neutral 3:positive   +   0.053,0.468,*0.479 
   249  2:neutral  2:neutral       0.201,*0.43,0.37 
   250  2:neutral  2:neutral       0.05,*0.736,0.213 
   251  2:neutral  2:neutral       0.101,*0.477,0.423 
   252  2:neutral  2:neutral       0.151,*0.689,0.161 
   253  2:neutral  2:neutral       0.28,*0.524,0.197 
   254  2:neutral  2:neutral       0.129,*0.712,0.16 
   255  2:neutral  2:neutral       0.025,*0.753,0.222 
   256  2:neutral  2:neutral       0.057,*0.646,0.297 
   257  2:neutral  2:neutral       0.114,*0.612,0.274 
   258  2:neutral  2:neutral       0.078,*0.858,0.064 
   259  2:neutral  2:neutral       0.039,*0.509,0.452 
   260  2:neutral  2:neutral       0.125,*0.811,0.063 
   261  2:neutral 3:positive   +   0.052,0.311,*0.637 
   262  2:neutral  2:neutral       0.022,*0.616,0.362 
   263  2:neutral  2:neutral       0.1,*0.548,0.353 
   264  2:neutral  2:neutral       0.125,*0.699,0.176 
   265  2:neutral  2:neutral       0.175,*0.458,0.367 
   266  2:neutral  2:neutral       0.084,*0.459,0.457 
   267  2:neutral 3:positive   +   0.172,0.348,*0.481 
   268  2:neutral  2:neutral       0.251,*0.612,0.137 
   269  2:neutral  2:neutral       0.237,*0.422,0.341 
   270  2:neutral 3:positive   +   0.177,0.356,*0.467 
   271  2:neutral 1:negative   +   *0.531,0.282,0.186 
   272  2:neutral 3:positive   +   0.14,0.28,*0.58 
   273  2:neutral  2:neutral       0.248,*0.563,0.189 
   274  2:neutral  2:neutral       0.038,*0.587,0.374 
   275  2:neutral 3:positive   +   0.333,0.22,*0.447 
   276  2:neutral  2:neutral       0.018,*0.759,0.223 
   277  2:neutral  2:neutral       0.01,*0.578,0.411 
   278  2:neutral  2:neutral       0.037,*0.86,0.103 
   279  2:neutral 1:negative   +   *0.557,0.232,0.211 
   280  2:neutral 3:positive   +   0.023,0.426,*0.55 
   281  2:neutral  2:neutral       0.143,*0.632,0.224 
   282  2:neutral  2:neutral       0.058,*0.861,0.081 
   283  2:neutral  2:neutral       0.218,*0.55,0.233 
   284  2:neutral  2:neutral       0.038,*0.511,0.451 
   285  2:neutral  2:neutral       0.02,*0.875,0.105 
   286  2:neutral 3:positive   +   0.097,0.377,*0.526 
   287  2:neutral  2:neutral       0.125,*0.719,0.156 
   288  2:neutral  2:neutral       0.053,*0.814,0.133 
   289  2:neutral 3:positive   +   0.126,0.413,*0.461 
   290  2:neutral 3:positive   +   0.011,0.46,*0.53 
   291  2:neutral  2:neutral       0.151,*0.638,0.211 
   292  2:neutral 1:negative   +   *0.489,0.336,0.175 
   293  2:neutral  2:neutral       0.044,*0.517,0.439 
   294  2:neutral  2:neutral       0.184,*0.457,0.359 
   295  2:neutral  2:neutral       0.153,*0.798,0.049 
   296  2:neutral  2:neutral       0.106,*0.587,0.306 
   297  2:neutral 3:positive   +   0.147,0.342,*0.511 
   298  2:neutral  2:neutral       0.092,*0.701,0.207 
   299  2:neutral  2:neutral       0.24,*0.607,0.152 
   300  2:neutral  2:neutral       0.033,*0.921,0.046 
   301  2:neutral  2:neutral       0.031,*0.832,0.138 
   302  2:neutral  2:neutral       0.063,*0.58,0.357 
   303  2:neutral 3:positive   +   0.119,0.235,*0.646 
   304  2:neutral 3:positive   +   0.108,0.276,*0.616 
   305  2:neutral  2:neutral       0.025,*0.632,0.343 
   306  2:neutral  2:neutral       0.1,*0.584,0.316 
   307  2:neutral  2:neutral       0.097,*0.725,0.178 
   308  2:neutral  2:neutral       0.221,*0.762,0.018 
   309  2:neutral 3:positive   +   0.038,0.295,*0.667 
   310  2:neutral  2:neutral       0.068,*0.901,0.031 
   311  2:neutral  2:neutral       0.198,*0.517,0.285 
   312  2:neutral  2:neutral       0.108,*0.493,0.398 
   313  2:neutral  2:neutral       0.078,*0.766,0.156 
   314  2:neutral  2:neutral       0.126,*0.554,0.32 
   315  2:neutral 3:positive   +   0.052,0.403,*0.545 
   316  2:neutral 3:positive   +   0.024,0.236,*0.74 
   317  2:neutral  2:neutral       0.082,*0.588,0.33 
   318  2:neutral  2:neutral       0.136,*0.644,0.22 
   319  2:neutral  2:neutral       0.089,*0.544,0.367 
   320  2:neutral  2:neutral       0.177,*0.72,0.103 
   321  2:neutral  2:neutral       0.195,*0.594,0.21 
   322  2:neutral  2:neutral       0.065,*0.878,0.057 
   323  2:neutral  2:neutral       0.114,*0.468,0.418 
   324  2:neutral  2:neutral       0.148,*0.673,0.179 
   325  2:neutral  2:neutral       0.087,*0.526,0.387 
   326  2:neutral  2:neutral       0.085,*0.645,0.271 
   327  2:neutral 1:negative   +   *0.467,0.266,0.266 
   328  2:neutral 1:negative   +   *0.633,0.167,0.2 
   329  2:neutral  2:neutral       0.128,*0.713,0.158 
   330  2:neutral  2:neutral       0.045,*0.849,0.106 
   331  2:neutral 3:positive   +   0.057,0.462,*0.48 
   332  2:neutral  2:neutral       0.142,*0.62,0.238 
   333  2:neutral  2:neutral       0.02,*0.759,0.22 
   334  2:neutral 3:positive   +   0.337,0.322,*0.341 
   335  2:neutral 3:positive   +   0.093,0.396,*0.511 
   336  2:neutral  2:neutral       0.119,*0.532,0.349 
   337  2:neutral  2:neutral       0.075,*0.813,0.112 
   338  2:neutral  2:neutral       0.066,*0.645,0.289 
   339  2:neutral  2:neutral       0.034,*0.827,0.14 
   340  2:neutral  2:neutral       0.284,*0.518,0.198 
   341  2:neutral  2:neutral       0.074,*0.67,0.256 
   342  2:neutral 3:positive   +   0.089,0.102,*0.808 
   343  2:neutral  2:neutral       0.077,*0.657,0.266 
   344  2:neutral 3:positive   +   0.049,0.333,*0.618 
   345  2:neutral  2:neutral       0.093,*0.65,0.257 
   346  2:neutral  2:neutral       0.1,*0.538,0.362 
   347  2:neutral  2:neutral       0.114,*0.612,0.274 
   348  2:neutral 1:negative   +   *0.363,0.284,0.354 
   349  2:neutral  2:neutral       0.193,*0.639,0.167 
   350  2:neutral  2:neutral       0.058,*0.54,0.402 
   351  2:neutral  2:neutral       0.053,*0.647,0.3 
   352  2:neutral  2:neutral       0.081,*0.694,0.225 
   353  2:neutral  2:neutral       0.3,*0.449,0.251 
   354  2:neutral 1:negative   +   *0.896,0.039,0.065 
   355  2:neutral  2:neutral       0.114,*0.612,0.274 
   356  2:neutral 3:positive   +   0.118,0.384,*0.498 
   357  2:neutral 3:positive   +   0.048,0.358,*0.594 
   358  2:neutral  2:neutral       0.184,*0.578,0.238 
   359  2:neutral  2:neutral       0.178,*0.726,0.097 
   360  2:neutral  2:neutral       0.124,*0.818,0.058 
   361  2:neutral  2:neutral       0.1,*0.787,0.113 
