Zero Weights processed. Default weights will be used
.
Warning: using -h 0 may be faster
*
optimization finished, #iter = 1350
C = 42.83058847930409
obj = 12029.9948788789, rho = 0.8358840361561177
nSV = 2834, nBSV = 2579
Total nSV = 2834
.
Warning: using -h 0 may be faster
*
optimization finished, #iter = 1344
C = 45.18079755990925
obj = 13450.845936527217, rho = 2.9172047699272667
nSV = 2848, nBSV = 2580
Total nSV = 2848
.
Warning: using -h 0 may be faster
*
optimization finished, #iter = 1352
C = 44.55222797916488
obj = 13067.540935430996, rho = 2.693584075011237
nSV = 2837, nBSV = 2576
Total nSV = 2837
.
Warning: using -h 0 may be faster
*
optimization finished, #iter = 1356
C = 47.70905793507379
obj = 14485.344626315198, rho = 0.2644657430059049
nSV = 2839, nBSV = 2584
Total nSV = 2839
.
Warning: using -h 0 may be faster
*
optimization finished, #iter = 1316
C = 40.039013755242614
obj = 11327.776078570965, rho = 1.3453504760914712
nSV = 2825, nBSV = 2587
Total nSV = 2825
.
Warning: using -h 0 may be faster
*
optimization finished, #iter = 1736
C = 37.11424185493675
obj = 12803.400784421667, rho = 1.7902046638304694
nSV = 3526, nBSV = 3248
.
Warning: using -h 0 may be faster
...
Warning: using -h 0 may be faster
*
optimization finished, #iter = 4377
C = 387.4293522258953
obj = 300068.1537261145, rho = 19.013732331132026
nSV = 5058, nBSV = 3513
Total nSV = 5058
.
Warning: using -h 0 may be faster
...
Warning: using -h 0 may be faster
*
optimization finished, #iter = 4277
C = 444.1915408765243
obj = 348572.278239517, rho = -38.1311291150484
nSV = 5089, nBSV = 3489
Total nSV = 5089
.
Warning: using -h 0 may be faster
...
Warning: using -h 0 may be faster
*
optimization finished, #iter = 4370
C = 398.47943144724087
obj = 303041.2721245245, rho = -33.45540523363243
nSV = 5077, nBSV = 3515
Total nSV = 5077
.
Warning: using -h 0 may be faster
...
Warning: using -h 0 may be faster
*
optimization finished, #iter = 4584
C = 420.47768713111054
obj = 328857.08155756956, rho = -36.54258634107142
nSV = 5076, nBSV = 3495
Total nSV = 5076
.
Warning: using -h 0 may be faster
...
Warning: using -h 0 may be faster
*
optimization finished, #iter = 4470
C = 421.86370367341283
obj = 335727.5322531878, rho = -35.02991312924373
nSV = 5092, nBSV = 3482
Total nSV = 5092
.
Warning: using -h 0 may be faster
....
Warning: using -h 0 may be faster
*
optimization finished, #iter = 5662
C = 386.68751996083944
obj = 340418.5054721133, rho = 18.657419318270488
nSV = 6235, nBSV = 4471
.
Warning: using -h 0 may be faster
*
optimization finished, #iter = 1218
C = 4.6996381303351
obj = 677.0423053795566, rho = -0.9428547853598104
nSV = 3217, nBSV = 3058
Total nSV = 3217
.
Warning: using -h 0 may be faster
*
optimization finished, #iter = 1162
C = 0.0
obj = 0.0, rho = NaN
nSV = 0, nBSV = 0
Total nSV = 0
.
Warning: using -h 0 may be faster
*
optimization finished, #iter = 1213
C = 4.2747973300140725
obj = 598.125555907056, rho = -0.5377315893265949
nSV = 3223, nBSV = 3057
Total nSV = 3223
.
Warning: using -h 0 may be faster
*.*
optimization finished, #iter = 1254
C = 5.992520715500139
obj = 836.7998727061074, rho = -0.7788618471112706
nSV = 3220, nBSV = 3054
Total nSV = 3220
.
Warning: using -h 0 may be faster
*
optimization finished, #iter = 1175
C = 0.0
obj = 0.0, rho = NaN
nSV = 0, nBSV = 0
Total nSV = 0
Line search fails in two-class probability estimates
.
Warning: using -h 0 may be faster
*
optimization finished, #iter = 1465
C = 3.6926959951746023
obj = 606.5743949055536, rho = 0.7010469389354618
nSV = 4005, nBSV = 3843
Total nSV = 9191
.
Warning: using -h 0 may be faster
*
optimization finished, #iter = 1145
C = 54.2186939740676
obj = 14468.790454200487, rho = 3.144617945493408
nSV = 2312, nBSV = 2043
Total nSV = 2312
.
Warning: using -h 0 may be faster
*
optimization finished, #iter = 1104
C = 53.26845130394153
obj = 13648.102093308986, rho = 2.755148442297933
nSV = 2294, nBSV = 2030
Total nSV = 2294
.
Warning: using -h 0 may be faster
*
optimization finished, #iter = 1147
C = 59.91166979779481
obj = 16022.914610158956, rho = 2.919414737709365
nSV = 2297, nBSV = 2028
Total nSV = 2297
.
Warning: using -h 0 may be faster
*
optimization finished, #iter = 1138
C = 52.49482571935009
obj = 13374.776547640216, rho = 1.3199791689894242
nSV = 2307, nBSV = 2033
Total nSV = 2307
.
Warning: using -h 0 may be faster
*
optimization finished, #iter = 1200
C = 65.8521016398131
obj = 17881.754815420583, rho = 4.299461957507946
nSV = 2319, nBSV = 2022
Total nSV = 2319
.
Warning: using -h 0 may be faster
*
optimization finished, #iter = 1355
C = 48.32543930230204
obj = 14890.523718569564, rho = 2.87548485539891
nSV = 2850, nBSV = 2578
.
Warning: using -h 0 may be faster
..
Warning: using -h 0 may be faster
*
optimization finished, #iter = 3623
C = 411.8545797728967
obj = 280264.44326225744, rho = -29.885303190741755
nSV = 4124, nBSV = 2751
Total nSV = 4124
.
Warning: using -h 0 may be faster
..
Warning: using -h 0 may be faster
*
optimization finished, #iter = 3590
C = 420.27623874850286
obj = 286291.0208680528, rho = -41.39860026348596
nSV = 4143, nBSV = 2744
Total nSV = 4143
.
Warning: using -h 0 may be faster
..
Warning: using -h 0 may be faster
*
optimization finished, #iter = 3669
C = 438.60205756316634
obj = 299921.46972287906, rho = -47.227895185087
nSV = 4146, nBSV = 2714
Total nSV = 4146
.
Warning: using -h 0 may be faster
..
Warning: using -h 0 may be faster
*
optimization finished, #iter = 3525
C = 431.7954783480252
obj = 292285.67662275746, rho = -44.575850691818935
nSV = 4156, nBSV = 2761
Total nSV = 4156
.
Warning: using -h 0 may be faster
..
Warning: using -h 0 may be faster
*
optimization finished, #iter = 3494
C = 415.20199438433036
obj = 280871.27254186844, rho = -25.263451523024244
nSV = 4132, nBSV = 2741
Total nSV = 4132
.
Warning: using -h 0 may be faster
...
Warning: using -h 0 may be faster
*
optimization finished, #iter = 4324
C = 396.97289225393666
obj = 305582.7228304854, rho = 28.481374376499655
nSV = 5084, nBSV = 3471
*
optimization finished, #iter = 988
C = 9.05126969314228
obj = 1136.227755182628, rho = -0.8797119628522455
nSV = 2567, nBSV = 2449
Total nSV = 2567
*
optimization finished, #iter = 982
C = 0.0
obj = 0.0, rho = NaN
nSV = 0, nBSV = 0
Total nSV = 0
*
optimization finished, #iter = 978
C = 0.0
obj = 0.0, rho = NaN
nSV = 0, nBSV = 0
Total nSV = 0
*
optimization finished, #iter = 975
C = 4.2726619087133395
obj = 331.7630654209205, rho = -0.7621730303246758
nSV = 2568, nBSV = 2462
Total nSV = 2568
.*
optimization finished, #iter = 1050
C = 6.821386942353449
obj = 847.7388652325358, rho = -0.8733459997051918
nSV = 2585, nBSV = 2427
Total nSV = 2585
Line search fails in two-class probability estimates
.
Warning: using -h 0 may be faster
*.
Warning: using -h 0 may be faster
*
optimization finished, #iter = 1192
C = 4.9434974290334175
obj = 663.508979186861, rho = 0.738328872603605
nSV = 3202, nBSV = 3073
Total nSV = 7440
.*
optimization finished, #iter = 1068
C = 36.0086208418143
obj = 7874.031400404441, rho = 1.1746791012740834
nSV = 2278, nBSV = 2055
Total nSV = 2278
.
Warning: using -h 0 may be faster
*
optimization finished, #iter = 1135
C = 55.61234567687495
obj = 14252.957810268757, rho = 2.8917689328761496
nSV = 2302, nBSV = 2044
Total nSV = 2302
.
Warning: using -h 0 may be faster
*
optimization finished, #iter = 1112
C = 58.69204934634523
obj = 15739.275645984299, rho = 2.9408018286233846
nSV = 2307, nBSV = 2035
Total nSV = 2307
.
Warning: using -h 0 may be faster
*
optimization finished, #iter = 1089
C = 42.96833617790817
obj = 9791.017426290122, rho = 1.9714126444380162
nSV = 2294, nBSV = 2056
Total nSV = 2294
.
Warning: using -h 0 may be faster
*
optimization finished, #iter = 1108
C = 55.354965393396306
obj = 14173.87184704234, rho = 2.634899299336834
nSV = 2284, nBSV = 2038
Total nSV = 2284
.
Warning: using -h 0 may be faster
*
optimization finished, #iter = 1337
C = 41.781741833295264
obj = 12007.597597325454, rho = 2.142006294578342
nSV = 2838, nBSV = 2586
.
Warning: using -h 0 may be faster
..
Warning: using -h 0 may be faster
*
optimization finished, #iter = 3819
C = 430.2547935949907
obj = 293282.41283801, rho = -38.268326514785194
nSV = 4142, nBSV = 2717
Total nSV = 4142
.
Warning: using -h 0 may be faster
..
Warning: using -h 0 may be faster
*
optimization finished, #iter = 3611
C = 443.1584361005392
obj = 302859.2151199839, rho = -30.338164161378128
nSV = 4144, nBSV = 2719
Total nSV = 4144
.
Warning: using -h 0 may be faster
..
Warning: using -h 0 may be faster
*
optimization finished, #iter = 3649
C = 418.4783953254322
obj = 286205.1586403981, rho = -31.352059468562704
nSV = 4156, nBSV = 2704
Total nSV = 4156
.
Warning: using -h 0 may be faster
..
Warning: using -h 0 may be faster
*
optimization finished, #iter = 3540
C = 413.2653680751431
obj = 278868.0650696309, rho = -29.511832107254058
nSV = 4130, nBSV = 2745
Total nSV = 4130
.
Warning: using -h 0 may be faster
..
Warning: using -h 0 may be faster
*
optimization finished, #iter = 3548
C = 404.2581731033745
obj = 274305.9301162357, rho = -33.20551551288855
nSV = 4137, nBSV = 2739
Total nSV = 4137
.
Warning: using -h 0 may be faster
...
Warning: using -h 0 may be faster
*
optimization finished, #iter = 4600
C = 395.0777246515155
obj = 305441.19700827956, rho = 17.844564188087656
nSV = 5099, nBSV = 3495
*
optimization finished, #iter = 964
C = 4.523959540795002
obj = 452.93647584485524, rho = -0.8738005165043814
nSV = 2582, nBSV = 2444
Total nSV = 2582
*
optimization finished, #iter = 972
C = 6.185670082614953
obj = 735.5647330180258, rho = -0.961617650724762
nSV = 2583, nBSV = 2436
Total nSV = 2583
.*
optimization finished, #iter = 1020
C = 6.076134552602189
obj = 706.7700285365377, rho = -0.6670635002642686
nSV = 2595, nBSV = 2429
Total nSV = 2595
*
optimization finished, #iter = 907
C = 0.0
obj = 0.0, rho = NaN
nSV = 0, nBSV = 0
Total nSV = 0
*
optimization finished, #iter = 989
C = 6.458390878453037
obj = 908.4506947086137, rho = -0.8982649307248441
nSV = 2599, nBSV = 2433
Total nSV = 2599
Line search fails in two-class probability estimates
.
Warning: using -h 0 may be faster
*
optimization finished, #iter = 1232
C = 4.111915334816137
obj = 570.3143469839163, rho = 0.7690239844447131
nSV = 3230, nBSV = 3046
Total nSV = 7417
.
Warning: using -h 0 may be faster
..
Warning: using -h 0 may be faster
*
optimization finished, #iter = 3660
C = 475.41943922466066
obj = 332754.31137936335, rho = -42.276199159259384
nSV = 4187, nBSV = 2702
Total nSV = 4187
.
Warning: using -h 0 may be faster
..
Warning: using -h 0 may be faster
*
optimization finished, #iter = 3890
C = 434.5722485261049
obj = 291126.78307203593, rho = 25.000870760909162
nSV = 4148, nBSV = 2721
Total nSV = 4148
.
Warning: using -h 0 may be faster
..
Warning: using -h 0 may be faster
*
optimization finished, #iter = 3855
C = 461.09024401500096
obj = 314169.38449473976, rho = 21.65677840581942
nSV = 4156, nBSV = 2708
Total nSV = 4156
.
Warning: using -h 0 may be faster
..
Warning: using -h 0 may be faster
*
optimization finished, #iter = 3996
C = 467.9597569723672
obj = 322912.60493965383, rho = 27.35902752443753
nSV = 4180, nBSV = 2695
Total nSV = 4180
.
Warning: using -h 0 may be faster
..
Warning: using -h 0 may be faster
*
optimization finished, #iter = 3862
C = 451.10783540151715
obj = 305234.7319584911, rho = 15.280846843943937
nSV = 4172, nBSV = 2723
Total nSV = 4172
.
Warning: using -h 0 may be faster
...
Warning: using -h 0 may be faster
*
optimization finished, #iter = 4523
C = 441.51724070764953
obj = 350787.7543618328, rho = -40.9656872790049
nSV = 5112, nBSV = 3465
.*
optimization finished, #iter = 1017
C = 9.073259404936355
obj = 1156.7645580184308, rho = -1.3091684435173179
nSV = 2605, nBSV = 2425
Total nSV = 2605
*
optimization finished, #iter = 959
C = 6.9630023142904784
obj = 664.9854981923945, rho = -0.8255094524212433
nSV = 2569, nBSV = 2447
Total nSV = 2569
*
optimization finished, #iter = 913
C = 0.0
obj = 0.0, rho = NaN
nSV = 0, nBSV = 0
Total nSV = 0
*
optimization finished, #iter = 995
C = 10.171886608918605
obj = 1427.2856080445863, rho = -1.1095415120785195
nSV = 2582, nBSV = 2442
Total nSV = 2582
*
optimization finished, #iter = 913
C = 0.0
obj = 0.0, rho = NaN
nSV = 0, nBSV = 0
Total nSV = 0
Line search fails in two-class probability estimates
.
Warning: using -h 0 may be faster
*
optimization finished, #iter = 1183
C = 5.413844959279543
obj = 685.7893754995455, rho = -0.9134671115021085
nSV = 3210, nBSV = 3061
.
Warning: using -h 0 may be faster
*
optimization finished, #iter = 1161
C = 63.10905850731214
obj = 17581.263858694376, rho = -1.5544674100961018
nSV = 2307, nBSV = 2034
Total nSV = 2307
.
Warning: using -h 0 may be faster
*
optimization finished, #iter = 1171
C = 51.95589710885651
obj = 13278.58001064652, rho = 2.5544622963799513
nSV = 2295, nBSV = 2034
Total nSV = 2295
.
Warning: using -h 0 may be faster
*
optimization finished, #iter = 1156
C = 53.853330541608365
obj = 13854.528882090366, rho = 2.1722598276524567
nSV = 2307, nBSV = 2035
Total nSV = 2307
.
Warning: using -h 0 may be faster
*
optimization finished, #iter = 1079
C = 39.70836869200535
obj = 9094.02413722681, rho = -0.9151787646845286
nSV = 2277, nBSV = 2060
Total nSV = 2277
.
Warning: using -h 0 may be faster
*
optimization finished, #iter = 1108
C = 51.619144854601565
obj = 13022.537210344555, rho = 1.9298054518083285
nSV = 2278, nBSV = 2055
Total nSV = 2278
.
Warning: using -h 0 may be faster
*
optimization finished, #iter = 1353
C = 43.92475633894305
obj = 13114.658623327718, rho = 0.8792857197767494
nSV = 2842, nBSV = 2574
Total nSV = 7474
.
Warning: using -h 0 may be faster
*
optimization finished, #iter = 1187
C = 60.979954384110904
obj = 15618.231764047398, rho = -2.1486713550043945
nSV = 2304, nBSV = 2028
Total nSV = 2304
.
Warning: using -h 0 may be faster
*
optimization finished, #iter = 1088
C = 46.94807183001257
obj = 10964.700341884083, rho = 1.0141429151534254
nSV = 2276, nBSV = 2062
Total nSV = 2276
.
Warning: using -h 0 may be faster
*
optimization finished, #iter = 1091
C = 50.86940829549294
obj = 12447.349131950792, rho = 1.3227490180763672
nSV = 2281, nBSV = 2048
Total nSV = 2281
.
Warning: using -h 0 may be faster
*
optimization finished, #iter = 1164
C = 58.80991885382824
obj = 14828.289743229006, rho = 2.0511515607926465
nSV = 2310, nBSV = 2033
Total nSV = 2310
.
Warning: using -h 0 may be faster
*
optimization finished, #iter = 1091
C = 49.27759142387608
obj = 12022.650961757554, rho = 2.3530579921841084
nSV = 2282, nBSV = 2046
Total nSV = 2282
.
Warning: using -h 0 may be faster
*
optimization finished, #iter = 1402
C = 45.088749980969354
obj = 12947.103102600726, rho = -1.754132413243311
nSV = 2837, nBSV = 2567
.
Warning: using -h 0 may be faster
*
optimization finished, #iter = 1040
C = 5.742200895967549
obj = 677.0446686071219, rho = -0.7507548706337431
nSV = 2603, nBSV = 2421
Total nSV = 2603
*
optimization finished, #iter = 997
C = 6.683403264991431
obj = 787.6175725234808, rho = 0.7859825409055095
nSV = 2580, nBSV = 2442
Total nSV = 2580
*
optimization finished, #iter = 980
C = 0.0
obj = 0.0, rho = NaN
nSV = 0, nBSV = 0
Total nSV = 0
*
optimization finished, #iter = 934
C = 0.0
obj = 0.0, rho = NaN
nSV = 0, nBSV = 0
Total nSV = 0
.*
optimization finished, #iter = 1012
C = 6.22121180096324
obj = 708.5666913333464, rho = 0.8358549989965988
nSV = 2591, nBSV = 2430
Total nSV = 2591
Line search fails in two-class probability estimates
.
Warning: using -h 0 may be faster
*
optimization finished, #iter = 1219
C = 4.407022568559183
obj = 614.2812634509638, rho = 0.6539361748735323
nSV = 3222, nBSV = 3057
...
Warning: using -h 0 may be faster
*
optimization finished, #iter = 3477
C = 372.59520211902765
obj = 245948.77619395664, rho = 24.12237923285067
nSV = 4108, nBSV = 2769
Total nSV = 4108
.
Warning: using -h 0 may be faster
..
Warning: using -h 0 may be faster
*
optimization finished, #iter = 3587
C = 460.3650970171719
obj = 322278.06114270375, rho = 17.435844316747573
nSV = 4178, nBSV = 2737
Total nSV = 4178
.
Warning: using -h 0 may be faster
..
Warning: using -h 0 may be faster
*
optimization finished, #iter = 3548
C = 385.12122306996855
obj = 255471.7489872093, rho = 14.008208430493031
nSV = 4120, nBSV = 2762
Total nSV = 4120
...
Warning: using -h 0 may be faster
*
optimization finished, #iter = 3652
C = 465.54354488303113
obj = 321211.0181730091, rho = 17.032813018436933
nSV = 4162, nBSV = 2702
Total nSV = 4162
.
Warning: using -h 0 may be faster
..
Warning: using -h 0 may be faster
*
optimization finished, #iter = 3650
C = 461.9147943063406
obj = 320716.5677075521, rho = 21.961965099721425
nSV = 4194, nBSV = 2712
Total nSV = 4194
.
Warning: using -h 0 may be faster
...
Warning: using -h 0 may be faster
*
optimization finished, #iter = 4429
C = 404.05617742511635
obj = 312692.30102059245, rho = 23.546547357607515
nSV = 5081, nBSV = 3517
Total nSV = 7424
*
optimization finished, #iter = 972
C = 0.0
obj = 0.0, rho = NaN
nSV = 0, nBSV = 0
Total nSV = 0
*
optimization finished, #iter = 920
C = 0.0
obj = 0.0, rho = NaN
nSV = 0, nBSV = 0
Total nSV = 0
*
optimization finished, #iter = 966
C = 0.0
obj = 0.0, rho = NaN
nSV = 0, nBSV = 0
Total nSV = 0
*
optimization finished, #iter = 992
C = 5.9228776434568084
obj = 753.9761563389333, rho = -0.19195808715273427
nSV = 2572, nBSV = 2442
Total nSV = 2572
.*
optimization finished, #iter = 1028
C = 7.857060151048777
obj = 1101.9636319298866, rho = -0.5012644503112574
nSV = 2585, nBSV = 2439
Total nSV = 2585
Line search fails in two-class probability estimates
.
Warning: using -h 0 may be faster
*
optimization finished, #iter = 1243
C = 4.328586107880177
obj = 615.9200735644612, rho = 0.4544095429920887
nSV = 3218, nBSV = 3063
.
Warning: using -h 0 may be faster
*
optimization finished, #iter = 1104
C = 50.95446723509494
obj = 12310.311384288025, rho = -1.6551073266659415
nSV = 2288, nBSV = 2052
Total nSV = 2288
.*
optimization finished, #iter = 1053
C = 43.781589708984626
obj = 9844.342232365378, rho = 1.4102633827771651
nSV = 2291, nBSV = 2067
Total nSV = 2291
.
Warning: using -h 0 may be faster
*
optimization finished, #iter = 1134
C = 54.081052568540215
obj = 13886.56698795053, rho = 2.825534360848212
nSV = 2279, nBSV = 2047
Total nSV = 2279
.
Warning: using -h 0 may be faster
*
optimization finished, #iter = 1117
C = 44.83910261148753
obj = 10475.984157576955, rho = 2.4361820009826083
nSV = 2290, nBSV = 2049
Total nSV = 2290
.
Warning: using -h 0 may be faster
*
optimization finished, #iter = 1144
C = 49.68002671766612
obj = 12143.356851475077, rho = 1.8534517454935595
nSV = 2292, nBSV = 2036
Total nSV = 2292
.
Warning: using -h 0 may be faster
*
optimization finished, #iter = 1319
C = 41.358525845165616
obj = 11697.394727624645, rho = -2.238930216808877
nSV = 2833, nBSV = 2593
.
Warning: using -h 0 may be faster
..
Warning: using -h 0 may be faster
*
optimization finished, #iter = 3515
C = 417.3024554294969
obj = 281986.32896745, rho = -25.16662414395262
nSV = 4133, nBSV = 2754
Total nSV = 4133
.
Warning: using -h 0 may be faster
..
Warning: using -h 0 may be faster
*
optimization finished, #iter = 3570
C = 425.6454806328045
obj = 286092.57061592623, rho = 12.076765208767075
nSV = 4135, nBSV = 2759
Total nSV = 4135
.
Warning: using -h 0 may be faster
..
Warning: using -h 0 may be faster
*
optimization finished, #iter = 3572
C = 441.7192810466865
obj = 300809.2958438284, rho = 3.511788961314239
nSV = 4143, nBSV = 2751
Total nSV = 4143
.
Warning: using -h 0 may be faster
..
Warning: using -h 0 may be faster
*
optimization finished, #iter = 3661
C = 441.4586573301112
obj = 296830.63170702645, rho = 14.476282740864228
nSV = 4148, nBSV = 2713
Total nSV = 4148
.
Warning: using -h 0 may be faster
..
Warning: using -h 0 may be faster
*
optimization finished, #iter = 3672
C = 467.46550843319335
obj = 321268.46862633876, rho = 7.426384032659888
nSV = 4181, nBSV = 2698
Total nSV = 4181
.
Warning: using -h 0 may be faster
...
Warning: using -h 0 may be faster
*
optimization finished, #iter = 4311
C = 417.8161092779945
obj = 325703.82526961516, rho = -21.94168325669158
nSV = 5079, nBSV = 3486
Total nSV = 7428


=== Predictions under cross-validation ===

 inst#     actual  predicted error distribution
     1  2:neutral  2:neutral       0.133,*0.605,0.262 
     2  2:neutral  2:neutral       0.139,*0.718,0.142 
     3  2:neutral 3:positive   +   0.079,0.28,*0.641 
     4  2:neutral  2:neutral       0.129,*0.53,0.341 
     5  2:neutral  2:neutral       0.124,*0.608,0.268 
     6  2:neutral  2:neutral       0.24,*0.684,0.076 
     7  2:neutral  2:neutral       0.11,*0.637,0.252 
     8  2:neutral  2:neutral       0.138,*0.717,0.145 
     9  2:neutral  2:neutral       0.139,*0.614,0.247 
    10  2:neutral  2:neutral       0.252,*0.625,0.123 
    11  2:neutral 3:positive   +   0.06,0.202,*0.738 
    12  2:neutral  2:neutral       0.107,*0.604,0.289 
    13  2:neutral  2:neutral       0.141,*0.731,0.128 
    14  2:neutral  2:neutral       0.103,*0.595,0.303 
    15  2:neutral  2:neutral       0.216,*0.536,0.248 
    16  2:neutral  2:neutral       0.104,*0.65,0.246 
    17  2:neutral  2:neutral       0.171,*0.434,0.395 
    18  2:neutral  2:neutral       0.205,*0.5,0.295 
    19  2:neutral  2:neutral       0.2,*0.693,0.107 
    20  2:neutral  2:neutral       0.14,*0.794,0.066 
    21  2:neutral  2:neutral       0.309,*0.498,0.193 
    22  2:neutral 3:positive   +   0.104,0.419,*0.477 
    23  2:neutral  2:neutral       0.138,*0.668,0.194 
    24  2:neutral  2:neutral       0.124,*0.664,0.212 
    25  2:neutral  2:neutral       0.136,*0.634,0.231 
    26  2:neutral  2:neutral       0.134,*0.446,0.42 
    27  2:neutral  2:neutral       0.125,*0.722,0.153 
    28  2:neutral  2:neutral       0.251,*0.661,0.088 
    29  2:neutral  2:neutral       0.082,*0.519,0.399 
    30  2:neutral  2:neutral       0.103,*0.511,0.386 
    31  2:neutral  2:neutral       0.17,*0.689,0.141 
    32  2:neutral  2:neutral       0.245,*0.698,0.057 
    33  2:neutral  2:neutral       0.123,*0.702,0.176 
    34  2:neutral  2:neutral       0.143,*0.647,0.211 
    35  2:neutral  2:neutral       0.162,*0.742,0.096 
    36  2:neutral  2:neutral       0.124,*0.686,0.191 
    37  2:neutral  2:neutral       0.134,*0.654,0.213 
    38  2:neutral  2:neutral       0.151,*0.677,0.172 
    39  2:neutral  2:neutral       0.134,*0.735,0.131 
    40  2:neutral  2:neutral       0.102,*0.599,0.298 
    41  2:neutral  2:neutral       0.13,*0.651,0.219 
    42  2:neutral  2:neutral       0.123,*0.648,0.228 
    43  2:neutral 3:positive   +   0.098,0.399,*0.503 
    44  2:neutral  2:neutral       0.127,*0.553,0.321 
    45  2:neutral  2:neutral       0.133,*0.749,0.118 
    46  2:neutral  2:neutral       0.113,*0.702,0.185 
    47  2:neutral  2:neutral       0.127,*0.626,0.247 
    48  2:neutral 3:positive   +   0.056,0.145,*0.799 
    49  2:neutral  2:neutral       0.14,*0.698,0.162 
    50  2:neutral  2:neutral       0.121,*0.675,0.204 
    51  2:neutral  2:neutral       0.177,*0.743,0.08 
    52  2:neutral  2:neutral       0.208,*0.587,0.205 
    53  2:neutral 3:positive   +   0.092,0.448,*0.46 
    54  2:neutral  2:neutral       0.121,*0.522,0.357 
    55  2:neutral  2:neutral       0.167,*0.607,0.226 
    56  2:neutral  2:neutral       0.162,*0.747,0.091 
    57  2:neutral  2:neutral       0.172,*0.643,0.184 
    58  2:neutral  2:neutral       0.137,*0.625,0.237 
    59  2:neutral  2:neutral       0.142,*0.58,0.279 
    60  2:neutral  2:neutral       0.118,*0.47,0.412 
    61  2:neutral  2:neutral       0.219,*0.67,0.111 
    62  2:neutral  2:neutral       0.123,*0.593,0.284 
    63  2:neutral  2:neutral       0.106,*0.627,0.266 
    64  2:neutral  2:neutral       0.171,*0.646,0.184 
    65  2:neutral  2:neutral       0.202,*0.678,0.12 
    66  2:neutral 3:positive   +   0.081,0.398,*0.521 
    67  2:neutral  2:neutral       0.095,*0.6,0.305 
    68  2:neutral  2:neutral       0.188,*0.542,0.27 
    69  2:neutral 3:positive   +   0.067,0.274,*0.659 
    70  2:neutral 3:positive   +   0.101,0.434,*0.465 
    71  2:neutral  2:neutral       0.19,*0.668,0.142 
    72  2:neutral 3:positive   +   0.045,0.148,*0.807 
    73  2:neutral  2:neutral       0.197,*0.509,0.295 
    74  2:neutral  2:neutral       0.2,*0.406,0.394 
    75  2:neutral  2:neutral       0.125,*0.642,0.233 
    76  2:neutral  2:neutral       0.126,*0.658,0.216 
    77  2:neutral  2:neutral       0.212,*0.619,0.169 
    78  2:neutral  2:neutral       0.152,*0.692,0.156 
    79  2:neutral  2:neutral       0.169,*0.706,0.125 
    80  2:neutral  2:neutral       0.165,*0.749,0.086 
    81  2:neutral 3:positive   +   0.227,0.288,*0.485 
    82  2:neutral  2:neutral       0.177,*0.741,0.082 
    83  2:neutral 3:positive   +   0.154,0.12,*0.726 
    84  2:neutral 3:positive   +   0.064,0.159,*0.777 
    85  2:neutral  2:neutral       0.157,*0.429,0.413 
    86  2:neutral  2:neutral       0.141,*0.692,0.167 
    87  2:neutral  2:neutral       0.094,*0.595,0.312 
    88  2:neutral  2:neutral       0.107,*0.592,0.301 
    89  2:neutral  2:neutral       0.226,*0.489,0.285 
    90  2:neutral  2:neutral       0.126,*0.727,0.146 
    91  2:neutral  2:neutral       0.117,*0.579,0.304 
    92  2:neutral  2:neutral       0.171,*0.628,0.201 
    93  2:neutral  2:neutral       0.14,*0.594,0.266 
    94  2:neutral  2:neutral       0.106,*0.539,0.355 
    95  2:neutral 3:positive   +   0.09,0.425,*0.484 
    96  2:neutral  2:neutral       0.213,*0.657,0.131 
    97  2:neutral  2:neutral       0.136,*0.719,0.145 
    98  2:neutral 3:positive   +   0.12,0.385,*0.494 
    99  2:neutral  2:neutral       0.137,*0.727,0.136 
   100  2:neutral  2:neutral       0.158,*0.63,0.212 
   101  2:neutral  2:neutral       0.23,*0.628,0.142 
   102  2:neutral 3:positive   +   0.068,0.194,*0.738 
   103  2:neutral  2:neutral       0.125,*0.653,0.222 
   104  2:neutral  2:neutral       0.135,*0.479,0.386 
   105  2:neutral  2:neutral       0.13,*0.616,0.254 
   106  2:neutral  2:neutral       0.267,*0.456,0.277 
   107  2:neutral  2:neutral       0.138,*0.64,0.222 
   108  2:neutral  2:neutral       0.126,*0.712,0.162 
   109  2:neutral  2:neutral       0.13,*0.722,0.148 
   110  2:neutral  2:neutral       0.146,*0.754,0.1 
   111  2:neutral  2:neutral       0.142,*0.61,0.248 
   112  2:neutral  2:neutral       0.127,*0.745,0.128 
   113  2:neutral  2:neutral       0.105,*0.524,0.372 
   114  2:neutral 3:positive   +   0.076,0.223,*0.701 
   115  2:neutral  2:neutral       0.132,*0.666,0.202 
   116  2:neutral  2:neutral       0.231,*0.601,0.168 
   117  2:neutral  2:neutral       0.167,*0.749,0.084 
   118  2:neutral  2:neutral       0.136,*0.604,0.259 
   119  2:neutral  2:neutral       0.11,*0.62,0.27 
   120  2:neutral 3:positive   +   0.096,0.268,*0.635 
   121  2:neutral  2:neutral       0.134,*0.638,0.228 
   122  2:neutral  2:neutral       0.202,*0.423,0.375 
   123  2:neutral  2:neutral       0.182,*0.702,0.116 
   124  2:neutral  2:neutral       0.144,*0.642,0.214 
   125  2:neutral  2:neutral       0.254,*0.579,0.167 
   126  2:neutral  2:neutral       0.105,*0.495,0.4 
   127  2:neutral  2:neutral       0.143,*0.726,0.131 
   128  2:neutral  2:neutral       0.101,*0.497,0.402 
   129  2:neutral  2:neutral       0.134,*0.677,0.189 
   130  2:neutral  2:neutral       0.105,*0.583,0.312 
   131  2:neutral  2:neutral       0.156,*0.512,0.332 
   132  2:neutral  2:neutral       0.136,*0.666,0.198 
   133  2:neutral  2:neutral       0.115,*0.75,0.135 
   134  2:neutral  2:neutral       0.178,*0.636,0.185 
   135  2:neutral  2:neutral       0.101,*0.613,0.287 
   136  2:neutral  2:neutral       0.099,*0.642,0.259 
   137  2:neutral  2:neutral       0.147,*0.621,0.232 
   138  2:neutral 3:positive   +   0.053,0.175,*0.772 
   139  2:neutral  2:neutral       0.205,*0.519,0.275 
   140  2:neutral  2:neutral       0.205,*0.473,0.323 
   141  2:neutral  2:neutral       0.126,*0.689,0.184 
   142  2:neutral  2:neutral       0.142,*0.655,0.203 
   143  2:neutral 3:positive   +   0.158,0.302,*0.54 
   144  2:neutral  2:neutral       0.203,*0.67,0.126 
   145  2:neutral  2:neutral       0.254,*0.472,0.275 
   146  2:neutral  2:neutral       0.148,*0.718,0.134 
   147  2:neutral  2:neutral       0.13,*0.682,0.188 
   148  2:neutral  2:neutral       0.145,*0.684,0.171 
   149  2:neutral 3:positive   +   0.105,0.225,*0.67 
   150  2:neutral  2:neutral       0.139,*0.695,0.166 
   151  2:neutral  2:neutral       0.146,*0.713,0.141 
   152  2:neutral  2:neutral       0.141,*0.748,0.111 
   153  2:neutral  2:neutral       0.129,*0.721,0.149 
   154  2:neutral  2:neutral       0.138,*0.657,0.205 
   155  2:neutral 3:positive   +   0.113,0.272,*0.615 
   156  2:neutral 3:positive   +   0.092,0.441,*0.467 
   157  2:neutral  2:neutral       0.084,*0.507,0.409 
   158  2:neutral  2:neutral       0.13,*0.732,0.138 
   159  2:neutral  2:neutral       0.236,*0.681,0.083 
   160  2:neutral  2:neutral       0.135,*0.735,0.13 
   161  2:neutral  2:neutral       0.147,*0.617,0.236 
   162  2:neutral  2:neutral       0.13,*0.735,0.135 
   163  2:neutral  2:neutral       0.089,*0.532,0.379 
   164  2:neutral  2:neutral       0.146,*0.564,0.29 
   165  2:neutral  2:neutral       0.152,*0.688,0.16 
   166  2:neutral  2:neutral       0.144,*0.677,0.178 
   167  2:neutral  2:neutral       0.111,*0.607,0.282 
   168  2:neutral  2:neutral       0.12,*0.652,0.228 
   169  2:neutral  2:neutral       0.138,*0.561,0.301 
   170  2:neutral  2:neutral       0.163,*0.738,0.099 
   171  2:neutral  2:neutral       0.147,*0.603,0.25 
   172  2:neutral  2:neutral       0.245,*0.536,0.219 
   173  2:neutral  2:neutral       0.258,*0.627,0.115 
   174  2:neutral 3:positive   +   0.155,0.411,*0.434 
   175  2:neutral  2:neutral       0.147,*0.643,0.21 
   176  2:neutral  2:neutral       0.15,*0.647,0.203 
   177  2:neutral  2:neutral       0.144,*0.73,0.127 
   178  2:neutral  2:neutral       0.157,*0.656,0.187 
   179  2:neutral  2:neutral       0.133,*0.658,0.209 
   180  2:neutral  2:neutral       0.105,*0.497,0.398 
   181  2:neutral  2:neutral       0.183,*0.7,0.118 
   182  2:neutral  2:neutral       0.139,*0.657,0.203 
   183  2:neutral  2:neutral       0.138,*0.671,0.191 
   184  2:neutral 3:positive   +   0.089,0.306,*0.605 
   185  2:neutral  2:neutral       0.117,*0.568,0.315 
   186  2:neutral  2:neutral       0.133,*0.757,0.11 
   187  2:neutral  2:neutral       0.119,*0.548,0.333 
   188  2:neutral 3:positive   +   0.096,0.413,*0.49 
   189  2:neutral  2:neutral       0.167,*0.69,0.143 
   190  2:neutral  2:neutral       0.147,*0.685,0.168 
   191  2:neutral  2:neutral       0.152,*0.686,0.161 
   192  2:neutral  2:neutral       0.131,*0.695,0.174 
   193  2:neutral 3:positive   +   0.068,0.463,*0.469 
   194  2:neutral  2:neutral       0.137,*0.61,0.253 
   195  2:neutral  2:neutral       0.129,*0.627,0.244 
   196  2:neutral  2:neutral       0.241,*0.59,0.169 
   197  2:neutral  2:neutral       0.112,*0.631,0.257 
   198  2:neutral  2:neutral       0.207,*0.581,0.212 
   199  2:neutral 3:positive   +   0.066,0.188,*0.746 
   200  2:neutral  2:neutral       0.129,*0.66,0.212 
   201  2:neutral  2:neutral       0.113,*0.6,0.288 
   202  2:neutral  2:neutral       0.17,*0.597,0.233 
   203  2:neutral 3:positive   +   0.079,0.407,*0.513 
   204  2:neutral  2:neutral       0.142,*0.762,0.097 
   205  2:neutral  2:neutral       0.11,*0.636,0.254 
   206  2:neutral  2:neutral       0.144,*0.595,0.261 
   207  2:neutral 3:positive   +   0.098,0.44,*0.462 
   208  2:neutral  2:neutral       0.143,*0.723,0.134 
   209  2:neutral  2:neutral       0.139,*0.742,0.119 
   210  2:neutral 3:positive   +   0.246,0.368,*0.386 
   211  2:neutral  2:neutral       0.129,*0.685,0.186 
   212  2:neutral  2:neutral       0.143,*0.693,0.164 
   213  2:neutral  2:neutral       0.157,*0.572,0.271 
   214  2:neutral  2:neutral       0.129,*0.653,0.218 
   215  2:neutral  2:neutral       0.229,*0.533,0.238 
   216  2:neutral  2:neutral       0.134,*0.621,0.245 
   217  2:neutral  2:neutral       0.149,*0.72,0.131 
   218  2:neutral  2:neutral       0.215,*0.526,0.259 
   219  2:neutral  2:neutral       0.173,*0.545,0.282 
   220  2:neutral  2:neutral       0.14,*0.688,0.172 
   221  2:neutral  2:neutral       0.253,*0.583,0.164 
   222  2:neutral 3:positive   +   0.15,0.404,*0.446 
   223  2:neutral  2:neutral       0.1,*0.604,0.296 
   224  2:neutral  2:neutral       0.141,*0.748,0.111 
   225  2:neutral  2:neutral       0.122,*0.737,0.141 
   226  2:neutral  2:neutral       0.134,*0.644,0.222 
   227  2:neutral  2:neutral       0.117,*0.694,0.189 
   228  2:neutral 3:positive   +   0.091,0.277,*0.632 
   229  2:neutral  2:neutral       0.107,*0.62,0.273 
   230  2:neutral  2:neutral       0.233,*0.505,0.262 
   231  2:neutral  2:neutral       0.184,*0.678,0.138 
   232  2:neutral  2:neutral       0.222,*0.636,0.141 
   233  2:neutral  2:neutral       0.175,*0.614,0.212 
   234  2:neutral  2:neutral       0.12,*0.555,0.324 
   235  2:neutral  2:neutral       0.229,*0.698,0.074 
   236  2:neutral 3:positive   +   0.114,0.401,*0.485 
   237  2:neutral  2:neutral       0.187,*0.619,0.194 
   238  2:neutral  2:neutral       0.243,*0.675,0.082 
   239  2:neutral  2:neutral       0.2,*0.584,0.216 
   240  2:neutral  2:neutral       0.213,*0.645,0.142 
   241  2:neutral  2:neutral       0.186,*0.454,0.36 
   242  2:neutral  2:neutral       0.11,*0.567,0.323 
   243  2:neutral 3:positive   +   0.074,0.354,*0.573 
   244  2:neutral  2:neutral       0.147,*0.744,0.109 
   245  2:neutral  2:neutral       0.163,*0.68,0.157 
   246  2:neutral 3:positive   +   0.061,0.33,*0.608 
   247  2:neutral  2:neutral       0.146,*0.792,0.061 
   248  2:neutral  2:neutral       0.099,*0.497,0.404 
   249  2:neutral  2:neutral       0.158,*0.572,0.271 
   250  2:neutral  2:neutral       0.128,*0.664,0.208 
   251  2:neutral 3:positive   +   0.114,0.353,*0.532 
   252  2:neutral 3:positive   +   0.079,0.354,*0.567 
   253  2:neutral  2:neutral       0.122,*0.561,0.316 
   254  2:neutral  2:neutral       0.189,*0.66,0.152 
   255  2:neutral  2:neutral       0.181,*0.679,0.14 
   256  2:neutral  2:neutral       0.136,*0.558,0.306 
   257  2:neutral  2:neutral       0.138,*0.64,0.222 
   258  2:neutral  2:neutral       0.173,*0.738,0.089 
   259  2:neutral  2:neutral       0.142,*0.61,0.249 
   260  2:neutral  2:neutral       0.219,*0.692,0.089 
   261  2:neutral 3:positive   +   0.107,0.37,*0.523 
   262  2:neutral  2:neutral       0.151,*0.723,0.125 
   263  2:neutral  2:neutral       0.125,*0.606,0.27 
   264  2:neutral  2:neutral       0.151,*0.725,0.123 
   265  2:neutral  2:neutral       0.101,*0.574,0.325 
   266  2:neutral  2:neutral       0.134,*0.714,0.152 
   267  2:neutral 3:positive   +   0.086,0.294,*0.62 
   268  2:neutral  2:neutral       0.212,*0.683,0.106 
   269  2:neutral 3:positive   +   0.127,0.404,*0.469 
   270  2:neutral  2:neutral       0.099,*0.487,0.414 
   271  2:neutral  2:neutral       0.207,*0.58,0.212 
   272  2:neutral  2:neutral       0.139,*0.577,0.284 
   273  2:neutral  2:neutral       0.174,*0.653,0.173 
   274  2:neutral  2:neutral       0.126,*0.636,0.238 
   275  2:neutral  2:neutral       0.312,*0.426,0.262 
   276  2:neutral  2:neutral       0.122,*0.695,0.183 
   277  2:neutral  2:neutral       0.109,*0.522,0.369 
   278  2:neutral  2:neutral       0.117,*0.58,0.304 
   279  2:neutral  2:neutral       0.274,*0.548,0.178 
   280  2:neutral  2:neutral       0.094,*0.583,0.323 
   281  2:neutral  2:neutral       0.134,*0.659,0.207 
   282  2:neutral  2:neutral       0.134,*0.746,0.121 
   283  2:neutral  2:neutral       0.26,*0.408,0.332 
   284  2:neutral  2:neutral       0.115,*0.453,0.433 
   285  2:neutral  2:neutral       0.131,*0.75,0.118 
   286  2:neutral  2:neutral       0.093,*0.533,0.374 
   287  2:neutral  2:neutral       0.153,*0.696,0.152 
   288  2:neutral  2:neutral       0.153,*0.686,0.161 
   289  2:neutral  2:neutral       0.147,*0.668,0.185 
   290  2:neutral 3:positive   +   0.061,0.367,*0.572 
   291  2:neutral  2:neutral       0.154,*0.687,0.159 
   292  2:neutral  2:neutral       0.269,*0.436,0.295 
   293  2:neutral 3:positive   +   0.044,0.287,*0.669 
   294  2:neutral  2:neutral       0.123,*0.535,0.342 
   295  2:neutral  2:neutral       0.244,*0.727,0.029 
   296  2:neutral  2:neutral       0.136,*0.666,0.198 
   297  2:neutral  2:neutral       0.136,*0.521,0.343 
   298  2:neutral  2:neutral       0.132,*0.626,0.242 
   299  2:neutral  2:neutral       0.15,*0.667,0.183 
   300  2:neutral  2:neutral       0.172,*0.732,0.096 
   301  2:neutral  2:neutral       0.127,*0.67,0.203 
   302  2:neutral  2:neutral       0.152,*0.698,0.151 
   303  2:neutral 3:positive   +   0.154,0.225,*0.621 
   304  2:neutral  2:neutral       0.177,*0.49,0.333 
   305  2:neutral  2:neutral       0.112,*0.697,0.191 
   306  2:neutral  2:neutral       0.104,*0.576,0.32 
   307  2:neutral  2:neutral       0.24,*0.688,0.072 
   308  2:neutral  2:neutral       0.158,*0.767,0.075 
   309  2:neutral 3:positive   +   0.078,0.142,*0.78 
   310  2:neutral  2:neutral       0.19,*0.749,0.062 
   311  2:neutral  2:neutral       0.138,*0.592,0.27 
   312  2:neutral  2:neutral       0.151,*0.637,0.213 
   313  2:neutral  2:neutral       0.156,*0.694,0.151 
   314  2:neutral  2:neutral       0.12,*0.609,0.271 
   315  2:neutral  2:neutral       0.12,*0.69,0.19 
   316  2:neutral  2:neutral       0.104,*0.602,0.294 
   317  2:neutral  2:neutral       0.122,*0.679,0.199 
   318  2:neutral  2:neutral       0.147,*0.706,0.147 
   319  2:neutral  2:neutral       0.136,*0.518,0.346 
   320  2:neutral  2:neutral       0.147,*0.732,0.121 
   321  2:neutral  2:neutral       0.143,*0.756,0.101 
   322  2:neutral  2:neutral       0.126,*0.706,0.168 
   323  2:neutral  2:neutral       0.143,*0.552,0.305 
   324  2:neutral  2:neutral       0.146,*0.694,0.16 
   325  2:neutral  2:neutral       0.136,*0.689,0.174 
   326  2:neutral  2:neutral       0.128,*0.652,0.22 
   327  2:neutral 1:negative   +   *0.382,0.257,0.36 
   328  2:neutral  2:neutral       0.217,*0.708,0.075 
   329  2:neutral  2:neutral       0.14,*0.576,0.284 
   330  2:neutral  2:neutral       0.128,*0.763,0.109 
   331  2:neutral  2:neutral       0.124,*0.55,0.326 
   332  2:neutral  2:neutral       0.155,*0.708,0.137 
   333  2:neutral  2:neutral       0.117,*0.724,0.159 
   334  2:neutral 3:positive   +   0.189,0.361,*0.45 
   335  2:neutral 3:positive   +   0.064,0.361,*0.575 
   336  2:neutral  2:neutral       0.129,*0.617,0.254 
   337  2:neutral  2:neutral       0.192,*0.554,0.254 
   338  2:neutral 3:positive   +   0.173,0.398,*0.429 
   339  2:neutral  2:neutral       0.148,*0.659,0.193 
   340  2:neutral  2:neutral       0.19,*0.583,0.226 
   341  2:neutral  2:neutral       0.124,*0.56,0.316 
   342  2:neutral 3:positive   +   0.123,0.113,*0.764 
   343  2:neutral  2:neutral       0.139,*0.659,0.202 
   344  2:neutral  2:neutral       0.118,*0.638,0.244 
   345  2:neutral  2:neutral       0.115,*0.747,0.138 
   346  2:neutral  2:neutral       0.115,*0.555,0.33 
   347  2:neutral  2:neutral       0.138,*0.64,0.222 
   348  2:neutral  2:neutral       0.251,*0.507,0.242 
   349  2:neutral  2:neutral       0.155,*0.667,0.177 
   350  2:neutral  2:neutral       0.133,*0.71,0.158 
   351  2:neutral  2:neutral       0.122,*0.702,0.175 
   352  2:neutral  2:neutral       0.126,*0.733,0.141 
   353  2:neutral  2:neutral       0.215,*0.656,0.129 
   354  2:neutral  2:neutral       0.299,*0.461,0.241 
   355  2:neutral  2:neutral       0.135,*0.673,0.192 
   356  2:neutral  2:neutral       0.097,*0.497,0.406 
   357  2:neutral  2:neutral       0.146,*0.429,0.425 
   358  2:neutral  2:neutral       0.097,*0.55,0.353 
   359  2:neutral  2:neutral       0.226,*0.678,0.096 
   360  2:neutral  2:neutral       0.163,*0.75,0.087 
