Zero Weights processed. Default weights will be used
.
Warning: using -h 0 may be faster
*
optimization finished, #iter = 1527
C = 129.89461409242932
obj = 49479.190770596535, rho = 1.2083583349885656
nSV = 2654, nBSV = 2228
Total nSV = 2654
.
Warning: using -h 0 may be faster
*
optimization finished, #iter = 1555
C = 139.24000113940218
obj = 54220.43432696536, rho = -0.4929261611846459
nSV = 2671, nBSV = 2209
Total nSV = 2671
.
Warning: using -h 0 may be faster
*
optimization finished, #iter = 1509
C = 138.79500862495374
obj = 52054.965977880034, rho = -1.436394620366387
nSV = 2654, nBSV = 2208
Total nSV = 2654
.
Warning: using -h 0 may be faster
*
optimization finished, #iter = 1574
C = 142.54527096474374
obj = 55477.33183364027, rho = -2.2399769736143487
nSV = 2673, nBSV = 2195
Total nSV = 2673
.
Warning: using -h 0 may be faster
*
optimization finished, #iter = 1557
C = 159.75829444775192
obj = 65029.1207741515, rho = 1.467502731299657
nSV = 2682, nBSV = 2196
Total nSV = 2682
.
Warning: using -h 0 may be faster
*
optimization finished, #iter = 1970
C = 124.36626355904875
obj = 56109.084918669716, rho = -0.8568728809224636
nSV = 3296, nBSV = 2800
.
Warning: using -h 0 may be faster
...
Warning: using -h 0 may be faster
*
optimization finished, #iter = 4153
C = 766.6312792305522
obj = 703784.217249113, rho = -56.62171841667737
nSV = 4851, nBSV = 2911
Total nSV = 4851
.
Warning: using -h 0 may be faster
...
Warning: using -h 0 may be faster
*
optimization finished, #iter = 4071
C = 797.5877405730947
obj = 734681.3489036282, rho = -39.5853291812352
nSV = 4881, nBSV = 2909
Total nSV = 4881
.
Warning: using -h 0 may be faster
...
Warning: using -h 0 may be faster
*
optimization finished, #iter = 4204
C = 782.652633558829
obj = 719750.0047935641, rho = -67.30853521582344
nSV = 4871, nBSV = 2904
Total nSV = 4871
.
Warning: using -h 0 may be faster
...
Warning: using -h 0 may be faster
*
optimization finished, #iter = 4116
C = 719.1016295879963
obj = 633377.0811648828, rho = -43.264198841445406
nSV = 4829, nBSV = 2939
Total nSV = 4829
.
Warning: using -h 0 may be faster
...
Warning: using -h 0 may be faster
*
optimization finished, #iter = 4107
C = 735.0421043517459
obj = 661969.3258698289, rho = -60.8499020481715
nSV = 4823, nBSV = 2872
Total nSV = 4823
.
Warning: using -h 0 may be faster
....
Warning: using -h 0 may be faster
*.
Warning: using -h 0 may be faster
*
optimization finished, #iter = 5123
C = 739.9708498397458
obj = 771429.6684761302, rho = 31.285259843196524
nSV = 5926, nBSV = 3747
.
Warning: using -h 0 may be faster
*
optimization finished, #iter = 1483
C = 77.6521529142353
obj = 21943.00501422019, rho = 3.0590607141002106
nSV = 3006, nBSV = 2661
Total nSV = 3006
.
Warning: using -h 0 may be faster
*
optimization finished, #iter = 1419
C = 60.5348003117019
obj = 15209.614261984882, rho = -5.233014197186957
nSV = 2995, nBSV = 2668
Total nSV = 2995
.
Warning: using -h 0 may be faster
*
optimization finished, #iter = 1418
C = 60.54035950751082
obj = 15586.227349437882, rho = -3.546410540225615
nSV = 2996, nBSV = 2675
Total nSV = 2996
.
Warning: using -h 0 may be faster
*
optimization finished, #iter = 1504
C = 68.00299218118904
obj = 17945.84498286399, rho = -5.260488998464125
nSV = 3026, nBSV = 2633
Total nSV = 3026
.
Warning: using -h 0 may be faster
*
optimization finished, #iter = 1468
C = 60.42762958542498
obj = 15378.404057887736, rho = -3.6434011599389007
nSV = 2992, nBSV = 2666
Total nSV = 2992
.
Warning: using -h 0 may be faster
*
optimization finished, #iter = 1764
C = 56.49951381497423
obj = 17172.839512263574, rho = 4.282735989802397
nSV = 3718, nBSV = 3355
Total nSV = 8728
.
Warning: using -h 0 may be faster
*
optimization finished, #iter = 1284
C = 155.91554456872163
obj = 51894.57518239931, rho = -4.900209226281498
nSV = 2159, nBSV = 1737
Total nSV = 2159
.
Warning: using -h 0 may be faster
*
optimization finished, #iter = 1268
C = 164.57430021184908
obj = 55771.30909072756, rho = 0.3420730164390995
nSV = 2157, nBSV = 1742
Total nSV = 2157
.
Warning: using -h 0 may be faster
*
optimization finished, #iter = 1337
C = 178.33647480160417
obj = 64000.131504649886, rho = 0.8368108028444321
nSV = 2195, nBSV = 1678
Total nSV = 2195
.
Warning: using -h 0 may be faster
*
optimization finished, #iter = 1329
C = 185.187057220819
obj = 66834.2159211463, rho = 3.4064967145544656
nSV = 2183, nBSV = 1716
Total nSV = 2183
.
Warning: using -h 0 may be faster
*
optimization finished, #iter = 1209
C = 140.96239504324097
obj = 44021.08137212865, rho = 2.2982571879473928
nSV = 2151, nBSV = 1762
Total nSV = 2151
Line search fails in two-class probability estimates
.
Warning: using -h 0 may be faster
*
optimization finished, #iter = 1565
C = 146.99566573153584
obj = 58140.535964899114, rho = 1.9221190376847457
nSV = 2664, nBSV = 2205
...
Warning: using -h 0 may be faster
*.
Warning: using -h 0 may be faster
*
optimization finished, #iter = 3379
C = 750.3587386931407
obj = 586103.5721476268, rho = -51.80451975050935
nSV = 3980, nBSV = 2270
Total nSV = 3980
...
Warning: using -h 0 may be faster
*
optimization finished, #iter = 3286
C = 756.0550431977939
obj = 592264.4662720865, rho = -61.07751477466877
nSV = 3997, nBSV = 2261
Total nSV = 3997
...
Warning: using -h 0 may be faster
*
optimization finished, #iter = 3407
C = 743.9665339362925
obj = 573702.2667226746, rho = -57.83750633254139
nSV = 3951, nBSV = 2242
Total nSV = 3951
...
Warning: using -h 0 may be faster
*
optimization finished, #iter = 3302
C = 729.504236922245
obj = 566259.4657943748, rho = -51.324456798927145
nSV = 3960, nBSV = 2267
Total nSV = 3960
.
Warning: using -h 0 may be faster
..
Warning: using -h 0 may be faster
*
optimization finished, #iter = 3330
C = 743.7917636501662
obj = 571953.6977798108, rho = -51.61249346173446
nSV = 3967, nBSV = 2245
Total nSV = 3967
.
Warning: using -h 0 may be faster
..
Warning: using -h 0 may be faster
*
optimization finished, #iter = 3956
C = 714.4303323662643
obj = 631510.5027004741, rho = 33.93426983435263
nSV = 4844, nBSV = 2893
.
Warning: using -h 0 may be faster
*
optimization finished, #iter = 1180
C = 67.78691161649928
obj = 15121.523632808525, rho = -2.4630866527969486
nSV = 2423, nBSV = 2101
Total nSV = 2423
.
Warning: using -h 0 may be faster
*
optimization finished, #iter = 1267
C = 88.30877136293621
obj = 22135.456464179275, rho = -4.963059212978357
nSV = 2435, nBSV = 2083
Total nSV = 2435
.
Warning: using -h 0 may be faster
*
optimization finished, #iter = 1175
C = 77.45587144552005
obj = 18253.910316370682, rho = -3.6196441785271576
nSV = 2411, nBSV = 2100
Total nSV = 2411
.
Warning: using -h 0 may be faster
*
optimization finished, #iter = 1242
C = 93.89784732202867
obj = 24776.44159635652, rho = -2.736701749221284
nSV = 2438, nBSV = 2086
Total nSV = 2438
.
Warning: using -h 0 may be faster
*
optimization finished, #iter = 1178
C = 77.89947026377659
obj = 17536.48142292718, rho = -3.920106281925033
nSV = 2422, nBSV = 2103
Total nSV = 2422
.
Warning: using -h 0 may be faster
*
optimization finished, #iter = 1473
C = 70.10158841107133
obj = 19310.422669801785, rho = 3.168466330457733
nSV = 3002, nBSV = 2645
Total nSV = 7071
.
Warning: using -h 0 may be faster
*
optimization finished, #iter = 1346
C = 160.95244123417982
obj = 53749.873797734996, rho = -1.9016657801579897
nSV = 2182, nBSV = 1710
Total nSV = 2182
.
Warning: using -h 0 may be faster
*
optimization finished, #iter = 1281
C = 143.9120386984379
obj = 46682.13115623649, rho = -1.1207977251906684
nSV = 2145, nBSV = 1759
Total nSV = 2145
.
Warning: using -h 0 may be faster
*
optimization finished, #iter = 1345
C = 160.670695171505
obj = 54141.44577700294, rho = 1.768702019475162
nSV = 2163, nBSV = 1732
Total nSV = 2163
.
Warning: using -h 0 may be faster
*
optimization finished, #iter = 1349
C = 173.11958481792482
obj = 57925.87330090481, rho = -3.399578067361632
nSV = 2191, nBSV = 1705
Total nSV = 2191
.
Warning: using -h 0 may be faster
*
optimization finished, #iter = 1231
C = 151.41503927061896
obj = 49925.34179246498, rho = -0.3319146320952397
nSV = 2147, nBSV = 1749
Total nSV = 2147
.
Warning: using -h 0 may be faster
*
optimization finished, #iter = 1568
C = 140.0300851826791
obj = 54365.00192279335, rho = -1.3024787300254366
nSV = 2658, nBSV = 2190
...
Warning: using -h 0 may be faster
*
optimization finished, #iter = 3325
C = 809.6773452559802
obj = 647279.2695172982, rho = -63.95547416108354
nSV = 3974, nBSV = 2212
Total nSV = 3974
...
Warning: using -h 0 may be faster
*
optimization finished, #iter = 3414
C = 731.7068672060924
obj = 560527.0562125585, rho = -40.61695932205698
nSV = 3947, nBSV = 2250
Total nSV = 3947
...
Warning: using -h 0 may be faster
*
optimization finished, #iter = 3414
C = 790.2705061608165
obj = 630675.8083142884, rho = -47.295295916056126
nSV = 3952, nBSV = 2242
Total nSV = 3952
...
Warning: using -h 0 may be faster
*
optimization finished, #iter = 3474
C = 782.9738874564935
obj = 619546.001094408, rho = -53.11649915436149
nSV = 3977, nBSV = 2212
Total nSV = 3977
...
Warning: using -h 0 may be faster
*
optimization finished, #iter = 3234
C = 695.241208535538
obj = 524625.5670684637, rho = -46.34679026241113
nSV = 3893, nBSV = 2301
Total nSV = 3893
.
Warning: using -h 0 may be faster
..
Warning: using -h 0 may be faster
*
optimization finished, #iter = 3984
C = 743.3300873046264
obj = 673057.9517830542, rho = 23.231570108120863
nSV = 4854, nBSV = 2908
.
Warning: using -h 0 may be faster
*
optimization finished, #iter = 1180
C = 66.1376452468655
obj = 13718.039249842277, rho = -3.2666698701657957
nSV = 2409, nBSV = 2131
Total nSV = 2409
.
Warning: using -h 0 may be faster
*
optimization finished, #iter = 1148
C = 67.76722017964235
obj = 14802.949543580287, rho = 4.635798890796825
nSV = 2397, nBSV = 2120
Total nSV = 2397
.
Warning: using -h 0 may be faster
*
optimization finished, #iter = 1165
C = 63.14473026018649
obj = 13208.934853718745, rho = 4.285920830605006
nSV = 2410, nBSV = 2116
Total nSV = 2410
.
Warning: using -h 0 may be faster
*
optimization finished, #iter = 1180
C = 66.08892623914338
obj = 14010.051821614392, rho = 3.315007230276315
nSV = 2410, nBSV = 2116
Total nSV = 2410
.
Warning: using -h 0 may be faster
*
optimization finished, #iter = 1175
C = 62.53234935534396
obj = 12500.006084680625, rho = 1.3073933680119418
nSV = 2411, nBSV = 2124
Total nSV = 2411
.
Warning: using -h 0 may be faster
*
optimization finished, #iter = 1388
C = 55.305840452493946
obj = 13185.159715801925, rho = 3.460101713599519
nSV = 2980, nBSV = 2679
Total nSV = 7064
.
Warning: using -h 0 may be faster
..
Warning: using -h 0 may be faster
*
optimization finished, #iter = 3375
C = 754.0563331880782
obj = 572649.1607315954, rho = -40.92621603926637
nSV = 3978, nBSV = 2268
Total nSV = 3978
...
Warning: using -h 0 may be faster
*
optimization finished, #iter = 3181
C = 764.6126546340193
obj = 586855.06059116, rho = 21.54076995695184
nSV = 3935, nBSV = 2280
Total nSV = 3935
...
Warning: using -h 0 may be faster
*
optimization finished, #iter = 3219
C = 786.0454477240223
obj = 609943.4206403366, rho = 32.119701645454434
nSV = 3960, nBSV = 2261
Total nSV = 3960
...
Warning: using -h 0 may be faster
*
optimization finished, #iter = 3300
C = 765.9190672665646
obj = 593174.6204714193, rho = 32.212125788437426
nSV = 3965, nBSV = 2246
Total nSV = 3965
...
Warning: using -h 0 may be faster
*
optimization finished, #iter = 3292
C = 825.6196662805854
obj = 652175.6426274956, rho = 24.515575932931146
nSV = 3983, nBSV = 2229
Total nSV = 3983
.
Warning: using -h 0 may be faster
...
Warning: using -h 0 may be faster
*
optimization finished, #iter = 4215
C = 786.3014592996665
obj = 716358.5979329253, rho = -54.43181801905359
nSV = 4864, nBSV = 2892
.
Warning: using -h 0 may be faster
*
optimization finished, #iter = 1322
C = 105.53973846082772
obj = 27767.897066735775, rho = -7.047436096551727
nSV = 2471, nBSV = 2061
Total nSV = 2471
.
Warning: using -h 0 may be faster
*
optimization finished, #iter = 1211
C = 88.6701085244298
obj = 21135.2330452436, rho = -3.974529274182704
nSV = 2431, nBSV = 2086
Total nSV = 2431
.
Warning: using -h 0 may be faster
*
optimization finished, #iter = 1280
C = 96.95416724381445
obj = 24445.697308375085, rho = -6.339419571169916
nSV = 2463, nBSV = 2054
Total nSV = 2463
.
Warning: using -h 0 may be faster
*
optimization finished, #iter = 1295
C = 106.36111042726624
obj = 28246.44027709744, rho = -6.004192288426377
nSV = 2482, nBSV = 2053
Total nSV = 2482
.
Warning: using -h 0 may be faster
*
optimization finished, #iter = 1207
C = 89.58568779382084
obj = 23062.347481036428, rho = -4.741483012973894
nSV = 2453, nBSV = 2075
Total nSV = 2453
.
Warning: using -h 0 may be faster
*
optimization finished, #iter = 1469
C = 85.03880005652545
obj = 25001.561279920927, rho = -6.157480843059609
nSV = 3034, nBSV = 2618
.
Warning: using -h 0 may be faster
*
optimization finished, #iter = 1311
C = 161.99222206910287
obj = 53594.89174921817, rho = 1.6101908225668664
nSV = 2164, nBSV = 1722
Total nSV = 2164
.
Warning: using -h 0 may be faster
*
optimization finished, #iter = 1320
C = 176.81467422641367
obj = 60717.57961697211, rho = -0.2627288053438736
nSV = 2183, nBSV = 1722
Total nSV = 2183
.
Warning: using -h 0 may be faster
*
optimization finished, #iter = 1213
C = 125.12308820492196
obj = 36943.9539792219, rho = -1.0269675316974696
nSV = 2139, nBSV = 1765
Total nSV = 2139
.
Warning: using -h 0 may be faster
*
optimization finished, #iter = 1277
C = 141.0342069710423
obj = 45855.07650973664, rho = -3.5122095194856433
nSV = 2157, nBSV = 1751
Total nSV = 2157
.
Warning: using -h 0 may be faster
*
optimization finished, #iter = 1340
C = 162.96427853620563
obj = 54859.70863578626, rho = -1.3936394987998935
nSV = 2171, nBSV = 1731
Total nSV = 2171
.
Warning: using -h 0 may be faster
*
optimization finished, #iter = 1552
C = 134.5188454834221
obj = 50975.831670424144, rho = -0.4831747456012461
nSV = 2657, nBSV = 2205
Total nSV = 7136
.
Warning: using -h 0 may be faster
*
optimization finished, #iter = 1259
C = 161.40414114107855
obj = 54263.79736709452, rho = 1.8043677065517025
nSV = 2164, nBSV = 1733
Total nSV = 2164
.
Warning: using -h 0 may be faster
*
optimization finished, #iter = 1310
C = 179.18349047526485
obj = 60851.30502088803, rho = -0.9161705340424913
nSV = 2182, nBSV = 1719
Total nSV = 2182
.
Warning: using -h 0 may be faster
*
optimization finished, #iter = 1292
C = 166.59460391261186
obj = 56036.42715497931, rho = -2.38596499946585
nSV = 2178, nBSV = 1737
Total nSV = 2178
.
Warning: using -h 0 may be faster
*
optimization finished, #iter = 1301
C = 174.2581293525475
obj = 59664.584541376964, rho = -0.7506168127960164
nSV = 2177, nBSV = 1721
Total nSV = 2177
.
Warning: using -h 0 may be faster
*
optimization finished, #iter = 1273
C = 154.9254092938333
obj = 50701.41252360344, rho = 0.5779479444945801
nSV = 2164, nBSV = 1755
Total nSV = 2164
.
Warning: using -h 0 may be faster
*
optimization finished, #iter = 1548
C = 148.49629086239452
obj = 57922.95071542772, rho = -0.9451635493972382
nSV = 2673, nBSV = 2210
.
Warning: using -h 0 may be faster
*
optimization finished, #iter = 1154
C = 50.6698754560371
obj = 9481.559250637203, rho = 3.120656207387633
nSV = 2399, nBSV = 2123
Total nSV = 2399
.
Warning: using -h 0 may be faster
*
optimization finished, #iter = 1140
C = 75.79698528066663
obj = 17139.895723392103, rho = -4.835608501616307
nSV = 2424, nBSV = 2105
Total nSV = 2424
.
Warning: using -h 0 may be faster
*
optimization finished, #iter = 1273
C = 94.18729150462893
obj = 24054.07687408158, rho = -4.101444925854047
nSV = 2466, nBSV = 2074
Total nSV = 2466
.
Warning: using -h 0 may be faster
*
optimization finished, #iter = 1158
C = 72.12570487912194
obj = 16236.765515463103, rho = -3.899540599052102
nSV = 2425, nBSV = 2110
Total nSV = 2425
.
Warning: using -h 0 may be faster
*
optimization finished, #iter = 1218
C = 78.22481896006029
obj = 18044.020542391107, rho = -4.076989035074979
nSV = 2434, nBSV = 2092
Total nSV = 2434
.
Warning: using -h 0 may be faster
*
optimization finished, #iter = 1493
C = 63.40416091967765
obj = 16418.121727541933, rho = 3.9028594184830565
nSV = 2999, nBSV = 2658
...
Warning: using -h 0 may be faster
*
optimization finished, #iter = 3206
C = 738.6635821304529
obj = 574255.8986532876, rho = 16.31838130293458
nSV = 3958, nBSV = 2259
Total nSV = 3958
.
Warning: using -h 0 may be faster
..
Warning: using -h 0 may be faster
*
optimization finished, #iter = 3194
C = 766.1672379101442
obj = 601829.7444506742, rho = -49.17486398939002
nSV = 3941, nBSV = 2256
Total nSV = 3941
...
Warning: using -h 0 may be faster
*
optimization finished, #iter = 3282
C = 768.0850740537106
obj = 601930.1387748624, rho = -56.003282203341485
nSV = 3964, nBSV = 2260
Total nSV = 3964
.
Warning: using -h 0 may be faster
..
Warning: using -h 0 may be faster
*
optimization finished, #iter = 3316
C = 717.0593949208347
obj = 544016.2189115509, rho = -43.614659559905455
nSV = 3935, nBSV = 2297
Total nSV = 3935
...
Warning: using -h 0 may be faster
*
optimization finished, #iter = 3310
C = 764.957896209707
obj = 594755.3924771673, rho = -44.387120110136415
nSV = 3963, nBSV = 2243
Total nSV = 3963
.
Warning: using -h 0 may be faster
...
Warning: using -h 0 may be faster
*
optimization finished, #iter = 4186
C = 727.3036221799752
obj = 646756.6358131969, rho = 20.980235827093086
nSV = 4875, nBSV = 2914
Total nSV = 7046
.
Warning: using -h 0 may be faster
*
optimization finished, #iter = 1160
C = 64.49456702176394
obj = 13655.09101685771, rho = -4.192290913736193
nSV = 2405, nBSV = 2122
Total nSV = 2405
.
Warning: using -h 0 may be faster
*
optimization finished, #iter = 1185
C = 67.17524586259253
obj = 14939.450971096792, rho = 3.3831176260937172
nSV = 2418, nBSV = 2111
Total nSV = 2418
.
Warning: using -h 0 may be faster
*
optimization finished, #iter = 1191
C = 75.84901717436883
obj = 17599.48429143449, rho = 2.3028443193736865
nSV = 2437, nBSV = 2105
Total nSV = 2437
.
Warning: using -h 0 may be faster
*
optimization finished, #iter = 1142
C = 64.50841029351245
obj = 13821.913453696565, rho = 2.3379679063379846
nSV = 2401, nBSV = 2123
Total nSV = 2401
.
Warning: using -h 0 may be faster
*
optimization finished, #iter = 1140
C = 53.66366957378077
obj = 10313.433913021438, rho = 1.100969173180406
nSV = 2398, nBSV = 2144
Total nSV = 2398
.
Warning: using -h 0 may be faster
*
optimization finished, #iter = 1398
C = 55.25498120174615
obj = 13562.855652105036, rho = 3.194612683201496
nSV = 2981, nBSV = 2684
.
Warning: using -h 0 may be faster
*
optimization finished, #iter = 1287
C = 168.9375304740637
obj = 56371.14787407197, rho = 0.5565333713640814
nSV = 2151, nBSV = 1738
Total nSV = 2151
.
Warning: using -h 0 may be faster
*
optimization finished, #iter = 1312
C = 153.9108343943964
obj = 51605.27315731072, rho = 0.6487081572096006
nSV = 2166, nBSV = 1743
Total nSV = 2166
.
Warning: using -h 0 may be faster
*
optimization finished, #iter = 1290
C = 157.26762765642093
obj = 51654.03157723289, rho = -2.8552696902254784
nSV = 2167, nBSV = 1741
Total nSV = 2167
.
Warning: using -h 0 may be faster
*
optimization finished, #iter = 1320
C = 161.17657263344202
obj = 54831.246295552366, rho = 1.363621240479353
nSV = 2164, nBSV = 1728
Total nSV = 2164
.
Warning: using -h 0 may be faster
*
optimization finished, #iter = 1268
C = 151.8918603336109
obj = 48607.24118749395, rho = 1.5653131926893755
nSV = 2141, nBSV = 1755
Total nSV = 2141
.
Warning: using -h 0 may be faster
*
optimization finished, #iter = 1553
C = 139.50026055340027
obj = 53529.371150729385, rho = -1.4404039739158792
nSV = 2658, nBSV = 2200
...
Warning: using -h 0 may be faster
*
optimization finished, #iter = 3318
C = 768.0977387892148
obj = 594298.8448311642, rho = -44.875468362810516
nSV = 3978, nBSV = 2283
Total nSV = 3978
...
Warning: using -h 0 may be faster
*
optimization finished, #iter = 3358
C = 802.7977152805441
obj = 617646.2093192445, rho = 23.26893331113183
nSV = 3987, nBSV = 2216
Total nSV = 3987
...
Warning: using -h 0 may be faster
*
optimization finished, #iter = 3154
C = 766.7734449755952
obj = 591362.9804863727, rho = 8.267936618627177
nSV = 3940, nBSV = 2280
Total nSV = 3940
...
Warning: using -h 0 may be faster
*
optimization finished, #iter = 3258
C = 776.5928465517852
obj = 598702.7393048366, rho = 10.756087696328072
nSV = 3945, nBSV = 2239
Total nSV = 3945
...
Warning: using -h 0 may be faster
*.
Warning: using -h 0 may be faster
*
optimization finished, #iter = 3290
C = 771.109380723121
obj = 604657.1896119547, rho = 32.22231888261226
nSV = 3958, nBSV = 2274
Total nSV = 3958
.
Warning: using -h 0 may be faster
...
Warning: using -h 0 may be faster
*
optimization finished, #iter = 4098
C = 777.3169990588159
obj = 704776.2565261694, rho = -47.43291506870796
nSV = 4870, nBSV = 2889
Total nSV = 7073


=== Predictions under cross-validation ===

 inst#     actual  predicted error distribution
     1  2:neutral  2:neutral       0.106,*0.791,0.103 
     2  2:neutral  2:neutral       0.049,*0.804,0.147 
     3  2:neutral 3:positive   +   0.058,0.313,*0.629 
     4  2:neutral  2:neutral       0.096,*0.595,0.308 
     5  2:neutral  2:neutral       0.077,*0.704,0.219 
     6  2:neutral 1:negative   +   *0.483,0.462,0.055 
     7  2:neutral  2:neutral       0.045,*0.582,0.373 
     8  2:neutral  2:neutral       0.057,*0.821,0.122 
     9  2:neutral  2:neutral       0.085,*0.681,0.234 
    10  2:neutral 1:negative   +   *0.729,0.173,0.099 
    11  2:neutral 3:positive   +   0.026,0.386,*0.588 
    12  2:neutral  2:neutral       0.061,*0.747,0.192 
    13  2:neutral  2:neutral       0.035,*0.854,0.111 
    14  2:neutral  2:neutral       0.018,*0.544,0.438 
    15  2:neutral  2:neutral       0.347,*0.504,0.148 
    16  2:neutral  2:neutral       0.024,*0.816,0.159 
    17  2:neutral  2:neutral       0.256,*0.475,0.268 
    18  2:neutral  2:neutral       0.212,*0.519,0.269 
    19  2:neutral  2:neutral       0.17,*0.711,0.119 
    20  2:neutral  2:neutral       0.03,*0.937,0.034 
    21  2:neutral 1:negative   +   *0.863,0.061,0.076 
    22  2:neutral  2:neutral       0.064,*0.557,0.38 
    23  2:neutral  2:neutral       0.084,*0.713,0.203 
    24  2:neutral  2:neutral       0.077,*0.85,0.074 
    25  2:neutral  2:neutral       0.044,*0.741,0.215 
    26  2:neutral 3:positive   +   0.041,0.252,*0.706 
    27  2:neutral  2:neutral       0.032,*0.913,0.055 
    28  2:neutral 1:negative   +   *0.825,0.139,0.037 
    29  2:neutral  2:neutral       0.024,*0.606,0.371 
    30  2:neutral 3:positive   +   0.036,0.402,*0.562 
    31  2:neutral  2:neutral       0.155,*0.727,0.118 
    32  2:neutral 1:negative   +   *0.927,0.058,0.015 
    33  2:neutral  2:neutral       0.036,*0.874,0.091 
    34  2:neutral  2:neutral       0.085,*0.797,0.118 
    35  2:neutral  2:neutral       0.063,*0.849,0.088 
    36  2:neutral  2:neutral       0.051,*0.567,0.382 
    37  2:neutral  2:neutral       0.048,*0.737,0.215 
    38  2:neutral  2:neutral       0.115,*0.76,0.125 
    39  2:neutral  2:neutral       0.05,*0.72,0.23 
    40  2:neutral  2:neutral       0.043,*0.737,0.22 
    41  2:neutral  2:neutral       0.059,*0.785,0.156 
    42  2:neutral  2:neutral       0.088,*0.723,0.189 
    43  2:neutral 3:positive   +   0.07,0.281,*0.649 
    44  2:neutral 3:positive   +   0.069,0.432,*0.499 
    45  2:neutral  2:neutral       0.063,*0.837,0.099 
    46  2:neutral  2:neutral       0.033,*0.633,0.335 
    47  2:neutral  2:neutral       0.049,*0.679,0.271 
    48  2:neutral 3:positive   +   0.064,0.384,*0.552 
    49  2:neutral  2:neutral       0.046,*0.883,0.071 
    50  2:neutral  2:neutral       0.033,*0.777,0.19 
    51  2:neutral  2:neutral       0.087,*0.853,0.061 
    52  2:neutral  2:neutral       0.292,*0.499,0.209 
    53  2:neutral  2:neutral       0.099,*0.493,0.408 
    54  2:neutral  2:neutral       0.104,*0.561,0.335 
    55  2:neutral  2:neutral       0.094,*0.769,0.137 
    56  2:neutral  2:neutral       0.051,*0.918,0.031 
    57  2:neutral  2:neutral       0.27,*0.46,0.27 
    58  2:neutral  2:neutral       0.084,*0.644,0.272 
    59  2:neutral  2:neutral       0.085,*0.68,0.235 
    60  2:neutral  2:neutral       0.067,*0.532,0.401 
    61  2:neutral  2:neutral       0.265,*0.627,0.107 
    62  2:neutral  2:neutral       0.064,*0.696,0.24 
    63  2:neutral  2:neutral       0.034,*0.657,0.309 
    64  2:neutral  2:neutral       0.141,*0.597,0.262 
    65  2:neutral  2:neutral       0.256,*0.606,0.139 
    66  2:neutral 3:positive   +   0.056,0.347,*0.597 
    67  2:neutral  2:neutral       0.027,*0.516,0.457 
    68  2:neutral  2:neutral       0.196,*0.636,0.168 
    69  2:neutral 3:positive   +   0.04,0.299,*0.661 
    70  2:neutral 3:positive   +   0.052,0.467,*0.482 
    71  2:neutral  2:neutral       0.191,*0.68,0.128 
    72  2:neutral 3:positive   +   0.032,0.13,*0.838 
    73  2:neutral  2:neutral       0.256,*0.466,0.278 
    74  2:neutral 3:positive   +   0.266,0.366,*0.368 
    75  2:neutral  2:neutral       0.049,*0.789,0.162 
    76  2:neutral  2:neutral       0.053,*0.683,0.264 
    77  2:neutral  2:neutral       0.252,*0.596,0.152 
    78  2:neutral  2:neutral       0.082,*0.796,0.122 
    79  2:neutral  2:neutral       0.142,*0.769,0.089 
    80  2:neutral  2:neutral       0.046,*0.791,0.163 
    81  2:neutral 3:positive   +   0.359,0.267,*0.374 
    82  2:neutral  2:neutral       0.107,*0.846,0.048 
    83  2:neutral 3:positive   +   0.184,0.163,*0.652 
    84  2:neutral 3:positive   +   0.035,0.299,*0.665 
    85  2:neutral 3:positive   +   0.172,0.393,*0.436 
    86  2:neutral  2:neutral       0.096,*0.819,0.086 
    87  2:neutral  2:neutral       0.018,*0.574,0.408 
    88  2:neutral  2:neutral       0.048,*0.794,0.158 
    89  2:neutral  2:neutral       0.249,*0.542,0.209 
    90  2:neutral  2:neutral       0.048,*0.7,0.251 
    91  2:neutral  2:neutral       0.068,*0.74,0.192 
    92  2:neutral  2:neutral       0.102,*0.766,0.132 
    93  2:neutral  2:neutral       0.091,*0.63,0.279 
    94  2:neutral  2:neutral       0.055,*0.683,0.262 
    95  2:neutral 3:positive   +   0.056,0.324,*0.62 
    96  2:neutral  2:neutral       0.26,*0.648,0.092 
    97  2:neutral  2:neutral       0.064,*0.774,0.162 
    98  2:neutral 3:positive   +   0.073,0.406,*0.521 
    99  2:neutral  2:neutral       0.055,*0.794,0.15 
   100  2:neutral  2:neutral       0.071,*0.675,0.254 
   101  2:neutral  2:neutral       0.282,*0.391,0.327 
   102  2:neutral 3:positive   +   0.06,0.231,*0.709 
   103  2:neutral  2:neutral       0.041,*0.801,0.158 
   104  2:neutral  2:neutral       0.174,*0.591,0.235 
   105  2:neutral  2:neutral       0.058,*0.627,0.316 
   106  2:neutral 1:negative   +   *0.51,0.234,0.255 
   107  2:neutral  2:neutral       0.084,*0.713,0.203 
   108  2:neutral  2:neutral       0.027,*0.795,0.177 
   109  2:neutral  2:neutral       0.028,*0.865,0.107 
   110  2:neutral  2:neutral       0.079,*0.753,0.168 
   111  2:neutral  2:neutral       0.097,*0.702,0.201 
   112  2:neutral  2:neutral       0.018,*0.89,0.092 
   113  2:neutral  2:neutral       0.042,*0.641,0.317 
   114  2:neutral 3:positive   +   0.06,0.282,*0.658 
   115  2:neutral  2:neutral       0.059,*0.747,0.194 
   116  2:neutral 3:positive   +   0.255,0.297,*0.448 
   117  2:neutral  2:neutral       0.064,*0.888,0.048 
   118  2:neutral  2:neutral       0.134,*0.512,0.354 
   119  2:neutral  2:neutral       0.041,*0.841,0.118 
   120  2:neutral 3:positive   +   0.08,0.203,*0.717 
   121  2:neutral  2:neutral       0.063,*0.708,0.229 
   122  2:neutral 3:positive   +   0.259,0.274,*0.467 
   123  2:neutral  2:neutral       0.068,*0.85,0.082 
   124  2:neutral  2:neutral       0.13,*0.657,0.213 
   125  2:neutral 1:negative   +   *0.555,0.342,0.103 
   126  2:neutral  2:neutral       0.052,*0.783,0.165 
   127  2:neutral  2:neutral       0.037,*0.88,0.083 
   128  2:neutral 3:positive   +   0.054,0.426,*0.521 
   129  2:neutral  2:neutral       0.121,*0.774,0.105 
   130  2:neutral  2:neutral       0.05,*0.722,0.228 
   131  2:neutral  2:neutral       0.176,*0.49,0.333 
   132  2:neutral  2:neutral       0.072,*0.729,0.199 
   133  2:neutral  2:neutral       0.037,*0.743,0.22 
   134  2:neutral  2:neutral       0.147,*0.749,0.103 
   135  2:neutral  2:neutral       0.046,*0.77,0.184 
   136  2:neutral  2:neutral       0.021,*0.806,0.173 
   137  2:neutral  2:neutral       0.064,*0.73,0.207 
   138  2:neutral 3:positive   +   0.036,0.298,*0.666 
   139  2:neutral  2:neutral       0.323,*0.49,0.187 
   140  2:neutral  2:neutral       0.307,*0.574,0.119 
   141  2:neutral  2:neutral       0.053,*0.712,0.235 
   142  2:neutral  2:neutral       0.085,*0.723,0.193 
   143  2:neutral  2:neutral       0.228,*0.394,0.379 
   144  2:neutral  2:neutral       0.191,*0.665,0.144 
   145  2:neutral 3:positive   +   0.269,0.322,*0.409 
   146  2:neutral  2:neutral       0.069,*0.84,0.091 
   147  2:neutral  2:neutral       0.035,*0.782,0.183 
   148  2:neutral  2:neutral       0.052,*0.785,0.163 
   149  2:neutral 3:positive   +   0.143,0.28,*0.577 
   150  2:neutral  2:neutral       0.08,*0.833,0.087 
   151  2:neutral  2:neutral       0.041,*0.667,0.291 
   152  2:neutral  2:neutral       0.049,*0.876,0.075 
   153  2:neutral  2:neutral       0.047,*0.836,0.117 
   154  2:neutral  2:neutral       0.111,*0.743,0.146 
   155  2:neutral 3:positive   +   0.05,0.342,*0.607 
   156  2:neutral 3:positive   +   0.046,0.391,*0.563 
   157  2:neutral  2:neutral       0.018,*0.559,0.423 
   158  2:neutral  2:neutral       0.048,*0.817,0.135 
   159  2:neutral  2:neutral       0.189,*0.754,0.058 
   160  2:neutral  2:neutral       0.026,*0.863,0.111 
   161  2:neutral  2:neutral       0.16,*0.523,0.317 
   162  2:neutral  2:neutral       0.026,*0.839,0.135 
   163  2:neutral  2:neutral       0.048,*0.635,0.317 
   164  2:neutral  2:neutral       0.14,*0.668,0.192 
   165  2:neutral  2:neutral       0.072,*0.859,0.069 
   166  2:neutral  2:neutral       0.068,*0.693,0.239 
   167  2:neutral  2:neutral       0.05,*0.747,0.203 
   168  2:neutral  2:neutral       0.072,*0.772,0.156 
   169  2:neutral  2:neutral       0.108,*0.673,0.219 
   170  2:neutral  2:neutral       0.051,*0.852,0.097 
   171  2:neutral  2:neutral       0.085,*0.709,0.206 
   172  2:neutral  2:neutral       0.402,*0.533,0.066 
   173  2:neutral 1:negative   +   *0.856,0.105,0.04 
   174  2:neutral  2:neutral       0.086,*0.617,0.298 
   175  2:neutral  2:neutral       0.153,*0.694,0.154 
   176  2:neutral  2:neutral       0.076,*0.738,0.186 
   177  2:neutral  2:neutral       0.036,*0.836,0.128 
   178  2:neutral  2:neutral       0.084,*0.735,0.182 
   179  2:neutral  2:neutral       0.039,*0.752,0.209 
   180  2:neutral  2:neutral       0.056,*0.68,0.263 
   181  2:neutral  2:neutral       0.06,*0.864,0.076 
   182  2:neutral  2:neutral       0.095,*0.756,0.149 
   183  2:neutral  2:neutral       0.081,*0.75,0.169 
   184  2:neutral 3:positive   +   0.05,0.323,*0.627 
   185  2:neutral  2:neutral       0.096,*0.654,0.25 
   186  2:neutral  2:neutral       0.022,*0.79,0.188 
   187  2:neutral  2:neutral       0.055,*0.567,0.378 
   188  2:neutral 3:positive   +   0.063,0.446,*0.492 
   189  2:neutral  2:neutral       0.188,*0.672,0.14 
   190  2:neutral  2:neutral       0.075,*0.794,0.131 
   191  2:neutral  2:neutral       0.079,*0.816,0.105 
   192  2:neutral  2:neutral       0.052,*0.76,0.188 
   193  2:neutral 3:positive   +   0.022,0.3,*0.677 
   194  2:neutral  2:neutral       0.059,*0.846,0.095 
   195  2:neutral  2:neutral       0.076,*0.609,0.315 
   196  2:neutral 1:negative   +   *0.521,0.323,0.155 
   197  2:neutral  2:neutral       0.099,*0.744,0.156 
   198  2:neutral  2:neutral       0.346,*0.522,0.133 
   199  2:neutral 3:positive   +   0.079,0.246,*0.675 
   200  2:neutral  2:neutral       0.057,*0.74,0.203 
   201  2:neutral  2:neutral       0.029,*0.849,0.122 
   202  2:neutral  2:neutral       0.132,*0.665,0.203 
   203  2:neutral 3:positive   +   0.064,0.455,*0.482 
   204  2:neutral  2:neutral       0.061,*0.908,0.032 
   205  2:neutral  2:neutral       0.046,*0.708,0.246 
   206  2:neutral  2:neutral       0.145,*0.609,0.246 
   207  2:neutral  2:neutral       0.103,*0.602,0.295 
   208  2:neutral  2:neutral       0.066,*0.786,0.148 
   209  2:neutral  2:neutral       0.04,*0.815,0.145 
   210  2:neutral 1:negative   +   *0.495,0.174,0.332 
   211  2:neutral  2:neutral       0.044,*0.797,0.159 
   212  2:neutral  2:neutral       0.05,*0.848,0.102 
   213  2:neutral  2:neutral       0.131,*0.737,0.131 
   214  2:neutral  2:neutral       0.079,*0.761,0.16 
   215  2:neutral  2:neutral       0.206,*0.423,0.37 
   216  2:neutral  2:neutral       0.04,*0.66,0.301 
   217  2:neutral  2:neutral       0.069,*0.851,0.08 
   218  2:neutral  2:neutral       0.315,*0.391,0.294 
   219  2:neutral  2:neutral       0.211,*0.689,0.101 
   220  2:neutral  2:neutral       0.082,*0.811,0.107 
   221  2:neutral 1:negative   +   *0.575,0.235,0.19 
   222  2:neutral  2:neutral       0.114,*0.447,0.439 
   223  2:neutral  2:neutral       0.081,*0.755,0.163 
   224  2:neutral  2:neutral       0.145,*0.723,0.132 
   225  2:neutral  2:neutral       0.028,*0.829,0.143 
   226  2:neutral  2:neutral       0.04,*0.7,0.261 
   227  2:neutral  2:neutral       0.052,*0.782,0.166 
   228  2:neutral 3:positive   +   0.039,0.255,*0.705 
   229  2:neutral  2:neutral       0.021,*0.667,0.312 
   230  2:neutral 1:negative   +   *0.54,0.191,0.269 
   231  2:neutral  2:neutral       0.135,*0.738,0.127 
   232  2:neutral  2:neutral       0.318,*0.425,0.257 
   233  2:neutral  2:neutral       0.133,*0.618,0.249 
   234  2:neutral 3:positive   +   0.024,0.486,*0.49 
   235  2:neutral  2:neutral       0.411,*0.505,0.084 
   236  2:neutral  2:neutral       0.117,*0.592,0.291 
   237  2:neutral  2:neutral       0.046,*0.647,0.307 
   238  2:neutral 1:negative   +   *0.584,0.365,0.052 
   239  2:neutral  2:neutral       0.167,*0.55,0.284 
   240  2:neutral  2:neutral       0.226,*0.529,0.245 
   241  2:neutral 1:negative   +   *0.439,0.418,0.143 
   242  2:neutral  2:neutral       0.061,*0.771,0.168 
   243  2:neutral 3:positive   +   0.042,0.33,*0.628 
   244  2:neutral  2:neutral       0.05,*0.834,0.116 
   245  2:neutral  2:neutral       0.142,*0.675,0.183 
   246  2:neutral 3:positive   +   0.02,0.301,*0.679 
   247  2:neutral  2:neutral       0.034,*0.939,0.027 
   248  2:neutral  2:neutral       0.05,*0.654,0.296 
   249  2:neutral  2:neutral       0.073,*0.64,0.287 
   250  2:neutral  2:neutral       0.043,*0.773,0.184 
   251  2:neutral  2:neutral       0.099,*0.462,0.439 
   252  2:neutral  2:neutral       0.051,*0.778,0.171 
   253  2:neutral  2:neutral       0.094,*0.796,0.109 
   254  2:neutral  2:neutral       0.179,*0.73,0.091 
   255  2:neutral  2:neutral       0.069,*0.741,0.19 
   256  2:neutral  2:neutral       0.097,*0.586,0.318 
   257  2:neutral  2:neutral       0.084,*0.713,0.203 
   258  2:neutral  2:neutral       0.068,*0.881,0.051 
   259  2:neutral  2:neutral       0.067,*0.581,0.352 
   260  2:neutral  2:neutral       0.226,*0.673,0.101 
   261  2:neutral 3:positive   +   0.044,0.317,*0.639 
   262  2:neutral  2:neutral       0.033,*0.88,0.087 
   263  2:neutral  2:neutral       0.075,*0.729,0.196 
   264  2:neutral  2:neutral       0.061,*0.834,0.106 
   265  2:neutral  2:neutral       0.072,*0.704,0.224 
   266  2:neutral  2:neutral       0.03,*0.763,0.208 
   267  2:neutral 3:positive   +   0.034,0.222,*0.744 
   268  2:neutral  2:neutral       0.257,*0.62,0.123 
   269  2:neutral  2:neutral       0.175,*0.484,0.341 
   270  2:neutral  2:neutral       0.065,*0.522,0.413 
   271  2:neutral  2:neutral       0.345,*0.441,0.214 
   272  2:neutral 3:positive   +   0.066,0.123,*0.811 
   273  2:neutral  2:neutral       0.095,*0.757,0.149 
   274  2:neutral  2:neutral       0.054,*0.689,0.257 
   275  2:neutral 1:negative   +   *0.736,0.084,0.18 
   276  2:neutral  2:neutral       0.017,*0.921,0.062 
   277  2:neutral  2:neutral       0.041,*0.604,0.356 
   278  2:neutral  2:neutral       0.059,*0.852,0.089 
   279  2:neutral 1:negative   +   *0.653,0.242,0.105 
   280  2:neutral 3:positive   +   0.017,0.395,*0.588 
   281  2:neutral  2:neutral       0.077,*0.764,0.159 
   282  2:neutral  2:neutral       0.052,*0.869,0.078 
   283  2:neutral 1:negative   +   *0.416,0.374,0.21 
   284  2:neutral  2:neutral       0.072,*0.663,0.265 
   285  2:neutral  2:neutral       0.031,*0.93,0.038 
   286  2:neutral 3:positive   +   0.055,0.459,*0.486 
   287  2:neutral  2:neutral       0.06,*0.843,0.097 
   288  2:neutral  2:neutral       0.062,*0.821,0.117 
   289  2:neutral  2:neutral       0.072,*0.72,0.208 
   290  2:neutral  2:neutral       0.018,*0.64,0.342 
   291  2:neutral  2:neutral       0.164,*0.555,0.281 
   292  2:neutral 1:negative   +   *0.44,0.289,0.271 
   293  2:neutral  2:neutral       0.013,*0.502,0.485 
   294  2:neutral  2:neutral       0.061,*0.718,0.221 
   295  2:neutral  2:neutral       0.462,*0.496,0.041 
   296  2:neutral  2:neutral       0.072,*0.729,0.199 
   297  2:neutral  2:neutral       0.101,*0.569,0.33 
   298  2:neutral  2:neutral       0.061,*0.755,0.184 
   299  2:neutral  2:neutral       0.084,*0.793,0.123 
   300  2:neutral  2:neutral       0.068,*0.867,0.065 
   301  2:neutral  2:neutral       0.032,*0.842,0.126 
   302  2:neutral  2:neutral       0.073,*0.717,0.21 
   303  2:neutral 3:positive   +   0.166,0.253,*0.581 
   304  2:neutral 3:positive   +   0.221,0.375,*0.404 
   305  2:neutral  2:neutral       0.03,*0.729,0.241 
   306  2:neutral  2:neutral       0.058,*0.777,0.165 
   307  2:neutral 1:negative   +   *0.442,0.428,0.131 
   308  2:neutral  2:neutral       0.034,*0.947,0.019 
   309  2:neutral 3:positive   +   0.087,0.199,*0.714 
   310  2:neutral  2:neutral       0.052,*0.908,0.04 
   311  2:neutral  2:neutral       0.106,*0.573,0.321 
   312  2:neutral  2:neutral       0.109,*0.638,0.253 
   313  2:neutral  2:neutral       0.158,*0.739,0.103 
   314  2:neutral  2:neutral       0.092,*0.773,0.135 
   315  2:neutral  2:neutral       0.021,*0.715,0.264 
   316  2:neutral 3:positive   +   0.046,0.457,*0.497 
   317  2:neutral  2:neutral       0.056,*0.74,0.205 
   318  2:neutral  2:neutral       0.074,*0.802,0.124 
   319  2:neutral  2:neutral       0.082,*0.581,0.337 
   320  2:neutral  2:neutral       0.067,*0.764,0.17 
   321  2:neutral  2:neutral       0.064,*0.829,0.107 
   322  2:neutral  2:neutral       0.058,*0.834,0.108 
   323  2:neutral  2:neutral       0.092,*0.566,0.342 
   324  2:neutral  2:neutral       0.101,*0.788,0.111 
   325  2:neutral  2:neutral       0.053,*0.799,0.148 
   326  2:neutral  2:neutral       0.058,*0.751,0.191 
   327  2:neutral 1:negative   +   *0.672,0.147,0.181 
   328  2:neutral  2:neutral       0.334,*0.59,0.076 
   329  2:neutral  2:neutral       0.151,*0.551,0.298 
   330  2:neutral  2:neutral       0.029,*0.879,0.093 
   331  2:neutral 3:positive   +   0.043,0.268,*0.69 
   332  2:neutral  2:neutral       0.092,*0.779,0.129 
   333  2:neutral  2:neutral       0.024,*0.827,0.15 
   334  2:neutral 3:positive   +   0.165,0.356,*0.479 
   335  2:neutral  2:neutral       0.028,*0.65,0.322 
   336  2:neutral  2:neutral       0.073,*0.658,0.268 
   337  2:neutral  2:neutral       0.154,*0.738,0.108 
   338  2:neutral  2:neutral       0.145,*0.5,0.355 
   339  2:neutral  2:neutral       0.068,*0.773,0.159 
   340  2:neutral  2:neutral       0.278,*0.575,0.147 
   341  2:neutral  2:neutral       0.061,*0.751,0.188 
   342  2:neutral 3:positive   +   0.162,0.109,*0.729 
   343  2:neutral 3:positive   +   0.078,0.459,*0.463 
   344  2:neutral  2:neutral       0.035,*0.606,0.359 
   345  2:neutral  2:neutral       0.018,*0.831,0.15 
   346  2:neutral  2:neutral       0.06,*0.66,0.28 
   347  2:neutral  2:neutral       0.084,*0.713,0.203 
   348  2:neutral 1:negative   +   *0.426,0.359,0.214 
