Zero Weights processed. Default weights will be used
.
Warning: using -h 0 may be faster
*
optimization finished, #iter = 1320
C = 52.929554783805706
obj = 16036.212186198069, rho = -0.03133904037431445
nSV = 2831, nBSV = 2589
Total nSV = 2831
.
Warning: using -h 0 may be faster
*
optimization finished, #iter = 1257
C = 45.123641759312505
obj = 12776.740003592296, rho = -0.48083070127834804
nSV = 2811, nBSV = 2611
Total nSV = 2811
.
Warning: using -h 0 may be faster
*
optimization finished, #iter = 1292
C = 47.44762364180039
obj = 13672.334364690165, rho = 0.08394319083561445
nSV = 2831, nBSV = 2602
Total nSV = 2831
.
Warning: using -h 0 may be faster
*
optimization finished, #iter = 1288
C = 44.89340068902862
obj = 12232.302763688003, rho = -0.7383109102374831
nSV = 2826, nBSV = 2606
Total nSV = 2826
.
Warning: using -h 0 may be faster
*
optimization finished, #iter = 1232
C = 43.6938749329402
obj = 12464.499308763248, rho = -1.1808568412183167
nSV = 2806, nBSV = 2601
Total nSV = 2806
.
Warning: using -h 0 may be faster
*
optimization finished, #iter = 1629
C = 38.9317949265103
obj = 13053.652661306418, rho = 0.048203552689538964
nSV = 3488, nBSV = 3264
.
Warning: using -h 0 may be faster
..
Warning: using -h 0 may be faster
*
optimization finished, #iter = 3668
C = 419.5217428486164
obj = 343527.372255635, rho = -27.348731777668977
nSV = 5054, nBSV = 3532
Total nSV = 5054
.
Warning: using -h 0 may be faster
..
Warning: using -h 0 may be faster
*
optimization finished, #iter = 3745
C = 421.8452772728959
obj = 345014.88926492643, rho = 29.735549265521918
nSV = 5014, nBSV = 3535
Total nSV = 5014
.
Warning: using -h 0 may be faster
..
Warning: using -h 0 may be faster
*
optimization finished, #iter = 3715
C = 415.3114474686817
obj = 333289.65403794096, rho = 16.911082524293555
nSV = 5030, nBSV = 3553
Total nSV = 5030
.
Warning: using -h 0 may be faster
..
Warning: using -h 0 may be faster
*
optimization finished, #iter = 3732
C = 406.1441160509807
obj = 327757.7924250623, rho = 14.562696263816898
nSV = 5012, nBSV = 3568
Total nSV = 5012
.
Warning: using -h 0 may be faster
..
Warning: using -h 0 may be faster
*
optimization finished, #iter = 3668
C = 424.58623473357966
obj = 339073.6199869466, rho = 16.967887274345834
nSV = 4990, nBSV = 3530
Total nSV = 4990
.
Warning: using -h 0 may be faster
...
Warning: using -h 0 may be faster
*
optimization finished, #iter = 4627
C = 390.74351775150234
obj = 362907.11609446333, rho = 19.78254921709626
nSV = 6163, nBSV = 4524
.
Warning: using -h 0 may be faster
*
optimization finished, #iter = 1133
C = 0.0
obj = 0.0, rho = NaN
nSV = 0, nBSV = 0
Total nSV = 0
.
Warning: using -h 0 may be faster
*
optimization finished, #iter = 1254
C = 8.85207608846603
obj = 1409.5084059953663, rho = 0.7703548709096426
nSV = 3232, nBSV = 3029
Total nSV = 3232
.
Warning: using -h 0 may be faster
*
optimization finished, #iter = 1268
C = 9.527630845615377
obj = 1549.6931947714252, rho = 0.5557448033533897
nSV = 3250, nBSV = 3028
Total nSV = 3250
.
Warning: using -h 0 may be faster
*
optimization finished, #iter = 1201
C = 6.906535499249162
obj = 912.0823594180289, rho = 0.5999305000343138
nSV = 3220, nBSV = 3065
Total nSV = 3220
.
Warning: using -h 0 may be faster
*
optimization finished, #iter = 1140
C = 0.0
obj = 0.0, rho = NaN
nSV = 0, nBSV = 0
Total nSV = 0
Line search fails in two-class probability estimates
.
Warning: using -h 0 may be faster
*
optimization finished, #iter = 1440
C = 4.876946254110894
obj = 793.0197349205781, rho = 0.556516411791872
nSV = 4026, nBSV = 3822
Total nSV = 9114
.
Warning: using -h 0 may be faster
*
optimization finished, #iter = 1116
C = 71.28598676590855
obj = 19883.73059927989, rho = -1.9034744868764857
nSV = 2307, nBSV = 2031
Total nSV = 2307
.
Warning: using -h 0 may be faster
*
optimization finished, #iter = 1021
C = 71.02369875466246
obj = 19122.66899243516, rho = 0.37696519647063986
nSV = 2277, nBSV = 2053
Total nSV = 2277
.*
optimization finished, #iter = 1016
C = 57.317939795734105
obj = 14462.288047918311, rho = 1.2736591633760532
nSV = 2280, nBSV = 2052
Total nSV = 2280
.
Warning: using -h 0 may be faster
*
optimization finished, #iter = 1062
C = 62.08400698451056
obj = 16599.323728480056, rho = 1.6465645500984138
nSV = 2291, nBSV = 2053
Total nSV = 2291
.*
optimization finished, #iter = 1013
C = 48.16488270804609
obj = 11378.984821483748, rho = -0.13037832398289645
nSV = 2270, nBSV = 2060
Total nSV = 2270
.
Warning: using -h 0 may be faster
*
optimization finished, #iter = 1285
C = 51.69867046702216
obj = 15648.1484390365, rho = 0.7996712111005639
nSV = 2830, nBSV = 2589
.
Warning: using -h 0 may be faster
..
Warning: using -h 0 may be faster
*
optimization finished, #iter = 3045
C = 440.2610973822785
obj = 314999.11390102474, rho = -34.412721882218136
nSV = 4090, nBSV = 2763
Total nSV = 4090
.
Warning: using -h 0 may be faster
..
Warning: using -h 0 may be faster
*
optimization finished, #iter = 3047
C = 416.62319601619816
obj = 285529.7164909385, rho = 17.26721652941238
nSV = 4070, nBSV = 2773
Total nSV = 4070
.
Warning: using -h 0 may be faster
.
Warning: using -h 0 may be faster
*
optimization finished, #iter = 2983
C = 412.4029337269731
obj = 287470.1917435869, rho = 26.88695839990987
nSV = 4057, nBSV = 2802
Total nSV = 4057
.
Warning: using -h 0 may be faster
.
Warning: using -h 0 may be faster
*
optimization finished, #iter = 2931
C = 405.9844201809545
obj = 278374.2881324392, rho = 19.71596097993817
nSV = 4057, nBSV = 2836
Total nSV = 4057
...
Warning: using -h 0 may be faster
*.
Warning: using -h 0 may be faster
*
optimization finished, #iter = 3053
C = 465.9793718102915
obj = 335854.8848525343, rho = 18.81248843882248
nSV = 4092, nBSV = 2768
Total nSV = 4092
.
Warning: using -h 0 may be faster
..
Warning: using -h 0 may be faster
*
optimization finished, #iter = 3620
C = 402.50552647722225
obj = 325228.6202399776, rho = 20.828268896644232
nSV = 4999, nBSV = 3544
*
optimization finished, #iter = 984
C = 15.606123412847424
obj = 2231.383021242573, rho = -0.8246075232352946
nSV = 2580, nBSV = 2434
Total nSV = 2580
*
optimization finished, #iter = 890
C = 0.0
obj = 0.0, rho = NaN
nSV = 0, nBSV = 0
Total nSV = 0
*
optimization finished, #iter = 964
C = 7.680944933466135
obj = 863.0506980827404, rho = 0.47868514016626557
nSV = 2583, nBSV = 2433
Total nSV = 2583
*
optimization finished, #iter = 931
C = 5.307405846771085
obj = 415.5214019360492, rho = 0.5926301492542448
nSV = 2573, nBSV = 2443
Total nSV = 2573
*
optimization finished, #iter = 964
C = 9.613091222931267
obj = 1129.9661469739997, rho = 0.6702330280055027
nSV = 2581, nBSV = 2437
Total nSV = 2581
Line search fails in two-class probability estimates
.
Warning: using -h 0 may be faster
*
optimization finished, #iter = 1176
C = 6.597266807208047
obj = 876.4348876516465, rho = 0.5046217356692753
nSV = 3210, nBSV = 3065
Total nSV = 7370
.*
optimization finished, #iter = 1056
C = 54.5349031410224
obj = 13436.198267990592, rho = -0.11561198679199984
nSV = 2281, nBSV = 2059
Total nSV = 2281
.
Warning: using -h 0 may be faster
*
optimization finished, #iter = 1076
C = 53.93905652093722
obj = 13334.620629772755, rho = -1.1122547410784638
nSV = 2278, nBSV = 2060
Total nSV = 2278
.*
optimization finished, #iter = 1023
C = 49.42167726768884
obj = 11418.736582182255, rho = -0.6914855486613651
nSV = 2284, nBSV = 2060
Total nSV = 2284
.
Warning: using -h 0 may be faster
*
optimization finished, #iter = 1086
C = 65.21639533492792
obj = 16710.706553186017, rho = 0.15081343717954648
nSV = 2283, nBSV = 2043
Total nSV = 2283
*
optimization finished, #iter = 976
C = 42.474740099081636
obj = 9129.782924241197, rho = -0.17271218295013013
nSV = 2252, nBSV = 2073
Total nSV = 2252
.
Warning: using -h 0 may be faster
*
optimization finished, #iter = 1254
C = 44.0106511731994
obj = 12162.981338214497, rho = -0.13014452807998017
nSV = 2827, nBSV = 2590
.
Warning: using -h 0 may be faster
..
Warning: using -h 0 may be faster
*
optimization finished, #iter = 3026
C = 438.45013316645895
obj = 313211.3237918423, rho = 16.821166229041264
nSV = 4091, nBSV = 2776
Total nSV = 4091
.
Warning: using -h 0 may be faster
..
Warning: using -h 0 may be faster
*
optimization finished, #iter = 3040
C = 461.4530947557387
obj = 331464.0418660084, rho = -27.594148849206483
nSV = 4098, nBSV = 2766
Total nSV = 4098
..
Warning: using -h 0 may be faster
*
optimization finished, #iter = 2983
C = 466.09517040118715
obj = 341457.40603861486, rho = -32.915267469382606
nSV = 4113, nBSV = 2745
Total nSV = 4113
.
Warning: using -h 0 may be faster
..
Warning: using -h 0 may be faster
*
optimization finished, #iter = 3005
C = 465.68898016110484
obj = 341256.95027494896, rho = -27.83649859774584
nSV = 4132, nBSV = 2731
Total nSV = 4132
.
Warning: using -h 0 may be faster
..
Warning: using -h 0 may be faster
*
optimization finished, #iter = 3014
C = 407.2352468293029
obj = 285958.13377598964, rho = -23.966239615701543
nSV = 4066, nBSV = 2808
Total nSV = 4066
.
Warning: using -h 0 may be faster
..
Warning: using -h 0 may be faster
*
optimization finished, #iter = 3559
C = 420.508541907921
obj = 347437.39422603697, rho = 17.54047084974018
nSV = 4999, nBSV = 3540
.*
optimization finished, #iter = 1003
C = 7.6359087451648415
obj = 912.3823183929499, rho = 0.6244632765245941
nSV = 2624, nBSV = 2400
Total nSV = 2624
*
optimization finished, #iter = 965
C = 0.0
obj = 0.0, rho = NaN
nSV = 0, nBSV = 0
Total nSV = 0
*
optimization finished, #iter = 951
C = 0.0
obj = 0.0, rho = NaN
nSV = 0, nBSV = 0
Total nSV = 0
*
optimization finished, #iter = 944
C = 0.0
obj = 0.0, rho = NaN
nSV = 0, nBSV = 0
Total nSV = 0
*
optimization finished, #iter = 985
C = 10.385185744743566
obj = 1393.6924546383432, rho = -0.8930367593356552
nSV = 2601, nBSV = 2422
Total nSV = 2601
Line search fails in two-class probability estimates
.
Warning: using -h 0 may be faster
*
optimization finished, #iter = 1196
C = 5.430866913988302
obj = 752.9553773017748, rho = 0.5789609254560848
nSV = 3235, nBSV = 3035
Total nSV = 7345
...
Warning: using -h 0 may be faster
*
optimization finished, #iter = 3070
C = 428.5991776181003
obj = 296490.0196438148, rho = 17.663233024720256
nSV = 4110, nBSV = 2768
Total nSV = 4110
.
Warning: using -h 0 may be faster
..
Warning: using -h 0 may be faster
*
optimization finished, #iter = 3040
C = 490.9136972021103
obj = 359740.2865926461, rho = -34.22733677514372
nSV = 4139, nBSV = 2725
Total nSV = 4139
.
Warning: using -h 0 may be faster
..
Warning: using -h 0 may be faster
*
optimization finished, #iter = 3039
C = 436.4821984004247
obj = 298585.1432306521, rho = -33.32321744133814
nSV = 4113, nBSV = 2784
Total nSV = 4113
...
Warning: using -h 0 may be faster
*
optimization finished, #iter = 3030
C = 449.82175178698884
obj = 313728.2454512059, rho = -30.0742027826432
nSV = 4085, nBSV = 2776
Total nSV = 4085
.
Warning: using -h 0 may be faster
..
Warning: using -h 0 may be faster
*
optimization finished, #iter = 3067
C = 485.3843921790602
obj = 351292.7136980625, rho = -37.86219277307265
nSV = 4101, nBSV = 2731
Total nSV = 4101
.
Warning: using -h 0 may be faster
..
Warning: using -h 0 may be faster
*
optimization finished, #iter = 3900
C = 431.44229298711247
obj = 350041.3176892998, rho = -34.69777793041614
nSV = 5048, nBSV = 3523
*
optimization finished, #iter = 967
C = 8.866747212631008
obj = 833.0148799085098, rho = 0.5109343158417606
nSV = 2590, nBSV = 2427
Total nSV = 2590
*
optimization finished, #iter = 931
C = 10.278087955383048
obj = 1142.1700783074784, rho = -0.907412257800988
nSV = 2581, nBSV = 2439
Total nSV = 2581
*
optimization finished, #iter = 965
C = 13.46932011496774
obj = 1780.3840270683995, rho = -0.5403271880671332
nSV = 2600, nBSV = 2427
Total nSV = 2600
*
optimization finished, #iter = 893
C = 0.0
obj = 0.0, rho = NaN
nSV = 0, nBSV = 0
Total nSV = 0
*
optimization finished, #iter = 959
C = 0.0
obj = 0.0, rho = NaN
nSV = 0, nBSV = 0
Total nSV = 0
Line search fails in two-class probability estimates
.
Warning: using -h 0 may be faster
*
optimization finished, #iter = 1225
C = 7.09655189952177
obj = 880.2767590120808, rho = -0.6949983484863249
nSV = 3234, nBSV = 3040
.*
optimization finished, #iter = 1038
C = 54.72597069466871
obj = 13557.709561338766, rho = 0.5111333055606572
nSV = 2268, nBSV = 2059
Total nSV = 2268
.*
optimization finished, #iter = 1051
C = 48.11993309151397
obj = 11993.10365532924, rho = 0.41500341984243816
nSV = 2271, nBSV = 2065
Total nSV = 2271
.
Warning: using -h 0 may be faster
*
optimization finished, #iter = 1101
C = 67.15932367971878
obj = 18032.99545709419, rho = 2.3336663693361763
nSV = 2290, nBSV = 2046
Total nSV = 2290
.
Warning: using -h 0 may be faster
*
optimization finished, #iter = 1053
C = 49.78813798590241
obj = 11542.000817842543, rho = -0.41599598177009295
nSV = 2269, nBSV = 2051
Total nSV = 2269
.
Warning: using -h 0 may be faster
*
optimization finished, #iter = 1073
C = 58.65200966982241
obj = 15099.429766373887, rho = 0.45561364740963156
nSV = 2282, nBSV = 2050
Total nSV = 2282
.
Warning: using -h 0 may be faster
*
optimization finished, #iter = 1289
C = 45.99648067928098
obj = 13394.333640310726, rho = 0.5003129127937493
nSV = 2823, nBSV = 2593
Total nSV = 7410
*
optimization finished, #iter = 993
C = 50.63570855615589
obj = 11612.01337203585, rho = 0.20513420331947624
nSV = 2279, nBSV = 2070
Total nSV = 2279
.*
optimization finished, #iter = 1058
C = 65.99593660040324
obj = 17000.034499927184, rho = 0.6033756594406943
nSV = 2299, nBSV = 2043
Total nSV = 2299
.
Warning: using -h 0 may be faster
*
optimization finished, #iter = 1071
C = 62.48352160727021
obj = 15725.792443641836, rho = 1.0304014914541515
nSV = 2291, nBSV = 2049
Total nSV = 2291
.*
optimization finished, #iter = 1045
C = 56.272261652349826
obj = 13583.693023955044, rho = -0.3480087753321576
nSV = 2287, nBSV = 2060
Total nSV = 2287
.*
optimization finished, #iter = 1010
C = 48.99924088518083
obj = 11369.712391726678, rho = -0.2697467822770856
nSV = 2265, nBSV = 2063
Total nSV = 2265
.
Warning: using -h 0 may be faster
*
optimization finished, #iter = 1330
C = 46.997996158729535
obj = 13192.988241719491, rho = -0.28098442883667124
nSV = 2832, nBSV = 2585
*
optimization finished, #iter = 998
C = 6.586817836886256
obj = 779.2777146145171, rho = -0.31676732157672505
nSV = 2614, nBSV = 2405
Total nSV = 2614
*
optimization finished, #iter = 976
C = 7.039201306499337
obj = 807.8517245714849, rho = -0.6507459710544614
nSV = 2613, nBSV = 2413
Total nSV = 2613
*
optimization finished, #iter = 948
C = 7.498993413273957
obj = 885.1876719766639, rho = -0.865693104427475
nSV = 2585, nBSV = 2434
Total nSV = 2585
*
optimization finished, #iter = 898
C = 0.0
obj = 0.0, rho = NaN
nSV = 0, nBSV = 0
Total nSV = 0
.*
optimization finished, #iter = 1002
C = 11.178994954811259
obj = 1435.311640689927, rho = -0.46453720418721806
nSV = 2617, nBSV = 2417
Total nSV = 2617
Line search fails in two-class probability estimates
.
Warning: using -h 0 may be faster
*
optimization finished, #iter = 1209
C = 5.793530054582233
obj = 797.599731445633, rho = 0.5456715088289471
nSV = 3240, nBSV = 3033
.
Warning: using -h 0 may be faster
..
Warning: using -h 0 may be faster
*
optimization finished, #iter = 3158
C = 416.1882656875538
obj = 289801.06316180405, rho = -27.281720047939885
nSV = 4085, nBSV = 2793
Total nSV = 4085
...
Warning: using -h 0 may be faster
*
optimization finished, #iter = 3110
C = 449.90350133596456
obj = 314710.5385844071, rho = 20.17722584677257
nSV = 4098, nBSV = 2769
Total nSV = 4098
.
Warning: using -h 0 may be faster
.
Warning: using -h 0 may be faster
*
optimization finished, #iter = 2960
C = 445.72001318990255
obj = 315160.10685903736, rho = 9.64909230198603
nSV = 4091, nBSV = 2764
Total nSV = 4091
...
Warning: using -h 0 may be faster
*.
Warning: using -h 0 may be faster
*
optimization finished, #iter = 3011
C = 435.5118200180827
obj = 305920.2384547981, rho = 16.734591693824214
nSV = 4071, nBSV = 2768
Total nSV = 4071
.
Warning: using -h 0 may be faster
..
Warning: using -h 0 may be faster
*
optimization finished, #iter = 3030
C = 437.50789607985104
obj = 305280.99570925994, rho = 22.69209241738676
nSV = 4092, nBSV = 2764
Total nSV = 4092
.
Warning: using -h 0 may be faster
..
Warning: using -h 0 may be faster
*
optimization finished, #iter = 3783
C = 408.24140942415653
obj = 329985.30230640236, rho = 17.034794144644504
nSV = 5055, nBSV = 3550
Total nSV = 7362
*
optimization finished, #iter = 914
C = 0.0
obj = 0.0, rho = NaN
nSV = 0, nBSV = 0
Total nSV = 0
*
optimization finished, #iter = 902
C = 0.0
obj = 0.0, rho = NaN
nSV = 0, nBSV = 0
Total nSV = 0
*
optimization finished, #iter = 961
C = 12.063366113441484
obj = 1753.227805592942, rho = 0.36807856152933704
nSV = 2586, nBSV = 2433
Total nSV = 2586
*
optimization finished, #iter = 947
C = 8.687801022164539
obj = 1024.9256007248262, rho = 0.4444215582290341
nSV = 2583, nBSV = 2435
Total nSV = 2583
*
optimization finished, #iter = 907
C = 0.0
obj = 0.0, rho = NaN
nSV = 0, nBSV = 0
Total nSV = 0
Line search fails in two-class probability estimates
.
Warning: using -h 0 may be faster
*.*
optimization finished, #iter = 1214
C = 5.661540594264772
obj = 791.7699366530375, rho = 0.38743198233569576
nSV = 3209, nBSV = 3060
.*
optimization finished, #iter = 1045
C = 51.116524252655005
obj = 12183.403335412622, rho = 0.24731958401496973
nSV = 2275, nBSV = 2065
Total nSV = 2275
.*
optimization finished, #iter = 1050
C = 52.23685325680578
obj = 12486.087310313409, rho = -0.08470889435844552
nSV = 2270, nBSV = 2054
Total nSV = 2270
.
Warning: using -h 0 may be faster
*
optimization finished, #iter = 1060
C = 51.65794696255416
obj = 11923.141780725095, rho = 0.2795766792031155
nSV = 2273, nBSV = 2064
Total nSV = 2273
.
Warning: using -h 0 may be faster
*
optimization finished, #iter = 1105
C = 59.45742053819883
obj = 14489.855551065932, rho = 1.1824597403588784
nSV = 2282, nBSV = 2057
Total nSV = 2282
.
Warning: using -h 0 may be faster
*
optimization finished, #iter = 1050
C = 51.64524048493956
obj = 12533.576151036927, rho = 1.3891580006676123
nSV = 2258, nBSV = 2081
Total nSV = 2258
.
Warning: using -h 0 may be faster
*
optimization finished, #iter = 1227
C = 44.362080491895135
obj = 12299.44518128973, rho = -0.689921798197868
nSV = 2804, nBSV = 2618
.
Warning: using -h 0 may be faster
..
Warning: using -h 0 may be faster
*
optimization finished, #iter = 3097
C = 430.16881511903614
obj = 302324.0365312456, rho = -26.862484147614886
nSV = 4072, nBSV = 2797
Total nSV = 4072
.
Warning: using -h 0 may be faster
..
Warning: using -h 0 may be faster
*
optimization finished, #iter = 3140
C = 449.1835139541202
obj = 317579.78748276975, rho = 8.879842026036295
nSV = 4086, nBSV = 2748
Total nSV = 4086
...
Warning: using -h 0 may be faster
*
optimization finished, #iter = 3159
C = 503.006222828017
obj = 370189.5864318386, rho = 11.5420813553842
nSV = 4133, nBSV = 2718
Total nSV = 4133
...
Warning: using -h 0 may be faster
*
optimization finished, #iter = 3065
C = 443.26008488646966
obj = 308249.80701535, rho = 12.10473181294865
nSV = 4066, nBSV = 2760
Total nSV = 4066
...
Warning: using -h 0 may be faster
*
optimization finished, #iter = 3097
C = 475.7031463326375
obj = 337624.6119197637, rho = 7.940922684795831
nSV = 4117, nBSV = 2746
Total nSV = 4117
.
Warning: using -h 0 may be faster
..
Warning: using -h 0 may be faster
*
optimization finished, #iter = 3776
C = 433.56096858890413
obj = 353846.55403156526, rho = -25.186671938539742
nSV = 5031, nBSV = 3525
Total nSV = 7357


=== Predictions under cross-validation ===

 inst#     actual  predicted error distribution
     1  2:neutral  2:neutral       0.179,*0.704,0.118 
     2  2:neutral  2:neutral       0.139,*0.701,0.16 
     3  2:neutral 3:positive   +   0.093,0.312,*0.595 
     4  2:neutral  2:neutral       0.147,*0.582,0.271 
     5  2:neutral  2:neutral       0.155,*0.645,0.2 
     6  2:neutral  2:neutral       0.237,*0.679,0.084 
     7  2:neutral  2:neutral       0.11,*0.558,0.331 
     8  2:neutral  2:neutral       0.138,*0.679,0.184 
     9  2:neutral  2:neutral       0.136,*0.631,0.233 
    10  2:neutral  2:neutral       0.25,*0.604,0.146 
    11  2:neutral 3:positive   +   0.062,0.25,*0.688 
    12  2:neutral  2:neutral       0.112,*0.616,0.272 
    13  2:neutral  2:neutral       0.148,*0.709,0.143 
    14  2:neutral  2:neutral       0.078,*0.49,0.431 
    15  2:neutral  2:neutral       0.218,*0.572,0.21 
    16  2:neutral  2:neutral       0.121,*0.694,0.185 
    17  2:neutral  2:neutral       0.177,*0.544,0.279 
    18  2:neutral  2:neutral       0.215,*0.563,0.222 
    19  2:neutral  2:neutral       0.195,*0.672,0.133 
    20  2:neutral  2:neutral       0.16,*0.768,0.072 
    21  2:neutral  2:neutral       0.353,*0.436,0.211 
    22  2:neutral  2:neutral       0.119,*0.51,0.372 
    23  2:neutral  2:neutral       0.139,*0.653,0.208 
    24  2:neutral  2:neutral       0.165,*0.745,0.09 
    25  2:neutral  2:neutral       0.117,*0.662,0.22 
    26  2:neutral 3:positive   +   0.066,0.282,*0.653 
    27  2:neutral  2:neutral       0.15,*0.759,0.091 
    28  2:neutral  2:neutral       0.251,*0.658,0.09 
    29  2:neutral  2:neutral       0.086,*0.513,0.401 
    30  2:neutral 3:positive   +   0.093,0.444,*0.463 
    31  2:neutral  2:neutral       0.165,*0.656,0.179 
    32  2:neutral  2:neutral       0.247,*0.683,0.07 
    33  2:neutral  2:neutral       0.147,*0.753,0.1 
    34  2:neutral  2:neutral       0.157,*0.705,0.138 
    35  2:neutral  2:neutral       0.165,*0.717,0.118 
    36  2:neutral  2:neutral       0.112,*0.529,0.359 
    37  2:neutral  2:neutral       0.123,*0.631,0.246 
    38  2:neutral  2:neutral       0.16,*0.692,0.148 
    39  2:neutral  2:neutral       0.139,*0.66,0.202 
    40  2:neutral  2:neutral       0.122,*0.702,0.176 
    41  2:neutral  2:neutral       0.144,*0.681,0.175 
    42  2:neutral  2:neutral       0.146,*0.663,0.191 
    43  2:neutral 3:positive   +   0.105,0.361,*0.534 
    44  2:neutral  2:neutral       0.111,*0.504,0.385 
    45  2:neutral  2:neutral       0.145,*0.734,0.121 
    46  2:neutral  2:neutral       0.123,*0.679,0.199 
    47  2:neutral  2:neutral       0.136,*0.641,0.222 
    48  2:neutral 3:positive   +   0.084,0.276,*0.64 
    49  2:neutral  2:neutral       0.148,*0.747,0.105 
    50  2:neutral  2:neutral       0.13,*0.69,0.18 
    51  2:neutral  2:neutral       0.163,*0.745,0.092 
    52  2:neutral  2:neutral       0.198,*0.588,0.214 
    53  2:neutral  2:neutral       0.099,*0.517,0.384 
    54  2:neutral  2:neutral       0.123,*0.474,0.402 
    55  2:neutral  2:neutral       0.179,*0.676,0.145 
    56  2:neutral  2:neutral       0.173,*0.749,0.078 
    57  2:neutral  2:neutral       0.197,*0.555,0.248 
    58  2:neutral  2:neutral       0.139,*0.632,0.23 
    59  2:neutral  2:neutral       0.166,*0.624,0.21 
    60  2:neutral  2:neutral       0.13,*0.546,0.323 
    61  2:neutral  2:neutral       0.228,*0.681,0.091 
    62  2:neutral  2:neutral       0.125,*0.638,0.237 
    63  2:neutral  2:neutral       0.104,*0.583,0.313 
    64  2:neutral  2:neutral       0.197,*0.597,0.206 
    65  2:neutral  2:neutral       0.207,*0.658,0.135 
    66  2:neutral 3:positive   +   0.095,0.413,*0.492 
    67  2:neutral 3:positive   +   0.071,0.435,*0.494 
    68  2:neutral  2:neutral       0.188,*0.638,0.174 
    69  2:neutral 3:positive   +   0.059,0.244,*0.698 
    70  2:neutral  2:neutral       0.106,*0.455,0.439 
    71  2:neutral  2:neutral       0.203,*0.643,0.153 
    72  2:neutral 3:positive   +   0.044,0.111,*0.846 
    73  2:neutral  2:neutral       0.194,*0.556,0.249 
    74  2:neutral  2:neutral       0.226,*0.473,0.301 
    75  2:neutral  2:neutral       0.138,*0.705,0.157 
    76  2:neutral  2:neutral       0.138,*0.635,0.227 
    77  2:neutral  2:neutral       0.225,*0.648,0.127 
    78  2:neutral  2:neutral       0.176,*0.697,0.127 
    79  2:neutral  2:neutral       0.16,*0.723,0.116 
    80  2:neutral  2:neutral       0.127,*0.719,0.154 
    81  2:neutral  2:neutral       0.246,*0.386,0.368 
    82  2:neutral  2:neutral       0.18,*0.736,0.085 
    83  2:neutral 3:positive   +   0.165,0.154,*0.681 
    84  2:neutral 3:positive   +   0.086,0.318,*0.595 
    85  2:neutral 3:positive   +   0.131,0.377,*0.492 
    86  2:neutral  2:neutral       0.164,*0.721,0.115 
    87  2:neutral  2:neutral       0.084,*0.511,0.405 
    88  2:neutral  2:neutral       0.14,*0.716,0.144 
    89  2:neutral  2:neutral       0.22,*0.525,0.255 
    90  2:neutral  2:neutral       0.115,*0.641,0.244 
    91  2:neutral  2:neutral       0.149,*0.622,0.229 
    92  2:neutral  2:neutral       0.177,*0.675,0.149 
    93  2:neutral  2:neutral       0.139,*0.611,0.25 
    94  2:neutral  2:neutral       0.124,*0.616,0.259 
    95  2:neutral 3:positive   +   0.066,0.302,*0.631 
    96  2:neutral  2:neutral       0.227,*0.676,0.097 
    97  2:neutral  2:neutral       0.139,*0.67,0.191 
    98  2:neutral 3:positive   +   0.119,0.425,*0.456 
    99  2:neutral  2:neutral       0.141,*0.704,0.155 
   100  2:neutral  2:neutral       0.126,*0.598,0.276 
   101  2:neutral  2:neutral       0.21,*0.436,0.354 
   102  2:neutral 3:positive   +   0.077,0.217,*0.707 
   103  2:neutral  2:neutral       0.132,*0.675,0.193 
   104  2:neutral  2:neutral       0.158,*0.6,0.242 
   105  2:neutral  2:neutral       0.107,*0.558,0.336 
   106  2:neutral  2:neutral       0.284,*0.486,0.229 
   107  2:neutral  2:neutral       0.139,*0.653,0.208 
   108  2:neutral  2:neutral       0.119,*0.722,0.159 
   109  2:neutral  2:neutral       0.141,*0.755,0.104 
   110  2:neutral  2:neutral       0.148,*0.671,0.181 
   111  2:neutral  2:neutral       0.163,*0.66,0.177 
   112  2:neutral  2:neutral       0.133,*0.753,0.114 
   113  2:neutral  2:neutral       0.101,*0.561,0.338 
   114  2:neutral 3:positive   +   0.078,0.263,*0.659 
   115  2:neutral  2:neutral       0.135,*0.669,0.195 
   116  2:neutral 3:positive   +   0.196,0.377,*0.427 
   117  2:neutral  2:neutral       0.182,*0.735,0.082 
   118  2:neutral  2:neutral       0.154,*0.565,0.281 
   119  2:neutral  2:neutral       0.135,*0.696,0.169 
   120  2:neutral 3:positive   +   0.11,0.223,*0.667 
   121  2:neutral  2:neutral       0.134,*0.651,0.215 
   122  2:neutral  2:neutral       0.24,*0.401,0.359 
   123  2:neutral  2:neutral       0.181,*0.705,0.114 
   124  2:neutral  2:neutral       0.135,*0.564,0.301 
   125  2:neutral  2:neutral       0.257,*0.606,0.137 
   126  2:neutral  2:neutral       0.131,*0.633,0.235 
   127  2:neutral  2:neutral       0.152,*0.736,0.112 
   128  2:neutral  2:neutral       0.105,*0.461,0.435 
   129  2:neutral  2:neutral       0.161,*0.709,0.131 
   130  2:neutral  2:neutral       0.132,*0.664,0.204 
   131  2:neutral  2:neutral       0.143,*0.519,0.338 
   132  2:neutral  2:neutral       0.14,*0.661,0.199 
   133  2:neutral  2:neutral       0.099,*0.622,0.279 
   134  2:neutral  2:neutral       0.204,*0.684,0.112 
   135  2:neutral  2:neutral       0.118,*0.656,0.226 
   136  2:neutral  2:neutral       0.109,*0.663,0.228 
   137  2:neutral  2:neutral       0.14,*0.667,0.193 
   138  2:neutral 3:positive   +   0.083,0.246,*0.671 
   139  2:neutral  2:neutral       0.21,*0.568,0.222 
   140  2:neutral  2:neutral       0.221,*0.657,0.122 
   141  2:neutral  2:neutral       0.126,*0.644,0.23 
   142  2:neutral  2:neutral       0.143,*0.647,0.21 
   143  2:neutral 3:positive   +   0.166,0.397,*0.437 
   144  2:neutral  2:neutral       0.217,*0.669,0.114 
   145  2:neutral 3:positive   +   0.264,0.356,*0.38 
   146  2:neutral  2:neutral       0.155,*0.711,0.134 
   147  2:neutral  2:neutral       0.137,*0.681,0.182 
   148  2:neutral  2:neutral       0.128,*0.683,0.188 
   149  2:neutral 3:positive   +   0.117,0.238,*0.645 
   150  2:neutral  2:neutral       0.158,*0.719,0.122 
   151  2:neutral  2:neutral       0.097,*0.576,0.327 
   152  2:neutral  2:neutral       0.144,*0.709,0.147 
   153  2:neutral  2:neutral       0.13,*0.732,0.138 
   154  2:neutral  2:neutral       0.156,*0.673,0.171 
   155  2:neutral 3:positive   +   0.09,0.297,*0.613 
   156  2:neutral  2:neutral       0.104,*0.49,0.405 
   157  2:neutral  2:neutral       0.08,*0.507,0.412 
   158  2:neutral  2:neutral       0.143,*0.7,0.157 
   159  2:neutral  2:neutral       0.237,*0.687,0.076 
   160  2:neutral  2:neutral       0.135,*0.723,0.142 
   161  2:neutral  2:neutral       0.158,*0.482,0.359 
   162  2:neutral  2:neutral       0.134,*0.725,0.141 
   163  2:neutral  2:neutral       0.106,*0.572,0.322 
   164  2:neutral  2:neutral       0.151,*0.65,0.198 
   165  2:neutral  2:neutral       0.167,*0.724,0.109 
   166  2:neutral  2:neutral       0.151,*0.643,0.206 
   167  2:neutral  2:neutral       0.121,*0.684,0.194 
   168  2:neutral  2:neutral       0.149,*0.684,0.167 
   169  2:neutral  2:neutral       0.162,*0.605,0.233 
   170  2:neutral  2:neutral       0.161,*0.732,0.107 
   171  2:neutral  2:neutral       0.167,*0.627,0.206 
   172  2:neutral  2:neutral       0.24,*0.677,0.083 
   173  2:neutral  2:neutral       0.257,*0.633,0.11 
   174  2:neutral  2:neutral       0.148,*0.559,0.293 
   175  2:neutral  2:neutral       0.178,*0.649,0.173 
   176  2:neutral  2:neutral       0.158,*0.652,0.19 
   177  2:neutral  2:neutral       0.139,*0.721,0.14 
   178  2:neutral  2:neutral       0.167,*0.669,0.164 
   179  2:neutral  2:neutral       0.125,*0.686,0.189 
   180  2:neutral  2:neutral       0.114,*0.559,0.327 
   181  2:neutral  2:neutral       0.175,*0.717,0.108 
   182  2:neutral  2:neutral       0.154,*0.662,0.184 
   183  2:neutral  2:neutral       0.135,*0.659,0.205 
   184  2:neutral 3:positive   +   0.095,0.238,*0.666 
   185  2:neutral  2:neutral       0.163,*0.63,0.207 
   186  2:neutral  2:neutral       0.128,*0.695,0.177 
   187  2:neutral  2:neutral       0.119,*0.497,0.384 
   188  2:neutral  2:neutral       0.102,*0.47,0.428 
   189  2:neutral  2:neutral       0.169,*0.671,0.16 
   190  2:neutral  2:neutral       0.168,*0.689,0.143 
   191  2:neutral  2:neutral       0.162,*0.697,0.141 
   192  2:neutral  2:neutral       0.128,*0.666,0.205 
   193  2:neutral 3:positive   +   0.049,0.274,*0.677 
   194  2:neutral  2:neutral       0.153,*0.712,0.135 
   195  2:neutral  2:neutral       0.134,*0.58,0.286 
   196  2:neutral  2:neutral       0.23,*0.63,0.141 
   197  2:neutral  2:neutral       0.145,*0.699,0.157 
   198  2:neutral  2:neutral       0.215,*0.636,0.149 
   199  2:neutral 3:positive   +   0.098,0.258,*0.644 
   200  2:neutral  2:neutral       0.148,*0.669,0.183 
   201  2:neutral  2:neutral       0.139,*0.692,0.169 
   202  2:neutral  2:neutral       0.166,*0.588,0.246 
   203  2:neutral  2:neutral       0.111,*0.555,0.334 
   204  2:neutral  2:neutral       0.164,*0.75,0.085 
   205  2:neutral  2:neutral       0.125,*0.664,0.212 
   206  2:neutral  2:neutral       0.156,*0.598,0.246 
   207  2:neutral  2:neutral       0.144,*0.551,0.305 
   208  2:neutral  2:neutral       0.146,*0.673,0.181 
   209  2:neutral  2:neutral       0.142,*0.702,0.156 
   210  2:neutral 3:positive   +   0.231,0.37,*0.399 
   211  2:neutral  2:neutral       0.141,*0.684,0.176 
   212  2:neutral  2:neutral       0.154,*0.722,0.124 
   213  2:neutral  2:neutral       0.165,*0.677,0.158 
   214  2:neutral  2:neutral       0.148,*0.673,0.179 
   215  2:neutral 3:positive   +   0.212,0.375,*0.413 
   216  2:neutral  2:neutral       0.118,*0.633,0.249 
   217  2:neutral  2:neutral       0.177,*0.714,0.109 
   218  2:neutral  2:neutral       0.226,*0.514,0.26 
   219  2:neutral  2:neutral       0.226,*0.696,0.078 
   220  2:neutral  2:neutral       0.145,*0.732,0.123 
   221  2:neutral  2:neutral       0.267,*0.528,0.205 
   222  2:neutral  2:neutral       0.151,*0.482,0.367 
   223  2:neutral  2:neutral       0.139,*0.66,0.202 
   224  2:neutral  2:neutral       0.169,*0.702,0.129 
   225  2:neutral  2:neutral       0.13,*0.736,0.134 
   226  2:neutral  2:neutral       0.098,*0.58,0.322 
   227  2:neutral  2:neutral       0.123,*0.701,0.176 
   228  2:neutral 3:positive   +   0.06,0.259,*0.682 
   229  2:neutral  2:neutral       0.106,*0.64,0.254 
   230  2:neutral  2:neutral       0.264,*0.458,0.278 
   231  2:neutral  2:neutral       0.186,*0.675,0.139 
   232  2:neutral  2:neutral       0.221,*0.544,0.235 
   233  2:neutral  2:neutral       0.162,*0.597,0.241 
   234  2:neutral 3:positive   +   0.082,0.428,*0.49 
   235  2:neutral  2:neutral       0.23,*0.693,0.077 
   236  2:neutral  2:neutral       0.149,*0.552,0.299 
   237  2:neutral  2:neutral       0.132,*0.652,0.216 
   238  2:neutral  2:neutral       0.243,*0.694,0.063 
   239  2:neutral  2:neutral       0.187,*0.5,0.314 
   240  2:neutral  2:neutral       0.233,*0.582,0.185 
   241  2:neutral  2:neutral       0.2,*0.612,0.188 
   242  2:neutral  2:neutral       0.118,*0.645,0.237 
   243  2:neutral 3:positive   +   0.084,0.367,*0.549 
   244  2:neutral  2:neutral       0.149,*0.737,0.114 
   245  2:neutral  2:neutral       0.161,*0.649,0.19 
   246  2:neutral 3:positive   +   0.075,0.324,*0.601 
   247  2:neutral  2:neutral       0.158,*0.773,0.069 
   248  2:neutral  2:neutral       0.111,*0.557,0.332 
   249  2:neutral  2:neutral       0.148,*0.61,0.242 
   250  2:neutral  2:neutral       0.133,*0.695,0.172 
   251  2:neutral 3:positive   +   0.122,0.378,*0.499 
   252  2:neutral  2:neutral       0.122,*0.653,0.226 
   253  2:neutral  2:neutral       0.151,*0.715,0.134 
   254  2:neutral  2:neutral       0.212,*0.668,0.121 
   255  2:neutral  2:neutral       0.162,*0.685,0.153 
   256  2:neutral  2:neutral       0.152,*0.594,0.254 
   257  2:neutral  2:neutral       0.139,*0.653,0.208 
   258  2:neutral  2:neutral       0.17,*0.735,0.095 
   259  2:neutral  2:neutral       0.121,*0.572,0.307 
   260  2:neutral  2:neutral       0.209,*0.665,0.126 
   261  2:neutral 3:positive   +   0.094,0.383,*0.522 
   262  2:neutral  2:neutral       0.138,*0.739,0.123 
   263  2:neutral  2:neutral       0.137,*0.665,0.198 
   264  2:neutral  2:neutral       0.177,*0.714,0.109 
   265  2:neutral  2:neutral       0.11,*0.576,0.314 
   266  2:neutral  2:neutral       0.136,*0.69,0.174 
   267  2:neutral 3:positive   +   0.059,0.195,*0.747 
   268  2:neutral  2:neutral       0.223,*0.683,0.093 
   269  2:neutral  2:neutral       0.153,*0.491,0.356 
   270  2:neutral  2:neutral       0.133,*0.525,0.342 
   271  2:neutral  2:neutral       0.237,*0.599,0.164 
   272  2:neutral 3:positive   +   0.115,0.165,*0.72 
   273  2:neutral  2:neutral       0.171,*0.676,0.153 
   274  2:neutral  2:neutral       0.134,*0.601,0.265 
   275  2:neutral  2:neutral       0.327,*0.375,0.297 
   276  2:neutral  2:neutral       0.118,*0.752,0.129 
   277  2:neutral  2:neutral       0.134,*0.611,0.255 
   278  2:neutral  2:neutral       0.146,*0.718,0.136 
   279  2:neutral  2:neutral       0.252,*0.627,0.121 
   280  2:neutral 3:positive   +   0.058,0.368,*0.574 
   281  2:neutral  2:neutral       0.15,*0.691,0.159 
   282  2:neutral  2:neutral       0.14,*0.743,0.117 
   283  2:neutral  2:neutral       0.235,*0.495,0.269 
   284  2:neutral  2:neutral       0.145,*0.645,0.211 
   285  2:neutral  2:neutral       0.151,*0.766,0.083 
   286  2:neutral  2:neutral       0.098,*0.493,0.409 
   287  2:neutral  2:neutral       0.178,*0.718,0.104 
   288  2:neutral  2:neutral       0.163,*0.686,0.15 
   289  2:neutral  2:neutral       0.17,*0.675,0.156 
   290  2:neutral  2:neutral       0.096,*0.516,0.388 
   291  2:neutral  2:neutral       0.161,*0.574,0.265 
   292  2:neutral  2:neutral       0.234,*0.478,0.288 
   293  2:neutral 3:positive   +   0.044,0.308,*0.648 
   294  2:neutral  2:neutral       0.143,*0.631,0.226 
   295  2:neutral  2:neutral       0.243,*0.709,0.048 
   296  2:neutral  2:neutral       0.14,*0.661,0.199 
   297  2:neutral  2:neutral       0.138,*0.555,0.308 
   298  2:neutral  2:neutral       0.161,*0.66,0.178 
   299  2:neutral  2:neutral       0.155,*0.703,0.142 
   300  2:neutral  2:neutral       0.166,*0.74,0.094 
   301  2:neutral  2:neutral       0.148,*0.707,0.145 
   302  2:neutral  2:neutral       0.14,*0.644,0.216 
   303  2:neutral 3:positive   +   0.2,0.303,*0.497 
   304  2:neutral  2:neutral       0.195,*0.403,0.402 
   305  2:neutral  2:neutral       0.105,*0.593,0.303 
   306  2:neutral  2:neutral       0.129,*0.65,0.221 
   307  2:neutral  2:neutral       0.245,*0.662,0.093 
   308  2:neutral  2:neutral       0.164,*0.769,0.067 
   309  2:neutral 3:positive   +   0.088,0.194,*0.718 
   310  2:neutral  2:neutral       0.188,*0.735,0.077 
   311  2:neutral  2:neutral       0.132,*0.542,0.327 
   312  2:neutral  2:neutral       0.138,*0.562,0.3 
   313  2:neutral  2:neutral       0.168,*0.665,0.168 
   314  2:neutral  2:neutral       0.141,*0.637,0.222 
   315  2:neutral  2:neutral       0.104,*0.604,0.292 
   316  2:neutral 3:positive   +   0.084,0.444,*0.473 
   317  2:neutral  2:neutral       0.13,*0.648,0.222 
   318  2:neutral  2:neutral       0.16,*0.703,0.137 
   319  2:neutral  2:neutral       0.133,*0.521,0.345 
   320  2:neutral  2:neutral       0.161,*0.708,0.131 
   321  2:neutral  2:neutral       0.162,*0.726,0.111 
   322  2:neutral  2:neutral       0.133,*0.745,0.122 
   323  2:neutral  2:neutral       0.16,*0.532,0.308 
   324  2:neutral  2:neutral       0.161,*0.698,0.141 
   325  2:neutral  2:neutral       0.15,*0.708,0.142 
   326  2:neutral  2:neutral       0.135,*0.676,0.189 
   327  2:neutral 3:positive   +   0.337,0.325,*0.337 
   328  2:neutral  2:neutral       0.229,*0.704,0.067 
   329  2:neutral  2:neutral       0.136,*0.523,0.341 
   330  2:neutral  2:neutral       0.116,*0.728,0.155 
   331  2:neutral 3:positive   +   0.091,0.315,*0.594 
   332  2:neutral  2:neutral       0.171,*0.672,0.157 
   333  2:neutral  2:neutral       0.104,*0.675,0.221 
   334  2:neutral 3:positive   +   0.078,0.282,*0.64 
   335  2:neutral  2:neutral       0.101,*0.575,0.324 
   336  2:neutral  2:neutral       0.134,*0.625,0.241 
   337  2:neutral  2:neutral       0.198,*0.674,0.128 
   338  2:neutral  2:neutral       0.179,*0.508,0.314 
   339  2:neutral  2:neutral       0.143,*0.644,0.213 
   340  2:neutral  2:neutral       0.19,*0.648,0.162 
   341  2:neutral  2:neutral       0.128,*0.651,0.221 
   342  2:neutral 3:positive   +   0.154,0.129,*0.717 
   343  2:neutral 3:positive   +   0.117,0.374,*0.509 
   344  2:neutral  2:neutral       0.121,*0.607,0.272 
   345  2:neutral  2:neutral       0.116,*0.725,0.159 
   346  2:neutral  2:neutral       0.116,*0.56,0.324 
   347  2:neutral  2:neutral       0.139,*0.653,0.208 
   348  2:neutral  2:neutral       0.24,*0.539,0.22 
   349  2:neutral  2:neutral       0.175,*0.695,0.13 
   350  2:neutral  2:neutral       0.112,*0.589,0.3 
   351  2:neutral  2:neutral       0.134,*0.689,0.177 
   352  2:neutral  2:neutral       0.158,*0.687,0.155 
   353  2:neutral  2:neutral       0.224,*0.629,0.146 
   354  2:neutral  2:neutral       0.325,*0.425,0.249 
   355  2:neutral  2:neutral       0.139,*0.653,0.208 
   356  2:neutral  2:neutral       0.128,*0.548,0.324 
   357  2:neutral  2:neutral       0.169,*0.469,0.361 
   358  2:neutral  2:neutral       0.115,*0.629,0.256 
   359  2:neutral  2:neutral       0.234,*0.699,0.067 
   360  2:neutral  2:neutral       0.16,*0.74,0.1 
   361  2:neutral  2:neutral       0.149,*0.675,0.175 
   362  2:neutral  2:neutral       0.221,*0.502,0.277 
   363  2:neutral  2:neutral       0.168,*0.723,0.108 
   364  2:neutral  2:neutral       0.136,*0.705,0.159 
   365  2:neutral 3:positive   +   0.303,0.342,*0.354 
   366  2:neutral  2:neutral       0.152,*0.691,0.157 
   367  2:neutral  2:neutral       0.236,*0.534,0.23 
   368  2:neutral  2:neutral       0.17,*0.725,0.105 
   369  2:neutral  2:neutral       0.105,*0.666,0.229 
   370  2:neutral  2:neutral       0.133,*0.498,0.369 
   371  2:neutral  2:neutral       0.179,*0.743,0.078 
   372  2:neutral  2:neutral       0.13,*0.601,0.269 
