Zero Weights processed. Default weights will be used
..
Warning: using -h 0 may be faster
*
optimization finished, #iter = 2673
C = 970.0601489827537
obj = 493155.4968810884, rho = -11.894163355431283
nSV = 2403, nBSV = 974
Total nSV = 2403
..
Warning: using -h 0 may be faster
*
optimization finished, #iter = 2573
C = 952.3552885026919
obj = 490029.8473425253, rho = -9.444254284562174
nSV = 2379, nBSV = 990
Total nSV = 2379
..
Warning: using -h 0 may be faster
*
optimization finished, #iter = 2704
C = 949.2048491099908
obj = 499359.9427308201, rho = -2.3372084124119348
nSV = 2415, nBSV = 946
Total nSV = 2415
..
Warning: using -h 0 may be faster
*
optimization finished, #iter = 2619
C = 965.423970028989
obj = 496615.65357177303, rho = -10.652306979007582
nSV = 2402, nBSV = 1001
Total nSV = 2402
..
Warning: using -h 0 may be faster
*
optimization finished, #iter = 2639
C = 964.935524870898
obj = 492030.20638398034, rho = -10.475446298781499
nSV = 2423, nBSV = 971
Total nSV = 2423
...
Warning: using -h 0 may be faster
*
optimization finished, #iter = 3154
C = 968.6408380249154
obj = 582340.7113065721, rho = -8.594688002057207
nSV = 2908, nBSV = 1292
....
Warning: using -h 0 may be faster
*
optimization finished, #iter = 4376
C = 2561.1217931583496
obj = 2376397.686546424, rho = 11.699271387450233
nSV = 4058, nBSV = 1366
Total nSV = 4058
....
Warning: using -h 0 may be faster
*
optimization finished, #iter = 4343
C = 2960.8875472286254
obj = 2876507.052720178, rho = -130.77127585830027
nSV = 4157, nBSV = 1355
Total nSV = 4157
.
Warning: using -h 0 may be faster
...
Warning: using -h 0 may be faster
*
optimization finished, #iter = 4592
C = 2831.1506069637717
obj = 2633990.457259432, rho = -129.73460146223496
nSV = 4147, nBSV = 1331
Total nSV = 4147
.
Warning: using -h 0 may be faster
...
Warning: using -h 0 may be faster
*
optimization finished, #iter = 4379
C = 2760.516061152747
obj = 2590957.417898758, rho = -129.8771947790793
nSV = 4129, nBSV = 1359
Total nSV = 4129
.
Warning: using -h 0 may be faster
...
Warning: using -h 0 may be faster
*
optimization finished, #iter = 4273
C = 2652.691989917336
obj = 2426633.0932634682, rho = -133.08847127796534
nSV = 4102, nBSV = 1356
Total nSV = 4102
.
Warning: using -h 0 may be faster
....
Warning: using -h 0 may be faster
*
optimization finished, #iter = 5737
C = 3030.998588609839
obj = 3347642.2017764538, rho = 0.055993743831236675
nSV = 5016, nBSV = 1752
..
Warning: using -h 0 may be faster
*
optimization finished, #iter = 2732
C = 944.8170430464818
obj = 521260.75241958664, rho = 1.5579117465930534
nSV = 2737, nBSV = 1162
Total nSV = 2737
..
Warning: using -h 0 may be faster
*
optimization finished, #iter = 2850
C = 992.9483922806439
obj = 564679.3598434833, rho = -59.10209641774109
nSV = 2770, nBSV = 1150
Total nSV = 2770
...
Warning: using -h 0 may be faster
*
optimization finished, #iter = 3127
C = 950.4026740105584
obj = 520100.3779317498, rho = -33.35324165198105
nSV = 2786, nBSV = 1133
Total nSV = 2786
..
Warning: using -h 0 may be faster
*
optimization finished, #iter = 2800
C = 934.5233632523151
obj = 513093.6518500587, rho = -38.60115429555638
nSV = 2750, nBSV = 1160
Total nSV = 2750
..
Warning: using -h 0 may be faster
*
optimization finished, #iter = 2947
C = 990.6000718703012
obj = 561095.6902205138, rho = -49.10371442559422
nSV = 2783, nBSV = 1157
Total nSV = 2783
...
Warning: using -h 0 may be faster
*
optimization finished, #iter = 3433
C = 983.0785688323717
obj = 636068.6124997343, rho = 5.053406021251578
nSV = 3346, nBSV = 1509
Total nSV = 7812
..
Warning: using -h 0 may be faster
*
optimization finished, #iter = 2104
C = 932.8187333833614
obj = 400784.89862993755, rho = -8.834589298236951
nSV = 1973, nBSV = 739
Total nSV = 1973
..
Warning: using -h 0 may be faster
*
optimization finished, #iter = 2179
C = 939.6750311146892
obj = 408134.14633635094, rho = -29.719809313696622
nSV = 1990, nBSV = 736
Total nSV = 1990
..
Warning: using -h 0 may be faster
*
optimization finished, #iter = 2138
C = 917.6890812609881
obj = 391974.4978568476, rho = -29.332740134586924
nSV = 1975, nBSV = 743
Total nSV = 1975
..
Warning: using -h 0 may be faster
*
optimization finished, #iter = 2137
C = 972.4424538495784
obj = 421324.12310678506, rho = -24.842243435391584
nSV = 1978, nBSV = 742
Total nSV = 1978
..
Warning: using -h 0 may be faster
*
optimization finished, #iter = 2215
C = 904.1402325505247
obj = 388035.3983056137, rho = -39.9933014693719
nSV = 1964, nBSV = 756
Total nSV = 1964
..
Warning: using -h 0 may be faster
*
optimization finished, #iter = 2513
C = 947.2013827793261
obj = 484750.799770493, rho = -5.4670366211048655
nSV = 2381, nBSV = 1003
...
Warning: using -h 0 may be faster
*
optimization finished, #iter = 3743
C = 2558.5187176165014
obj = 2005200.7741225755, rho = -115.04377508125923
nSV = 3458, nBSV = 1026
Total nSV = 3458
...
Warning: using -h 0 may be faster
*
optimization finished, #iter = 3722
C = 2465.00465426464
obj = 1880807.5426657305, rho = 12.419042667909382
nSV = 3407, nBSV = 985
Total nSV = 3407
...
Warning: using -h 0 may be faster
*
optimization finished, #iter = 3526
C = 2451.635598559341
obj = 1927287.1452628055, rho = -9.201481642509512
nSV = 3400, nBSV = 1011
Total nSV = 3400
.
Warning: using -h 0 may be faster
..
Warning: using -h 0 may be faster
*
optimization finished, #iter = 3965
C = 2626.2174635106444
obj = 2022875.895364042, rho = 27.843170663802642
nSV = 3459, nBSV = 987
Total nSV = 3459
...
Warning: using -h 0 may be faster
*
optimization finished, #iter = 3796
C = 2357.3757668687585
obj = 1754304.4593088685, rho = -2.5862473277050007
nSV = 3425, nBSV = 995
Total nSV = 3425
....
Warning: using -h 0 may be faster
*
optimization finished, #iter = 4825
C = 2791.7360902909545
obj = 2577463.3605991155, rho = 16.175653850223558
nSV = 4174, nBSV = 1316
..
Warning: using -h 0 may be faster
*
optimization finished, #iter = 2273
C = 977.8078849649966
obj = 467237.89534175815, rho = 4.239567194132558
nSV = 2274, nBSV = 881
Total nSV = 2274
..
Warning: using -h 0 may be faster
*
optimization finished, #iter = 2202
C = 878.0737137612563
obj = 408162.62656955136, rho = -50.79995730670321
nSV = 2245, nBSV = 881
Total nSV = 2245
..
Warning: using -h 0 may be faster
*
optimization finished, #iter = 2317
C = 955.143276828299
obj = 466550.14065631386, rho = -40.76209096688396
nSV = 2289, nBSV = 885
Total nSV = 2289
..
Warning: using -h 0 may be faster
*
optimization finished, #iter = 2253
C = 857.1734199065866
obj = 397063.6613386611, rho = -42.12074045457655
nSV = 2222, nBSV = 896
Total nSV = 2222
..
Warning: using -h 0 may be faster
*
optimization finished, #iter = 2443
C = 979.5568117574994
obj = 481617.8387984047, rho = -39.34057073234635
nSV = 2283, nBSV = 863
Total nSV = 2283
..
Warning: using -h 0 may be faster
*
optimization finished, #iter = 2770
C = 937.3421555053437
obj = 521656.0813442665, rho = 10.131255399948332
nSV = 2733, nBSV = 1162
Total nSV = 6381
..
Warning: using -h 0 may be faster
*
optimization finished, #iter = 2072
C = 877.3380647472566
obj = 367193.0433742759, rho = -2.1362453401955155
nSV = 1966, nBSV = 765
Total nSV = 1966
..
Warning: using -h 0 may be faster
*
optimization finished, #iter = 2151
C = 961.2391417699869
obj = 419034.8929566712, rho = 0.09649147171535738
nSV = 1970, nBSV = 745
Total nSV = 1970
..
Warning: using -h 0 may be faster
*
optimization finished, #iter = 2142
C = 967.6069827152567
obj = 414749.1849334745, rho = -1.5254176696751944
nSV = 1986, nBSV = 730
Total nSV = 1986
..
Warning: using -h 0 may be faster
*
optimization finished, #iter = 2222
C = 911.4103911732518
obj = 385552.41656070406, rho = 0.842419833660656
nSV = 1983, nBSV = 744
Total nSV = 1983
..
Warning: using -h 0 may be faster
*
optimization finished, #iter = 2111
C = 975.20286534608
obj = 419171.1482269481, rho = -9.890863132720034
nSV = 1991, nBSV = 745
Total nSV = 1991
..
Warning: using -h 0 may be faster
*
optimization finished, #iter = 2457
C = 935.5142849825187
obj = 464208.41058546153, rho = 3.258961342027204
nSV = 2366, nBSV = 999
...
Warning: using -h 0 may be faster
*
optimization finished, #iter = 3763
C = 2489.622976431941
obj = 1942849.037527849, rho = -78.47743378833823
nSV = 3400, nBSV = 1016
Total nSV = 3400
...
Warning: using -h 0 may be faster
*
optimization finished, #iter = 3806
C = 2452.002275967215
obj = 1881038.685013754, rho = 5.918111217027962
nSV = 3395, nBSV = 1000
Total nSV = 3395
...
Warning: using -h 0 may be faster
*
optimization finished, #iter = 3927
C = 2689.0235270077173
obj = 2115602.129245072, rho = 17.02260368515195
nSV = 3467, nBSV = 973
Total nSV = 3467
...
Warning: using -h 0 may be faster
*
optimization finished, #iter = 3714
C = 2497.8687709284986
obj = 1925885.2470837506, rho = -2.3608061416663664
nSV = 3397, nBSV = 988
Total nSV = 3397
...
Warning: using -h 0 may be faster
*
optimization finished, #iter = 3624
C = 2548.877879016505
obj = 1953428.566883562, rho = -14.820457608267864
nSV = 3377, nBSV = 1020
Total nSV = 3377
....
Warning: using -h 0 may be faster
*
optimization finished, #iter = 4570
C = 2751.686902405437
obj = 2536433.8078278615, rho = -21.465168138839356
nSV = 4128, nBSV = 1341
..
Warning: using -h 0 may be faster
*
optimization finished, #iter = 2250
C = 1014.5773537425744
obj = 495815.3982452943, rho = -42.24472053655977
nSV = 2312, nBSV = 884
Total nSV = 2312
..
Warning: using -h 0 may be faster
*
optimization finished, #iter = 2227
C = 923.8072697491773
obj = 433092.6762841515, rho = -60.838070234429864
nSV = 2240, nBSV = 914
Total nSV = 2240
..
Warning: using -h 0 may be faster
*
optimization finished, #iter = 2190
C = 870.6495228239955
obj = 407247.2459046568, rho = -43.96175855201072
nSV = 2239, nBSV = 915
Total nSV = 2239
..
Warning: using -h 0 may be faster
*
optimization finished, #iter = 2395
C = 879.6884926676603
obj = 407397.19920212805, rho = -27.24856717532402
nSV = 2261, nBSV = 897
Total nSV = 2261
..
Warning: using -h 0 may be faster
*
optimization finished, #iter = 2340
C = 922.7306477745643
obj = 429319.44112196774, rho = -41.517581747064426
nSV = 2282, nBSV = 863
Total nSV = 2282
..
Warning: using -h 0 may be faster
*
optimization finished, #iter = 2659
C = 931.4817629252244
obj = 511696.2084865409, rho = 10.181102919880427
nSV = 2727, nBSV = 1182
Total nSV = 6342
...
Warning: using -h 0 may be faster
*
optimization finished, #iter = 3599
C = 2500.1049171416316
obj = 2019458.0165585945, rho = 13.992667337892224
nSV = 3375, nBSV = 1012
Total nSV = 3375
...
Warning: using -h 0 may be faster
*
optimization finished, #iter = 3982
C = 2635.0912709200074
obj = 2052198.4734736288, rho = -20.386641921041274
nSV = 3507, nBSV = 957
Total nSV = 3507
...
Warning: using -h 0 may be faster
*
optimization finished, #iter = 3760
C = 2679.434179598664
obj = 2131386.644752537, rho = 10.436026150897812
nSV = 3463, nBSV = 990
Total nSV = 3463
...
Warning: using -h 0 may be faster
*
optimization finished, #iter = 3696
C = 2561.6611936614468
obj = 1985913.0898669392, rho = 6.197681358430808
nSV = 3392, nBSV = 981
Total nSV = 3392
...
Warning: using -h 0 may be faster
*
optimization finished, #iter = 3707
C = 2647.7512677102086
obj = 2145800.323542322, rho = -12.681209292685207
nSV = 3387, nBSV = 987
Total nSV = 3387
....
Warning: using -h 0 may be faster
*
optimization finished, #iter = 4402
C = 2724.573397663125
obj = 2581623.0612788494, rho = -156.58324366572685
nSV = 4156, nBSV = 1306
..
Warning: using -h 0 may be faster
*
optimization finished, #iter = 2510
C = 1023.2337868825573
obj = 498662.1640675396, rho = -48.03004690319018
nSV = 2351, nBSV = 838
Total nSV = 2351
..
Warning: using -h 0 may be faster
*
optimization finished, #iter = 2207
C = 910.7458707097585
obj = 424507.6220375918, rho = -35.95390626379233
nSV = 2260, nBSV = 920
Total nSV = 2260
..
Warning: using -h 0 may be faster
*
optimization finished, #iter = 2227
C = 923.9133641408561
obj = 435851.31131857145, rho = -44.16784549681384
nSV = 2266, nBSV = 903
Total nSV = 2266
..
Warning: using -h 0 may be faster
*
optimization finished, #iter = 2456
C = 1049.647188156638
obj = 514386.4009365485, rho = -55.55943379354006
nSV = 2307, nBSV = 847
Total nSV = 2307
..
Warning: using -h 0 may be faster
*
optimization finished, #iter = 2320
C = 1045.5817578537556
obj = 504349.37901620416, rho = -51.181190483674335
nSV = 2291, nBSV = 862
Total nSV = 2291
..
Warning: using -h 0 may be faster
*
optimization finished, #iter = 2839
C = 1005.61274725575
obj = 561006.4404666167, rho = -48.88405258133931
nSV = 2782, nBSV = 1144
..
Warning: using -h 0 may be faster
*
optimization finished, #iter = 2223
C = 889.0449865547467
obj = 379494.4742571999, rho = -13.81781668894467
nSV = 1958, nBSV = 766
Total nSV = 1958
..
Warning: using -h 0 may be faster
*
optimization finished, #iter = 2061
C = 931.3440878920526
obj = 391593.59494608466, rho = -25.629207458230745
nSV = 1989, nBSV = 761
Total nSV = 1989
..
Warning: using -h 0 may be faster
*
optimization finished, #iter = 2076
C = 925.2547317345354
obj = 400523.09777795576, rho = -10.734547458236404
nSV = 1954, nBSV = 767
Total nSV = 1954
..
Warning: using -h 0 may be faster
*
optimization finished, #iter = 2122
C = 948.8969685829016
obj = 413559.0186192859, rho = -19.234437600483552
nSV = 1979, nBSV = 738
Total nSV = 1979
..
Warning: using -h 0 may be faster
*
optimization finished, #iter = 2071
C = 928.5568194631662
obj = 402038.0939478983, rho = -14.451940267174425
nSV = 1950, nBSV = 767
Total nSV = 1950
Line search fails in two-class probability estimates
..
Warning: using -h 0 may be faster
*
optimization finished, #iter = 2767
C = 935.2706445437072
obj = 475821.83027863374, rho = -11.279454928817096
nSV = 2401, nBSV = 974
Total nSV = 6414
..
Warning: using -h 0 may be faster
*
optimization finished, #iter = 2186
C = 1024.9149144686935
obj = 458489.16616370203, rho = -17.660774384135802
nSV = 2000, nBSV = 728
Total nSV = 2000
..
Warning: using -h 0 may be faster
*
optimization finished, #iter = 2185
C = 956.0054375507876
obj = 424841.1904392799, rho = -39.26295724100764
nSV = 1985, nBSV = 748
Total nSV = 1985
..
Warning: using -h 0 may be faster
*
optimization finished, #iter = 2074
C = 911.2202195855224
obj = 393012.80879989284, rho = -21.358955396652686
nSV = 1956, nBSV = 761
Total nSV = 1956
..
Warning: using -h 0 may be faster
*
optimization finished, #iter = 2160
C = 987.1663904136335
obj = 438202.4532671408, rho = -27.098532815985457
nSV = 2009, nBSV = 725
Total nSV = 2009
..
Warning: using -h 0 may be faster
*
optimization finished, #iter = 2173
C = 1005.5442510240272
obj = 444883.0881292949, rho = -30.42638762390476
nSV = 1993, nBSV = 733
Total nSV = 1993
..
Warning: using -h 0 may be faster
*
optimization finished, #iter = 2685
C = 1002.2635305847792
obj = 526585.765222131, rho = -27.52040228818039
nSV = 2415, nBSV = 973
..
Warning: using -h 0 may be faster
*
optimization finished, #iter = 2584
C = 947.8310114237095
obj = 446586.7559419706, rho = -29.980157169641828
nSV = 2294, nBSV = 874
Total nSV = 2294
..
Warning: using -h 0 may be faster
*
optimization finished, #iter = 2364
C = 997.6578862297093
obj = 477582.3352814346, rho = -36.988254920090775
nSV = 2276, nBSV = 864
Total nSV = 2276
..
Warning: using -h 0 may be faster
*
optimization finished, #iter = 2543
C = 955.9771008583464
obj = 451443.00091367227, rho = -39.11542545925259
nSV = 2282, nBSV = 885
Total nSV = 2282
..
Warning: using -h 0 may be faster
*
optimization finished, #iter = 2348
C = 904.8358476896007
obj = 434398.3897142456, rho = -32.0649449057911
nSV = 2287, nBSV = 877
Total nSV = 2287
..
Warning: using -h 0 may be faster
*
optimization finished, #iter = 2612
C = 893.7717175827084
obj = 408080.7513126922, rho = -16.65757440460998
nSV = 2285, nBSV = 874
Total nSV = 2285
..
Warning: using -h 0 may be faster
*
optimization finished, #iter = 2795
C = 949.5553521740757
obj = 526374.485796999, rho = 4.150595737127595
nSV = 2743, nBSV = 1168
...
Warning: using -h 0 may be faster
*.
Warning: using -h 0 may be faster
*
optimization finished, #iter = 3809
C = 2571.149050506698
obj = 2023361.5195872292, rho = 3.3208663006471264
nSV = 3427, nBSV = 998
Total nSV = 3427
...
Warning: using -h 0 may be faster
*
optimization finished, #iter = 3665
C = 2553.4893502417276
obj = 2016342.8827662158, rho = -1.4017309682236656
nSV = 3407, nBSV = 995
Total nSV = 3407
....
Warning: using -h 0 may be faster
*
optimization finished, #iter = 4102
C = 2435.342753364768
obj = 1890153.900080484, rho = -0.6987950919582938
nSV = 3446, nBSV = 976
Total nSV = 3446
...
Warning: using -h 0 may be faster
*
optimization finished, #iter = 3833
C = 2380.4362410682375
obj = 1819111.8036485391, rho = 8.234031276211626
nSV = 3434, nBSV = 982
Total nSV = 3434
...
Warning: using -h 0 may be faster
*
optimization finished, #iter = 3708
C = 2556.5124624909067
obj = 1987491.2307749407, rho = 13.307356573110917
nSV = 3395, nBSV = 997
Total nSV = 3395
....
Warning: using -h 0 may be faster
*
optimization finished, #iter = 4763
C = 2785.6788181337274
obj = 2638443.3398076273, rho = 16.757385548202286
nSV = 4155, nBSV = 1334
Total nSV = 6395
..
Warning: using -h 0 may be faster
*
optimization finished, #iter = 2235
C = 893.5245031614203
obj = 420292.67417252285, rho = -28.388534433521794
nSV = 2219, nBSV = 912
Total nSV = 2219
..
Warning: using -h 0 may be faster
*
optimization finished, #iter = 2321
C = 919.3975460410408
obj = 416148.4950324882, rho = 4.388206003258027
nSV = 2253, nBSV = 919
Total nSV = 2253
..
Warning: using -h 0 may be faster
*
optimization finished, #iter = 2258
C = 851.2124016973482
obj = 384262.0407911165, rho = 0.32267985481975114
nSV = 2221, nBSV = 911
Total nSV = 2221
..
Warning: using -h 0 may be faster
*
optimization finished, #iter = 2103
C = 874.7818753098225
obj = 395920.16267883114, rho = 8.304145993491906
nSV = 2221, nBSV = 909
Total nSV = 2221
..
Warning: using -h 0 may be faster
*
optimization finished, #iter = 2294
C = 912.7496198934757
obj = 426806.2074355618, rho = 1.470006767671926
nSV = 2276, nBSV = 909
Total nSV = 2276
..
Warning: using -h 0 may be faster
*
optimization finished, #iter = 2886
C = 899.2706373041034
obj = 479921.3982822368, rho = -1.060835723871828
nSV = 2755, nBSV = 1178
..
Warning: using -h 0 may be faster
*
optimization finished, #iter = 2029
C = 929.2462201425119
obj = 401744.75788172113, rho = -8.804446144029786
nSV = 1969, nBSV = 760
Total nSV = 1969
..
Warning: using -h 0 may be faster
*
optimization finished, #iter = 2231
C = 907.9249672420228
obj = 384801.39924537204, rho = -19.096386350265238
nSV = 1976, nBSV = 735
Total nSV = 1976
..
Warning: using -h 0 may be faster
*
optimization finished, #iter = 2195
C = 984.2187627210363
obj = 424022.7939443817, rho = -20.26596427205345
nSV = 1982, nBSV = 724
Total nSV = 1982
..
Warning: using -h 0 may be faster
*
optimization finished, #iter = 2030
C = 930.630116846571
obj = 396385.0179785551, rho = -9.891083728267356
nSV = 1938, nBSV = 758
Total nSV = 1938
..
Warning: using -h 0 may be faster
*
optimization finished, #iter = 2060
C = 950.3861270281459
obj = 421033.6176727378, rho = -9.860278067013672
nSV = 1982, nBSV = 750
Total nSV = 1982
..
Warning: using -h 0 may be faster
*
optimization finished, #iter = 2595
C = 957.7256340583187
obj = 486900.1080661259, rho = -22.71349642159503
nSV = 2365, nBSV = 973
...
Warning: using -h 0 may be faster
*
optimization finished, #iter = 3695
C = 2518.272590539684
obj = 1940220.6914684365, rho = -15.748350721018818
nSV = 3407, nBSV = 990
Total nSV = 3407
...
Warning: using -h 0 may be faster
*
optimization finished, #iter = 3704
C = 2689.0261580204483
obj = 2158868.9320273427, rho = -93.85673596879367
nSV = 3442, nBSV = 977
Total nSV = 3442
...
Warning: using -h 0 may be faster
*
optimization finished, #iter = 3692
C = 2587.5990861516425
obj = 2055849.303496134, rho = -121.2283236181792
nSV = 3441, nBSV = 995
Total nSV = 3441
...
Warning: using -h 0 may be faster
*
optimization finished, #iter = 3783
C = 2603.9462168997893
obj = 2025670.7762661895, rho = -98.82295494449785
nSV = 3430, nBSV = 1007
Total nSV = 3430
...
Warning: using -h 0 may be faster
*
optimization finished, #iter = 3693
C = 2501.5483027304053
obj = 1925922.299206812, rho = -110.7021904675431
nSV = 3419, nBSV = 1014
Total nSV = 3419
....
Warning: using -h 0 may be faster
*
optimization finished, #iter = 4367
C = 2674.9929622531035
obj = 2464303.4856275287, rho = -121.36763239652127
nSV = 4145, nBSV = 1329
Total nSV = 6384


=== Predictions under cross-validation ===

 inst#     actual  predicted error distribution
     1  2:neutral  2:neutral       0.249,*0.527,0.224 
     2  2:neutral  2:neutral       0.017,*0.865,0.118 
     3  2:neutral 3:positive   +   0.231,0.218,*0.55 
     4  2:neutral  2:neutral       0.124,*0.505,0.371 
     5  2:neutral  2:neutral       0.049,*0.712,0.239 
     6  2:neutral 1:negative   +   *0.641,0.291,0.068 
     7  2:neutral 3:positive   +   0.032,0.352,*0.616 
     8  2:neutral  2:neutral       0.041,*0.871,0.088 
     9  2:neutral  2:neutral       0.113,*0.516,0.371 
    10  2:neutral 1:negative   +   *0.675,0.166,0.158 
    11  2:neutral 3:positive   +   0.018,0.445,*0.537 
    12  2:neutral  2:neutral       0.075,*0.717,0.208 
    13  2:neutral  2:neutral       0.057,*0.706,0.238 
    14  2:neutral  2:neutral       0.032,*0.721,0.247 
    15  2:neutral  2:neutral       0.224,*0.573,0.203 
    16  2:neutral  2:neutral       0.028,*0.543,0.428 
    17  2:neutral 1:negative   +   *0.357,0.338,0.305 
    18  2:neutral  2:neutral       0.286,*0.452,0.262 
    19  2:neutral  2:neutral       0.133,*0.686,0.181 
    20  2:neutral  2:neutral       0.013,*0.947,0.04 
    21  2:neutral 1:negative   +   *0.378,0.326,0.297 
    22  2:neutral 3:positive   +   0.085,0.346,*0.569 
    23  2:neutral  2:neutral       0.087,*0.626,0.288 
    24  2:neutral  2:neutral       0.048,*0.497,0.455 
    25  2:neutral  2:neutral       0.09,*0.633,0.277 
    26  2:neutral 1:negative   +   *0.383,0.359,0.258 
    27  2:neutral  2:neutral       0.039,*0.685,0.276 
    28  2:neutral  2:neutral       0.346,*0.366,0.288 
    29  2:neutral  2:neutral       0.026,*0.531,0.443 
    30  2:neutral 3:positive   +   0.037,0.343,*0.619 
    31  2:neutral  2:neutral       0.358,*0.496,0.146 
    32  2:neutral 1:negative   +   *0.961,0.023,0.015 
    33  2:neutral  2:neutral       0.019,*0.797,0.184 
    34  2:neutral  2:neutral       0.066,*0.701,0.234 
    35  2:neutral  2:neutral       0.085,*0.8,0.115 
    36  2:neutral  2:neutral       0.007,*0.939,0.054 
    37  2:neutral  2:neutral       0.226,*0.625,0.15 
    38  2:neutral  2:neutral       0.131,*0.73,0.139 
    39  2:neutral  2:neutral       0.059,*0.687,0.254 
    40  2:neutral  2:neutral       0.032,*0.701,0.268 
    41  2:neutral  2:neutral       0.073,*0.701,0.226 
    42  2:neutral  2:neutral       0.017,*0.691,0.292 
    43  2:neutral 3:positive   +   0.422,0.114,*0.464 
    44  2:neutral  2:neutral       0.14,*0.569,0.292 
    45  2:neutral  2:neutral       0.058,*0.865,0.077 
    46  2:neutral  2:neutral       0.01,*0.7,0.29 
    47  2:neutral  2:neutral       0.059,*0.545,0.396 
    48  2:neutral 3:positive   +   0.053,0.176,*0.772 
    49  2:neutral  2:neutral       0.048,*0.796,0.155 
    50  2:neutral  2:neutral       0.102,*0.688,0.21 
    51  2:neutral  2:neutral       0.183,*0.759,0.057 
    52  2:neutral  2:neutral       0.302,*0.464,0.234 
    53  2:neutral  2:neutral       0.1,*0.498,0.402 
    54  2:neutral  2:neutral       0.084,*0.573,0.343 
    55  2:neutral  2:neutral       0.054,*0.651,0.295 
    56  2:neutral  2:neutral       0.109,*0.796,0.095 
    57  2:neutral  2:neutral       0.099,*0.61,0.291 
    58  2:neutral  2:neutral       0.069,*0.472,0.459 
    59  2:neutral 3:positive   +   0.152,0.353,*0.495 
    60  2:neutral  2:neutral       0.046,*0.612,0.342 
    61  2:neutral  2:neutral       0.424,*0.462,0.113 
    62  2:neutral  2:neutral       0.111,*0.59,0.299 
    63  2:neutral  2:neutral       0.035,*0.558,0.407 
    64  2:neutral  2:neutral       0.056,*0.709,0.234 
    65  2:neutral  2:neutral       0.239,*0.65,0.111 
    66  2:neutral 3:positive   +   0.197,0.193,*0.61 
    67  2:neutral  2:neutral       0.081,*0.592,0.327 
    68  2:neutral  2:neutral       0.233,*0.434,0.333 
    69  2:neutral 3:positive   +   0.046,0.321,*0.633 
    70  2:neutral 3:positive   +   0.102,0.415,*0.483 
    71  2:neutral  2:neutral       0.124,*0.743,0.133 
    72  2:neutral 3:positive   +   0.051,0.166,*0.783 
    73  2:neutral 3:positive   +   0.149,0.242,*0.609 
    74  2:neutral  2:neutral       0.083,*0.462,0.455 
    75  2:neutral  2:neutral       0.072,*0.681,0.247 
    76  2:neutral  2:neutral       0.158,*0.424,0.417 
    77  2:neutral  2:neutral       0.078,*0.584,0.338 
    78  2:neutral  2:neutral       0.084,*0.544,0.372 
    79  2:neutral 1:negative   +   *0.444,0.415,0.141 
    80  2:neutral  2:neutral       0.066,*0.844,0.091 
    81  2:neutral 1:negative   +   *0.385,0.233,0.382 
    82  2:neutral  2:neutral       0.078,*0.89,0.033 
    83  2:neutral 3:positive   +   0.316,0.124,*0.561 
    84  2:neutral 3:positive   +   0.031,0.148,*0.821 
    85  2:neutral 1:negative   +   *0.534,0.364,0.102 
    86  2:neutral  2:neutral       0.061,*0.768,0.17 
    87  2:neutral  2:neutral       0.02,*0.593,0.387 
    88  2:neutral  2:neutral       0.042,*0.487,0.471 
    89  2:neutral 1:negative   +   *0.415,0.237,0.348 
    90  2:neutral  2:neutral       0.026,*0.813,0.162 
    91  2:neutral  2:neutral       0.059,*0.574,0.367 
    92  2:neutral  2:neutral       0.126,*0.746,0.129 
    93  2:neutral  2:neutral       0.09,*0.528,0.382 
    94  2:neutral 3:positive   +   0.033,0.38,*0.587 
    95  2:neutral 3:positive   +   0.076,0.358,*0.566 
    96  2:neutral  2:neutral       0.097,*0.79,0.113 
    97  2:neutral  2:neutral       0.053,*0.732,0.215 
    98  2:neutral 3:positive   +   0.071,0.246,*0.682 
    99  2:neutral  2:neutral       0.072,*0.772,0.155 
   100  2:neutral  2:neutral       0.094,*0.726,0.18 
   101  2:neutral  2:neutral       0.156,*0.689,0.154 
   102  2:neutral 3:positive   +   0.122,0.368,*0.51 
   103  2:neutral  2:neutral       0.05,*0.706,0.244 
   104  2:neutral  2:neutral       0.142,*0.491,0.367 
   105  2:neutral  2:neutral       0.085,*0.615,0.299 
   106  2:neutral 3:positive   +   0.146,0.253,*0.601 
   107  2:neutral  2:neutral       0.096,*0.599,0.305 
   108  2:neutral  2:neutral       0.138,*0.758,0.104 
   109  2:neutral  2:neutral       0.014,*0.728,0.258 
   110  2:neutral  2:neutral       0.073,*0.857,0.07 
   111  2:neutral 3:positive   +   0.096,0.423,*0.481 
   112  2:neutral  2:neutral       0.015,*0.728,0.257 
   113  2:neutral 3:positive   +   0.034,0.404,*0.561 
   114  2:neutral 3:positive   +   0.133,0.296,*0.571 
   115  2:neutral  2:neutral       0.039,*0.559,0.403 
   116  2:neutral  2:neutral       0.11,*0.688,0.202 
   117  2:neutral  2:neutral       0.028,*0.89,0.082 
   118  2:neutral  2:neutral       0.065,*0.627,0.308 
   119  2:neutral  2:neutral       0.056,*0.667,0.276 
   120  2:neutral 3:positive   +   0.041,0.215,*0.744 
   121  2:neutral  2:neutral       0.089,*0.645,0.266 
   122  2:neutral 3:positive   +   0.102,0.206,*0.692 
   123  2:neutral  2:neutral       0.052,*0.899,0.049 
   124  2:neutral  2:neutral       0.157,*0.631,0.211 
   125  2:neutral  2:neutral       0.407,*0.486,0.107 
   126  2:neutral 3:positive   +   0.051,0.459,*0.49 
   127  2:neutral  2:neutral       0.025,*0.845,0.129 
   128  2:neutral 3:positive   +   0.024,0.386,*0.59 
   129  2:neutral  2:neutral       0.164,*0.61,0.226 
   130  2:neutral  2:neutral       0.036,*0.54,0.424 
   131  2:neutral  2:neutral       0.295,*0.515,0.19 
   132  2:neutral  2:neutral       0.082,*0.616,0.302 
   133  2:neutral  2:neutral       0.038,*0.854,0.108 
   134  2:neutral  2:neutral       0.054,*0.584,0.363 
   135  2:neutral  2:neutral       0.027,*0.65,0.323 
   136  2:neutral  2:neutral       0.009,*0.754,0.238 
   137  2:neutral  2:neutral       0.157,*0.613,0.23 
   138  2:neutral 3:positive   +   0.046,0.386,*0.568 
   139  2:neutral  2:neutral       0.18,*0.678,0.141 
   140  2:neutral  2:neutral       0.247,*0.418,0.334 
   141  2:neutral  2:neutral       0.045,*0.714,0.24 
   142  2:neutral  2:neutral       0.253,*0.536,0.211 
   143  2:neutral  2:neutral       0.275,*0.479,0.247 
   144  2:neutral  2:neutral       0.157,*0.7,0.143 
   145  2:neutral 3:positive   +   0.342,0.292,*0.366 
   146  2:neutral  2:neutral       0.213,*0.671,0.116 
   147  2:neutral  2:neutral       0.042,*0.695,0.263 
   148  2:neutral  2:neutral       0.151,*0.618,0.231 
   149  2:neutral 3:positive   +   0.07,0.302,*0.628 
   150  2:neutral  2:neutral       0.086,*0.758,0.155 
   151  2:neutral  2:neutral       0.053,*0.834,0.113 
   152  2:neutral  2:neutral       0.016,*0.921,0.063 
   153  2:neutral  2:neutral       0.025,*0.814,0.16 
   154  2:neutral  2:neutral       0.088,*0.743,0.17 
   155  2:neutral 3:positive   +   0.133,0.359,*0.508 
   156  2:neutral 3:positive   +   0.083,0.219,*0.697 
   157  2:neutral  2:neutral       0.044,*0.685,0.272 
   158  2:neutral  2:neutral       0.045,*0.752,0.203 
   159  2:neutral  2:neutral       0.079,*0.874,0.047 
   160  2:neutral  2:neutral       0.029,*0.698,0.274 
   161  2:neutral  2:neutral       0.171,*0.588,0.241 
   162  2:neutral  2:neutral       0.019,*0.892,0.089 
   163  2:neutral  2:neutral       0.017,*0.762,0.222 
   164  2:neutral  2:neutral       0.125,*0.529,0.346 
   165  2:neutral  2:neutral       0.068,*0.77,0.162 
   166  2:neutral  2:neutral       0.1,*0.657,0.243 
   167  2:neutral 3:positive   +   0.041,0.296,*0.663 
   168  2:neutral  2:neutral       0.046,*0.622,0.332 
   169  2:neutral  2:neutral       0.102,*0.506,0.392 
   170  2:neutral  2:neutral       0.111,*0.835,0.053 
   171  2:neutral  2:neutral       0.077,*0.485,0.438 
   172  2:neutral 3:positive   +   0.221,0.355,*0.425 
   173  2:neutral 1:negative   +   *0.681,0.275,0.044 
   174  2:neutral  2:neutral       0.093,*0.595,0.312 
   175  2:neutral  2:neutral       0.04,*0.77,0.189 
   176  2:neutral  2:neutral       0.157,*0.663,0.18 
   177  2:neutral  2:neutral       0.046,*0.875,0.079 
   178  2:neutral  2:neutral       0.206,*0.638,0.156 
   179  2:neutral  2:neutral       0.114,*0.579,0.307 
   180  2:neutral  2:neutral       0.057,*0.763,0.18 
   181  2:neutral  2:neutral       0.085,*0.721,0.195 
   182  2:neutral  2:neutral       0.293,*0.443,0.264 
   183  2:neutral  2:neutral       0.076,*0.681,0.243 
   184  2:neutral 3:positive   +   0.101,0.378,*0.521 
   185  2:neutral  2:neutral       0.057,*0.567,0.376 
   186  2:neutral  2:neutral       0.025,*0.873,0.102 
   187  2:neutral  2:neutral       0.076,*0.587,0.337 
   188  2:neutral 3:positive   +   0.087,0.422,*0.49 
   189  2:neutral 1:negative   +   *0.519,0.384,0.098 
   190  2:neutral  2:neutral       0.234,*0.636,0.13 
   191  2:neutral  2:neutral       0.145,*0.619,0.236 
   192  2:neutral  2:neutral       0.06,*0.774,0.166 
   193  2:neutral 3:positive   +   0.013,0.476,*0.511 
   194  2:neutral  2:neutral       0.118,*0.747,0.135 
   195  2:neutral 3:positive   +   0.087,0.247,*0.666 
   196  2:neutral  2:neutral       0.129,*0.665,0.206 
   197  2:neutral  2:neutral       0.086,*0.497,0.418 
   198  2:neutral  2:neutral       0.299,*0.488,0.213 
   199  2:neutral 3:positive   +   0.079,0.26,*0.661 
   200  2:neutral  2:neutral       0.055,*0.575,0.369 
   201  2:neutral  2:neutral       0.059,*0.814,0.127 
   202  2:neutral  2:neutral       0.141,*0.579,0.28 
   203  2:neutral  2:neutral       0.02,*0.57,0.409 
   204  2:neutral  2:neutral       0.023,*0.9,0.077 
   205  2:neutral 3:positive   +   0.012,0.479,*0.509 
   206  2:neutral  2:neutral       0.259,*0.455,0.286 
   207  2:neutral  2:neutral       0.064,*0.602,0.333 
   208  2:neutral  2:neutral       0.019,*0.86,0.121 
   209  2:neutral  2:neutral       0.031,*0.847,0.121 
   210  2:neutral 3:positive   +   0.276,0.313,*0.41 
   211  2:neutral  2:neutral       0.03,*0.857,0.113 
   212  2:neutral  2:neutral       0.033,*0.799,0.168 
   213  2:neutral 3:positive   +   0.083,0.45,*0.468 
   214  2:neutral  2:neutral       0.053,*0.715,0.232 
   215  2:neutral  2:neutral       0.247,*0.504,0.249 
   216  2:neutral 3:positive   +   0.092,0.445,*0.463 
   217  2:neutral  2:neutral       0.034,*0.802,0.164 
   218  2:neutral  2:neutral       0.134,*0.475,0.391 
   219  2:neutral  2:neutral       0.086,*0.501,0.413 
   220  2:neutral  2:neutral       0.077,*0.482,0.442 
   221  2:neutral 1:negative   +   *0.529,0.242,0.228 
   222  2:neutral 3:positive   +   0.157,0.374,*0.47 
   223  2:neutral  2:neutral       0.033,*0.545,0.422 
   224  2:neutral  2:neutral       0.167,*0.693,0.14 
   225  2:neutral  2:neutral       0.023,*0.872,0.105 
   226  2:neutral  2:neutral       0.061,*0.723,0.216 
   227  2:neutral  2:neutral       0.033,*0.785,0.181 
   228  2:neutral 3:positive   +   0.037,0.285,*0.678 
   229  2:neutral 3:positive   +   0.022,0.4,*0.578 
   230  2:neutral 3:positive   +   0.349,0.256,*0.396 
   231  2:neutral  2:neutral       0.055,*0.854,0.091 
   232  2:neutral  2:neutral       0.368,*0.425,0.207 
   233  2:neutral  2:neutral       0.236,*0.436,0.328 
   234  2:neutral  2:neutral       0.048,*0.71,0.242 
   235  2:neutral  2:neutral       0.299,*0.566,0.134 
   236  2:neutral  2:neutral       0.076,*0.555,0.369 
   237  2:neutral 3:positive   +   0.04,0.301,*0.659 
   238  2:neutral  2:neutral       0.258,*0.573,0.169 
   239  2:neutral 3:positive   +   0.159,0.381,*0.461 
   240  2:neutral  2:neutral       0.13,*0.552,0.318 
   241  2:neutral 3:positive   +   0.335,0.26,*0.404 
   242  2:neutral  2:neutral       0.042,*0.522,0.436 
   243  2:neutral 3:positive   +   0.041,0.233,*0.726 
   244  2:neutral  2:neutral       0.034,*0.731,0.236 
   245  2:neutral  2:neutral       0.236,*0.561,0.203 
   246  2:neutral 3:positive   +   0.01,0.486,*0.504 
   247  2:neutral  2:neutral       0.009,*0.961,0.03 
   248  2:neutral  2:neutral       0.071,*0.576,0.353 
   249  2:neutral 3:positive   +   0.227,0.329,*0.444 
   250  2:neutral  2:neutral       0.044,*0.673,0.283 
   251  2:neutral  2:neutral       0.069,*0.517,0.414 
   252  2:neutral  2:neutral       0.037,*0.49,0.474 
   253  2:neutral  2:neutral       0.166,*0.527,0.307 
   254  2:neutral  2:neutral       0.085,*0.759,0.155 
   255  2:neutral  2:neutral       0.049,*0.803,0.147 
   256  2:neutral  2:neutral       0.068,*0.598,0.334 
   257  2:neutral  2:neutral       0.096,*0.599,0.305 
   258  2:neutral  2:neutral       0.064,*0.891,0.046 
   259  2:neutral  2:neutral       0.137,*0.576,0.286 
   260  2:neutral  2:neutral       0.195,*0.68,0.125 
   261  2:neutral 3:positive   +   0.028,0.281,*0.691 
   262  2:neutral  2:neutral       0.074,*0.662,0.265 
   263  2:neutral  2:neutral       0.077,*0.506,0.417 
   264  2:neutral  2:neutral       0.068,*0.861,0.071 
   265  2:neutral  2:neutral       0.082,*0.698,0.22 
   266  2:neutral  2:neutral       0.028,*0.832,0.14 
   267  2:neutral 3:positive   +   0.144,0.306,*0.549 
   268  2:neutral  2:neutral       0.151,*0.719,0.131 
   269  2:neutral  2:neutral       0.264,*0.422,0.314 
   270  2:neutral  2:neutral       0.066,*0.502,0.431 
   271  2:neutral  2:neutral       0.213,*0.409,0.378 
   272  2:neutral  2:neutral       0.117,*0.538,0.345 
   273  2:neutral  2:neutral       0.137,*0.677,0.186 
   274  2:neutral  2:neutral       0.069,*0.616,0.315 
   275  2:neutral 1:negative   +   *0.511,0.098,0.391 
   276  2:neutral  2:neutral       0.027,*0.695,0.277 
   277  2:neutral 3:positive   +   0.009,0.443,*0.548 
   278  2:neutral  2:neutral       0.031,*0.582,0.387 
   279  2:neutral 1:negative   +   *0.59,0.148,0.262 
   280  2:neutral  2:neutral       0.033,*0.535,0.432 
   281  2:neutral  2:neutral       0.038,*0.577,0.386 
   282  2:neutral  2:neutral       0.035,*0.895,0.07 
   283  2:neutral 3:positive   +   0.243,0.367,*0.389 
   284  2:neutral 3:positive   +   0.084,0.369,*0.548 
   285  2:neutral  2:neutral       0.014,*0.817,0.169 
   286  2:neutral  2:neutral       0.041,*0.632,0.327 
   287  2:neutral  2:neutral       0.063,*0.858,0.079 
   288  2:neutral  2:neutral       0.11,*0.72,0.171 
   289  2:neutral  2:neutral       0.066,*0.622,0.312 
   290  2:neutral 3:positive   +   0.008,0.396,*0.596 
   291  2:neutral  2:neutral       0.075,*0.808,0.117 
   292  2:neutral 1:negative   +   *0.742,0.138,0.12 
   293  2:neutral  2:neutral       0.04,*0.512,0.448 
   294  2:neutral 3:positive   +   0.094,0.379,*0.527 
   295  2:neutral  2:neutral       0.123,*0.85,0.028 
   296  2:neutral  2:neutral       0.082,*0.616,0.302 
   297  2:neutral 3:positive   +   0.116,0.27,*0.614 
   298  2:neutral  2:neutral       0.067,*0.585,0.347 
   299  2:neutral  2:neutral       0.219,*0.526,0.256 
   300  2:neutral  2:neutral       0.049,*0.9,0.051 
   301  2:neutral  2:neutral       0.042,*0.721,0.237 
   302  2:neutral  2:neutral       0.086,*0.74,0.173 
   303  2:neutral 3:positive   +   0.079,0.218,*0.703 
   304  2:neutral  2:neutral       0.091,*0.56,0.348 
   305  2:neutral  2:neutral       0.03,*0.826,0.144 
   306  2:neutral  2:neutral       0.053,*0.678,0.27 
   307  2:neutral  2:neutral       0.073,*0.793,0.134 
   308  2:neutral  2:neutral       0.095,*0.875,0.03 
   309  2:neutral 3:positive   +   0.013,0.066,*0.921 
   310  2:neutral  2:neutral       0.06,*0.922,0.017 
   311  2:neutral  2:neutral       0.193,*0.486,0.321 
   312  2:neutral  2:neutral       0.098,*0.722,0.18 
   313  2:neutral  2:neutral       0.07,*0.503,0.427 
   314  2:neutral  2:neutral       0.051,*0.793,0.156 
   315  2:neutral 3:positive   +   0.058,0.369,*0.573 
   316  2:neutral 3:positive   +   0.031,0.254,*0.716 
   317  2:neutral  2:neutral       0.06,*0.807,0.134 
   318  2:neutral  2:neutral       0.108,*0.723,0.169 
   319  2:neutral  2:neutral       0.097,*0.47,0.433 
   320  2:neutral  2:neutral       0.113,*0.558,0.33 
   321  2:neutral  2:neutral       0.1,*0.782,0.118 
   322  2:neutral  2:neutral       0.06,*0.761,0.18 
   323  2:neutral  2:neutral       0.125,*0.625,0.25 
   324  2:neutral  2:neutral       0.058,*0.799,0.143 
   325  2:neutral  2:neutral       0.068,*0.783,0.15 
   326  2:neutral  2:neutral       0.076,*0.742,0.182 
   327  2:neutral 1:negative   +   *0.91,0.054,0.036 
   328  2:neutral 1:negative   +   *0.693,0.271,0.036 
   329  2:neutral  2:neutral       0.155,*0.672,0.173 
   330  2:neutral  2:neutral       0.051,*0.834,0.115 
   331  2:neutral  2:neutral       0.092,*0.57,0.339 
   332  2:neutral  2:neutral       0.082,*0.621,0.297 
   333  2:neutral  2:neutral       0.014,*0.855,0.131 
   334  2:neutral 1:negative   +   *0.52,0.326,0.154 
   335  2:neutral 3:positive   +   0.029,0.428,*0.542 
   336  2:neutral  2:neutral       0.1,*0.501,0.399 
   337  2:neutral  2:neutral       0.073,*0.731,0.197 
   338  2:neutral  2:neutral       0.152,*0.455,0.393 
   339  2:neutral  2:neutral       0.033,*0.845,0.122 
   340  2:neutral  2:neutral       0.281,*0.474,0.245 
   341  2:neutral  2:neutral       0.056,*0.578,0.366 
   342  2:neutral 3:positive   +   0.088,0.278,*0.634 
   343  2:neutral  2:neutral       0.059,*0.716,0.225 
   344  2:neutral  2:neutral       0.024,*0.784,0.192 
   345  2:neutral  2:neutral       0.02,*0.763,0.217 
   346  2:neutral  2:neutral       0.087,*0.675,0.238 
   347  2:neutral  2:neutral       0.096,*0.599,0.305 
   348  2:neutral 3:positive   +   0.345,0.271,*0.383 
   349  2:neutral  2:neutral       0.149,*0.581,0.27 
   350  2:neutral  2:neutral       0.029,*0.862,0.109 
   351  2:neutral  2:neutral       0.069,*0.657,0.274 
   352  2:neutral  2:neutral       0.023,*0.843,0.134 
   353  2:neutral  2:neutral       0.174,*0.724,0.102 
   354  2:neutral 1:negative   +   *0.817,0.067,0.116 
   355  2:neutral  2:neutral       0.077,*0.641,0.282 
