Zero Weights processed. Default weights will be used
..
Warning: using -h 0 may be faster
*
optimization finished, #iter = 2344
C = 1768.1917602152375
obj = 927837.7258132203, rho = -53.799447071853855
nSV = 2301, nBSV = 655
Total nSV = 2301
..
Warning: using -h 0 may be faster
*
optimization finished, #iter = 2268
C = 1691.4098048514584
obj = 893329.3291410286, rho = -32.837094730373565
nSV = 2247, nBSV = 670
Total nSV = 2247
..
Warning: using -h 0 may be faster
*
optimization finished, #iter = 2290
C = 1568.8901290215458
obj = 818749.5003085391, rho = -6.295921055743322
nSV = 2232, nBSV = 661
Total nSV = 2232
..
Warning: using -h 0 may be faster
*
optimization finished, #iter = 2166
C = 1707.855493070895
obj = 906869.5847717129, rho = -38.38376500229125
nSV = 2224, nBSV = 663
Total nSV = 2224
..
Warning: using -h 0 may be faster
*
optimization finished, #iter = 2129
C = 1604.9198427553933
obj = 855342.0774641485, rho = -21.3720884389149
nSV = 2250, nBSV = 665
Total nSV = 2250
..
Warning: using -h 0 may be faster
*
optimization finished, #iter = 2669
C = 1688.7120596747793
obj = 1052685.700019035, rho = -42.81696118511101
nSV = 2730, nBSV = 890
...
Warning: using -h 0 may be faster
*
optimization finished, #iter = 3544
C = 3529.3309633538247
obj = 3298991.185492905, rho = -27.112638930331148
nSV = 3744, nBSV = 952
Total nSV = 3744
...
Warning: using -h 0 may be faster
*
optimization finished, #iter = 3634
C = 3952.8669804559477
obj = 3828834.887731263, rho = -189.38670560587303
nSV = 3817, nBSV = 942
Total nSV = 3817
...
Warning: using -h 0 may be faster
*
optimization finished, #iter = 3431
C = 3877.567208583483
obj = 3793306.745799346, rho = -206.24429694964044
nSV = 3760, nBSV = 969
Total nSV = 3760
...
Warning: using -h 0 may be faster
*
optimization finished, #iter = 3586
C = 3846.9039506446093
obj = 3711631.454984556, rho = -175.19310963778688
nSV = 3790, nBSV = 962
Total nSV = 3790
...
Warning: using -h 0 may be faster
*
optimization finished, #iter = 3511
C = 3951.6189637792813
obj = 3868473.306763739, rho = -167.21688691140656
nSV = 3749, nBSV = 979
Total nSV = 3749
....
Warning: using -h 0 may be faster
*
optimization finished, #iter = 4361
C = 4041.8340905666564
obj = 4752049.2832908835, rho = -45.59918885891058
nSV = 4518, nBSV = 1276
..
Warning: using -h 0 may be faster
*
optimization finished, #iter = 2464
C = 1779.7028481441332
obj = 1075718.571532911, rho = -77.82611273830058
nSV = 2599, nBSV = 776
Total nSV = 2599
..
Warning: using -h 0 may be faster
*
optimization finished, #iter = 2530
C = 1904.166790828491
obj = 1165137.976709768, rho = -79.57791906036165
nSV = 2648, nBSV = 778
Total nSV = 2648
..
Warning: using -h 0 may be faster
*
optimization finished, #iter = 2641
C = 1754.094421076188
obj = 1031663.5617212657, rho = -88.43576988310694
nSV = 2664, nBSV = 768
Total nSV = 2664
..
Warning: using -h 0 may be faster
*
optimization finished, #iter = 2769
C = 1872.2833784607392
obj = 1123323.964954912, rho = -83.79780060553927
nSV = 2668, nBSV = 764
Total nSV = 2668
..
Warning: using -h 0 may be faster
*
optimization finished, #iter = 2531
C = 1790.7297370049346
obj = 1059705.5670859525, rho = -95.36825950503162
nSV = 2586, nBSV = 787
Total nSV = 2586
..
Warning: using -h 0 may be faster
*
optimization finished, #iter = 2884
C = 1905.441890263163
obj = 1387591.0140714943, rho = -5.604835178149334
nSV = 3104, nBSV = 1041
Total nSV = 7296
.
Warning: using -h 0 may be faster
*
optimization finished, #iter = 1734
C = 1617.6991670878924
obj = 701604.2737545053, rho = -50.856182874609864
nSV = 1828, nBSV = 508
Total nSV = 1828
.
Warning: using -h 0 may be faster
*
optimization finished, #iter = 1911
C = 1557.6782700337496
obj = 660426.6955131281, rho = -38.918144918038486
nSV = 1882, nBSV = 491
Total nSV = 1882
.
Warning: using -h 0 may be faster
*
optimization finished, #iter = 1764
C = 1579.0009125597546
obj = 693100.2755474204, rho = -25.961183817660537
nSV = 1843, nBSV = 503
Total nSV = 1843
.
Warning: using -h 0 may be faster
*
optimization finished, #iter = 1751
C = 1530.7341323791395
obj = 651933.5631534164, rho = -23.037909426257574
nSV = 1839, nBSV = 508
Total nSV = 1839
.
Warning: using -h 0 may be faster
*
optimization finished, #iter = 1850
C = 1510.8285986634937
obj = 638881.4959105639, rho = -27.752601605362024
nSV = 1852, nBSV = 497
Total nSV = 1852
..
Warning: using -h 0 may be faster
*
optimization finished, #iter = 2239
C = 1650.5488641179202
obj = 854418.2321105279, rho = -20.76492860260731
nSV = 2268, nBSV = 683
..
Warning: using -h 0 may be faster
*
optimization finished, #iter = 2926
C = 3520.6750154484025
obj = 2719576.5621184628, rho = -175.00333918973183
nSV = 3133, nBSV = 748
Total nSV = 3133
..
Warning: using -h 0 may be faster
*
optimization finished, #iter = 2873
C = 3454.6415649364517
obj = 2751355.9345709337, rho = -24.87602177310926
nSV = 3096, nBSV = 701
Total nSV = 3096
...
Warning: using -h 0 may be faster
*
optimization finished, #iter = 3023
C = 3441.93900498394
obj = 2707439.285364977, rho = -46.922419281178165
nSV = 3164, nBSV = 664
Total nSV = 3164
...
Warning: using -h 0 may be faster
*
optimization finished, #iter = 3317
C = 3496.3227969213203
obj = 2715767.495317958, rho = -22.510859749287704
nSV = 3179, nBSV = 660
Total nSV = 3179
...
Warning: using -h 0 may be faster
*
optimization finished, #iter = 3075
C = 3314.507983125201
obj = 2571441.976604507, rho = -8.524574531144342
nSV = 3167, nBSV = 675
Total nSV = 3167
Line search fails in two-class probability estimates
...
Warning: using -h 0 may be faster
*
optimization finished, #iter = 3500
C = 3647.3629921529287
obj = 3451631.179216036, rho = -20.081609428795925
nSV = 3737, nBSV = 964
..
Warning: using -h 0 may be faster
*
optimization finished, #iter = 2088
C = 1727.51548219538
obj = 881521.1259680197, rho = -97.29700470583917
nSV = 2187, nBSV = 568
Total nSV = 2187
.
Warning: using -h 0 may be faster
*
optimization finished, #iter = 1976
C = 1537.3458659858588
obj = 753144.6098636235, rho = -55.31714408587599
nSV = 2132, nBSV = 608
Total nSV = 2132
..
Warning: using -h 0 may be faster
*
optimization finished, #iter = 2104
C = 1759.7460053271973
obj = 907327.0987502175, rho = -72.00550719815735
nSV = 2191, nBSV = 558
Total nSV = 2191
.
Warning: using -h 0 may be faster
*
optimization finished, #iter = 1935
C = 1675.1955859733118
obj = 852398.8116342116, rho = -86.25897872276367
nSV = 2129, nBSV = 585
Total nSV = 2129
..
Warning: using -h 0 may be faster
*
optimization finished, #iter = 2137
C = 1740.2785535828243
obj = 900023.6096864048, rho = -69.71932769977234
nSV = 2178, nBSV = 576
Total nSV = 2178
..
Warning: using -h 0 may be faster
*
optimization finished, #iter = 2433
C = 1740.8132340624177
obj = 1053483.9870574875, rho = 3.069182632467227
nSV = 2588, nBSV = 773
Total nSV = 5980
.
Warning: using -h 0 may be faster
*
optimization finished, #iter = 1739
C = 1654.2287071242586
obj = 722402.8211053795, rho = -26.384172756397717
nSV = 1849, nBSV = 519
Total nSV = 1849
.
Warning: using -h 0 may be faster
*
optimization finished, #iter = 1773
C = 1578.7890215107814
obj = 683572.3701130517, rho = -12.30812947507749
nSV = 1869, nBSV = 508
Total nSV = 1869
.
Warning: using -h 0 may be faster
*
optimization finished, #iter = 1855
C = 1700.9718278716227
obj = 759016.3485349197, rho = -33.59468434895614
nSV = 1896, nBSV = 496
Total nSV = 1896
.
Warning: using -h 0 may be faster
*
optimization finished, #iter = 1791
C = 1519.4581012751223
obj = 642418.6872750563, rho = -26.695982443208496
nSV = 1859, nBSV = 513
Total nSV = 1859
.
Warning: using -h 0 may be faster
*
optimization finished, #iter = 1856
C = 1670.2867061907284
obj = 730011.8896216559, rho = -24.47133646875984
nSV = 1896, nBSV = 495
Total nSV = 1896
..
Warning: using -h 0 may be faster
*
optimization finished, #iter = 2191
C = 1671.6881904824404
obj = 863226.0114741784, rho = -20.115259008335897
nSV = 2251, nBSV = 689
..
Warning: using -h 0 may be faster
*
optimization finished, #iter = 2870
C = 3488.073691645629
obj = 2711901.1072071684, rho = -166.28425563096613
nSV = 3097, nBSV = 692
Total nSV = 3097
..
Warning: using -h 0 may be faster
*
optimization finished, #iter = 2834
C = 3340.167648759714
obj = 2583031.5175879565, rho = -167.03371909110064
nSV = 3090, nBSV = 727
Total nSV = 3090
...
Warning: using -h 0 may be faster
*
optimization finished, #iter = 3030
C = 3456.4009174592074
obj = 2639490.4226836795, rho = -133.9590006167847
nSV = 3155, nBSV = 702
Total nSV = 3155
..
Warning: using -h 0 may be faster
*
optimization finished, #iter = 2935
C = 3328.464544207698
obj = 2508153.4888705825, rho = -180.7672961966951
nSV = 3101, nBSV = 698
Total nSV = 3101
..
Warning: using -h 0 may be faster
*
optimization finished, #iter = 2957
C = 3431.4996936325024
obj = 2691672.892993578, rho = -161.11910090194056
nSV = 3127, nBSV = 716
Total nSV = 3127
Line search fails in two-class probability estimates
...
Warning: using -h 0 may be faster
*
optimization finished, #iter = 3453
C = 3684.903157568683
obj = 3468084.9181179767, rho = -63.72540710537307
nSV = 3712, nBSV = 952
..
Warning: using -h 0 may be faster
*
optimization finished, #iter = 2080
C = 1599.3277829207957
obj = 799769.021983184, rho = -71.9447513060121
nSV = 2149, nBSV = 605
Total nSV = 2149
..
Warning: using -h 0 may be faster
*
optimization finished, #iter = 2171
C = 1814.8923190634553
obj = 897428.2464189415, rho = -70.98982487893134
nSV = 2193, nBSV = 593
Total nSV = 2193
..
Warning: using -h 0 may be faster
*
optimization finished, #iter = 2015
C = 1720.4949256650195
obj = 862932.4228291467, rho = -75.93012392349063
nSV = 2148, nBSV = 564
Total nSV = 2148
..
Warning: using -h 0 may be faster
*
optimization finished, #iter = 2018
C = 1701.5485170055629
obj = 853702.2795144226, rho = -68.17863782575459
nSV = 2163, nBSV = 580
Total nSV = 2163
..
Warning: using -h 0 may be faster
*
optimization finished, #iter = 2075
C = 1695.3281062143642
obj = 836500.1275192916, rho = -84.80007978443233
nSV = 2144, nBSV = 587
Total nSV = 2144
..
Warning: using -h 0 may be faster
*
optimization finished, #iter = 2292
C = 1759.870911797532
obj = 1053791.1074278397, rho = 3.733893432165506
nSV = 2567, nBSV = 791
Total nSV = 5892
..
Warning: using -h 0 may be faster
*
optimization finished, #iter = 2886
C = 3610.90224917662
obj = 2879260.862612919, rho = -23.066812376646293
nSV = 3123, nBSV = 708
Total nSV = 3123
..
Warning: using -h 0 may be faster
*
optimization finished, #iter = 2790
C = 3301.4276166457635
obj = 2599525.0605369653, rho = -192.88036954891652
nSV = 3079, nBSV = 695
Total nSV = 3079
...
Warning: using -h 0 may be faster
*
optimization finished, #iter = 3410
C = 3730.2359650459
obj = 2930917.400317895, rho = -165.3831610164585
nSV = 3281, nBSV = 660
Total nSV = 3281
...
Warning: using -h 0 may be faster
*
optimization finished, #iter = 3095
C = 3682.9960378459155
obj = 2963450.817475245, rho = -201.09886075481202
nSV = 3178, nBSV = 678
Total nSV = 3178
...
Warning: using -h 0 may be faster
*
optimization finished, #iter = 3175
C = 3580.0547761857124
obj = 2812919.014015852, rho = -174.97776655616371
nSV = 3203, nBSV = 682
Total nSV = 3203
...
Warning: using -h 0 may be faster
*
optimization finished, #iter = 3448
C = 3646.083846987921
obj = 3448850.3946576216, rho = -180.18057568914304
nSV = 3757, nBSV = 956
..
Warning: using -h 0 may be faster
*
optimization finished, #iter = 2010
C = 1731.9452354617204
obj = 876477.6544610232, rho = -69.66713068997379
nSV = 2174, nBSV = 582
Total nSV = 2174
..
Warning: using -h 0 may be faster
*
optimization finished, #iter = 2058
C = 1698.7562844695387
obj = 841307.8768277572, rho = -77.57125389352093
nSV = 2183, nBSV = 586
Total nSV = 2183
.
Warning: using -h 0 may be faster
*
optimization finished, #iter = 1986
C = 1797.1007690296835
obj = 895226.7936084416, rho = -78.52053926306658
nSV = 2166, nBSV = 582
Total nSV = 2166
.
Warning: using -h 0 may be faster
*
optimization finished, #iter = 1987
C = 1879.9645679442842
obj = 963626.050317042, rho = -99.81937225943233
nSV = 2190, nBSV = 570
Total nSV = 2190
.
Warning: using -h 0 may be faster
*
optimization finished, #iter = 1947
C = 1740.3876279661933
obj = 878317.392900388, rho = -94.88549255921663
nSV = 2197, nBSV = 569
Total nSV = 2197
..
Warning: using -h 0 may be faster
*
optimization finished, #iter = 2410
C = 1846.083313143167
obj = 1111199.855618602, rho = -92.99618021285377
nSV = 2599, nBSV = 759
.
Warning: using -h 0 may be faster
*
optimization finished, #iter = 1837
C = 1609.644681523986
obj = 697248.626801336, rho = -39.76619419552721
nSV = 1846, nBSV = 498
Total nSV = 1846
.
Warning: using -h 0 may be faster
*
optimization finished, #iter = 1837
C = 1582.8924564084718
obj = 684753.1918848332, rho = -44.054510172681866
nSV = 1903, nBSV = 497
Total nSV = 1903
.
Warning: using -h 0 may be faster
*
optimization finished, #iter = 1783
C = 1642.6916876993198
obj = 720001.0155188491, rho = -45.301792400860954
nSV = 1880, nBSV = 484
Total nSV = 1880
.
Warning: using -h 0 may be faster
*
optimization finished, #iter = 1874
C = 1605.5074452933295
obj = 685749.44753324, rho = -43.50515750135857
nSV = 1886, nBSV = 520
Total nSV = 1886
.
Warning: using -h 0 may be faster
*
optimization finished, #iter = 1919
C = 1512.6462565965292
obj = 649453.0086544288, rho = -28.608533342778426
nSV = 1890, nBSV = 503
Total nSV = 1890
..
Warning: using -h 0 may be faster
*
optimization finished, #iter = 2375
C = 1657.894866629253
obj = 856349.5191936508, rho = -44.45353096792167
nSV = 2282, nBSV = 647
Total nSV = 5991
.
Warning: using -h 0 may be faster
*
optimization finished, #iter = 1843
C = 1554.688469183266
obj = 672970.818149666, rho = -28.00061831081582
nSV = 1869, nBSV = 499
Total nSV = 1869
.
Warning: using -h 0 may be faster
*
optimization finished, #iter = 1785
C = 1671.6497760619088
obj = 748394.4702126399, rho = -42.84932860700219
nSV = 1872, nBSV = 488
Total nSV = 1872
.
Warning: using -h 0 may be faster
*
optimization finished, #iter = 1911
C = 1614.169488224094
obj = 713409.6379008794, rho = -47.1747327942986
nSV = 1875, nBSV = 496
Total nSV = 1875
.
Warning: using -h 0 may be faster
*
optimization finished, #iter = 1913
C = 1602.6665436337998
obj = 708487.3808033165, rho = -33.7373225752668
nSV = 1902, nBSV = 471
Total nSV = 1902
.
Warning: using -h 0 may be faster
*
optimization finished, #iter = 1816
C = 1577.9293315247292
obj = 688079.4037571123, rho = -49.63915353293915
nSV = 1873, nBSV = 485
Total nSV = 1873
..
Warning: using -h 0 may be faster
*
optimization finished, #iter = 2373
C = 1685.0230553959682
obj = 891903.8033162546, rho = -42.71855053153486
nSV = 2309, nBSV = 645
..
Warning: using -h 0 may be faster
*
optimization finished, #iter = 2006
C = 1533.5959507301422
obj = 737131.8427268899, rho = -62.685709240947666
nSV = 2124, nBSV = 592
Total nSV = 2124
..
Warning: using -h 0 may be faster
*
optimization finished, #iter = 2213
C = 1823.739237046275
obj = 905178.977128119, rho = -67.18632036020439
nSV = 2199, nBSV = 573
Total nSV = 2199
..
Warning: using -h 0 may be faster
*
optimization finished, #iter = 2173
C = 1765.4394751674258
obj = 890627.6328519892, rho = -56.342099891836966
nSV = 2194, nBSV = 563
Total nSV = 2194
..
Warning: using -h 0 may be faster
*
optimization finished, #iter = 2123
C = 1749.7302118735163
obj = 879818.6447464447, rho = -73.24418933769849
nSV = 2192, nBSV = 571
Total nSV = 2192
..
Warning: using -h 0 may be faster
*
optimization finished, #iter = 2103
C = 1564.5195699261988
obj = 778537.9248965686, rho = -63.69070498005845
nSV = 2136, nBSV = 581
Total nSV = 2136
..
Warning: using -h 0 may be faster
*
optimization finished, #iter = 2642
C = 1773.6191422789893
obj = 1033811.3398812374, rho = -18.570395545790124
nSV = 2627, nBSV = 790
...
Warning: using -h 0 may be faster
*
optimization finished, #iter = 3059
C = 3361.499271980135
obj = 2577245.2461502673, rho = -44.08338913324913
nSV = 3170, nBSV = 688
Total nSV = 3170
...
Warning: using -h 0 may be faster
*
optimization finished, #iter = 3209
C = 3504.7871687156126
obj = 2723299.684391886, rho = -165.14120585651193
nSV = 3227, nBSV = 694
Total nSV = 3227
...
Warning: using -h 0 may be faster
*
optimization finished, #iter = 3099
C = 3286.874428139018
obj = 2500123.3437043903, rho = -148.43563071835553
nSV = 3147, nBSV = 704
Total nSV = 3147
...
Warning: using -h 0 may be faster
*
optimization finished, #iter = 3040
C = 3400.7199505515705
obj = 2630251.978904524, rho = -165.2485987608392
nSV = 3140, nBSV = 712
Total nSV = 3140
..
Warning: using -h 0 may be faster
*
optimization finished, #iter = 2879
C = 3352.6931511342414
obj = 2597309.284861964, rho = -150.19380765606164
nSV = 3149, nBSV = 722
Total nSV = 3149
...
Warning: using -h 0 may be faster
*
optimization finished, #iter = 3724
C = 3701.900610212955
obj = 3533664.223952028, rho = -28.041915850194115
nSV = 3790, nBSV = 935
Total nSV = 6052
.
Warning: using -h 0 may be faster
*
optimization finished, #iter = 1924
C = 1575.9127928689236
obj = 776374.7332106277, rho = -60.66528011888121
nSV = 2124, nBSV = 580
Total nSV = 2124
.
Warning: using -h 0 may be faster
*
optimization finished, #iter = 1912
C = 1670.6483748582045
obj = 825106.1878366465, rho = -63.21052578254974
nSV = 2127, nBSV = 608
Total nSV = 2127
.
Warning: using -h 0 may be faster
*
optimization finished, #iter = 1924
C = 1715.45254054612
obj = 861019.0155051679, rho = -62.96631718964113
nSV = 2106, nBSV = 600
Total nSV = 2106
.
Warning: using -h 0 may be faster
*
optimization finished, #iter = 1938
C = 1678.904420144782
obj = 819463.546505719, rho = -61.32766901403707
nSV = 2136, nBSV = 600
Total nSV = 2136
..
Warning: using -h 0 may be faster
*
optimization finished, #iter = 2019
C = 1648.9833719124483
obj = 807039.7460797392, rho = -68.13011030552929
nSV = 2138, nBSV = 602
Total nSV = 2138
..
Warning: using -h 0 may be faster
*
optimization finished, #iter = 2544
C = 1694.7361042068565
obj = 972908.1621194149, rho = -7.3951933915125005
nSV = 2605, nBSV = 763
.
Warning: using -h 0 may be faster
*
optimization finished, #iter = 1928
C = 1566.642682437085
obj = 671621.6663974003, rho = -41.97218749457402
nSV = 1902, nBSV = 488
Total nSV = 1902
.
Warning: using -h 0 may be faster
*
optimization finished, #iter = 1816
C = 1582.0247746877405
obj = 676582.0648447305, rho = -34.73935612567348
nSV = 1864, nBSV = 507
Total nSV = 1864
.
Warning: using -h 0 may be faster
*
optimization finished, #iter = 1685
C = 1555.0531555664024
obj = 668973.9370184115, rho = -34.05734811276217
nSV = 1829, nBSV = 537
Total nSV = 1829
.
Warning: using -h 0 may be faster
*
optimization finished, #iter = 1788
C = 1605.471434174253
obj = 719553.6593247034, rho = -34.27322693751386
nSV = 1835, nBSV = 512
Total nSV = 1835
.
Warning: using -h 0 may be faster
*
optimization finished, #iter = 1777
C = 1663.8604474400604
obj = 732161.867846293, rho = -25.88999147624704
nSV = 1878, nBSV = 497
Total nSV = 1878
..
Warning: using -h 0 may be faster
*
optimization finished, #iter = 2263
C = 1657.0331329927928
obj = 872429.4665189715, rho = -34.570201926895905
nSV = 2244, nBSV = 649
..
Warning: using -h 0 may be faster
*
optimization finished, #iter = 2931
C = 3595.7107721255766
obj = 2856143.4792914283, rho = -192.9607090510536
nSV = 3137, nBSV = 721
Total nSV = 3137
...
Warning: using -h 0 may be faster
*
optimization finished, #iter = 3043
C = 3638.1256604410028
obj = 2880074.9558343273, rho = -147.99946097687044
nSV = 3183, nBSV = 673
Total nSV = 3183
..
Warning: using -h 0 may be faster
*
optimization finished, #iter = 2817
C = 3458.0593663308964
obj = 2653423.084144955, rho = -145.19265509403
nSV = 3077, nBSV = 743
Total nSV = 3077
..
Warning: using -h 0 may be faster
*
optimization finished, #iter = 2898
C = 3431.9471776266814
obj = 2606599.3594328086, rho = -149.6875391633864
nSV = 3094, nBSV = 707
Total nSV = 3094
..
Warning: using -h 0 may be faster
*
optimization finished, #iter = 2946
C = 3466.595603258501
obj = 2713782.2970108194, rho = -152.94636384004085
nSV = 3123, nBSV = 718
Total nSV = 3123
Line search fails in two-class probability estimates
...
Warning: using -h 0 may be faster
*
optimization finished, #iter = 3871
C = 4072.226951058945
obj = 3926198.8901968817, rho = -166.20464489037548
nSV = 3881, nBSV = 921
Total nSV = 6103


=== Predictions under cross-validation ===

 inst#     actual  predicted error distribution
     1  2:neutral  2:neutral       0.18,*0.566,0.254 
     2  2:neutral  2:neutral       0.024,*0.801,0.176 
     3  2:neutral 3:positive   +   0.105,0.151,*0.744 
     4  2:neutral  2:neutral       0.092,*0.665,0.243 
     5  2:neutral  2:neutral       0.044,*0.754,0.202 
     6  2:neutral 1:negative   +   *0.485,0.439,0.076 
     7  2:neutral 3:positive   +   0.05,0.305,*0.645 
     8  2:neutral  2:neutral       0.08,*0.77,0.15 
     9  2:neutral  2:neutral       0.123,*0.45,0.427 
    10  2:neutral 1:negative   +   *0.751,0.142,0.106 
    11  2:neutral  2:neutral       0.033,*0.629,0.338 
    12  2:neutral  2:neutral       0.071,*0.75,0.179 
    13  2:neutral  2:neutral       0.037,*0.749,0.214 
    14  2:neutral  2:neutral       0.028,*0.562,0.41 
    15  2:neutral  2:neutral       0.19,*0.548,0.262 
    16  2:neutral  2:neutral       0.066,*0.504,0.43 
    17  2:neutral 3:positive   +   0.275,0.327,*0.398 
    18  2:neutral  2:neutral       0.304,*0.401,0.294 
    19  2:neutral  2:neutral       0.078,*0.57,0.352 
    20  2:neutral  2:neutral       0.02,*0.901,0.079 
    21  2:neutral 3:positive   +   0.242,0.376,*0.382 
    22  2:neutral  2:neutral       0.091,*0.459,0.45 
    23  2:neutral  2:neutral       0.112,*0.56,0.328 
    24  2:neutral  2:neutral       0.09,*0.717,0.193 
    25  2:neutral  2:neutral       0.087,*0.615,0.298 
    26  2:neutral 3:positive   +   0.222,0.248,*0.531 
    27  2:neutral  2:neutral       0.059,*0.701,0.239 
    28  2:neutral  2:neutral       0.305,*0.478,0.216 
    29  2:neutral  2:neutral       0.076,*0.613,0.311 
    30  2:neutral 3:positive   +   0.042,0.371,*0.586 
    31  2:neutral  2:neutral       0.405,*0.434,0.161 
    32  2:neutral 1:negative   +   *0.929,0.054,0.017 
    33  2:neutral  2:neutral       0.022,*0.832,0.146 
    34  2:neutral  2:neutral       0.104,*0.644,0.252 
    35  2:neutral  2:neutral       0.084,*0.843,0.073 
    36  2:neutral  2:neutral       0.006,*0.858,0.136 
    37  2:neutral  2:neutral       0.199,*0.619,0.182 
    38  2:neutral  2:neutral       0.141,*0.578,0.281 
    39  2:neutral  2:neutral       0.035,*0.675,0.29 
    40  2:neutral 3:positive   +   0.13,0.334,*0.536 
    41  2:neutral  2:neutral       0.075,*0.691,0.235 
    42  2:neutral  2:neutral       0.028,*0.733,0.239 
    43  2:neutral 1:negative   +   *0.518,0.077,0.406 
    44  2:neutral  2:neutral       0.105,*0.457,0.438 
    45  2:neutral  2:neutral       0.095,*0.669,0.236 
    46  2:neutral  2:neutral       0.025,*0.519,0.456 
    47  2:neutral  2:neutral       0.069,*0.516,0.415 
    48  2:neutral  2:neutral       0.057,*0.629,0.315 
    49  2:neutral  2:neutral       0.046,*0.758,0.195 
    50  2:neutral  2:neutral       0.084,*0.709,0.207 
    51  2:neutral  2:neutral       0.203,*0.727,0.07 
    52  2:neutral  2:neutral       0.244,*0.439,0.316 
    53  2:neutral 3:positive   +   0.11,0.401,*0.489 
    54  2:neutral  2:neutral       0.1,*0.587,0.313 
    55  2:neutral  2:neutral       0.063,*0.727,0.21 
    56  2:neutral  2:neutral       0.06,*0.87,0.07 
    57  2:neutral  2:neutral       0.233,*0.446,0.321 
    58  2:neutral 3:positive   +   0.09,0.436,*0.473 
    59  2:neutral  2:neutral       0.064,*0.533,0.403 
    60  2:neutral  2:neutral       0.026,*0.589,0.384 
    61  2:neutral  2:neutral       0.237,*0.575,0.188 
    62  2:neutral  2:neutral       0.23,*0.46,0.31 
    63  2:neutral  2:neutral       0.074,*0.6,0.325 
    64  2:neutral  2:neutral       0.059,*0.551,0.39 
    65  2:neutral  2:neutral       0.188,*0.546,0.266 
    66  2:neutral 3:positive   +   0.271,0.163,*0.567 
    67  2:neutral 3:positive   +   0.166,0.367,*0.467 
    68  2:neutral  2:neutral       0.289,*0.406,0.305 
    69  2:neutral 3:positive   +   0.068,0.446,*0.486 
    70  2:neutral 3:positive   +   0.248,0.351,*0.401 
    71  2:neutral  2:neutral       0.203,*0.578,0.219 
    72  2:neutral 3:positive   +   0.031,0.165,*0.805 
    73  2:neutral 3:positive   +   0.137,0.402,*0.461 
    74  2:neutral 3:positive   +   0.093,0.432,*0.476 
    75  2:neutral  2:neutral       0.11,*0.718,0.171 
    76  2:neutral  2:neutral       0.195,*0.586,0.219 
    77  2:neutral  2:neutral       0.101,*0.691,0.208 
    78  2:neutral  2:neutral       0.058,*0.501,0.441 
    79  2:neutral 1:negative   +   *0.502,0.415,0.083 
    80  2:neutral  2:neutral       0.134,*0.753,0.113 
    81  2:neutral  2:neutral       0.335,*0.453,0.212 
    82  2:neutral  2:neutral       0.082,*0.863,0.055 
    83  2:neutral 3:positive   +   0.298,0.177,*0.525 
    84  2:neutral 3:positive   +   0.056,0.175,*0.768 
    85  2:neutral 1:negative   +   *0.499,0.388,0.113 
    86  2:neutral  2:neutral       0.124,*0.715,0.16 
    87  2:neutral  2:neutral       0.024,*0.61,0.366 
    88  2:neutral  2:neutral       0.02,*0.496,0.483 
    89  2:neutral 3:positive   +   0.431,0.116,*0.454 
    90  2:neutral  2:neutral       0.019,*0.768,0.213 
    91  2:neutral  2:neutral       0.133,*0.538,0.329 
    92  2:neutral  2:neutral       0.138,*0.73,0.132 
    93  2:neutral  2:neutral       0.103,*0.551,0.346 
    94  2:neutral  2:neutral       0.076,*0.468,0.457 
    95  2:neutral 3:positive   +   0.093,0.412,*0.495 
    96  2:neutral  2:neutral       0.169,*0.672,0.159 
    97  2:neutral  2:neutral       0.08,*0.538,0.382 
    98  2:neutral 3:positive   +   0.089,0.379,*0.532 
    99  2:neutral  2:neutral       0.08,*0.748,0.172 
   100  2:neutral  2:neutral       0.101,*0.736,0.163 
   101  2:neutral  2:neutral       0.205,*0.502,0.293 
   102  2:neutral 3:positive   +   0.129,0.37,*0.502 
   103  2:neutral  2:neutral       0.089,*0.664,0.247 
   104  2:neutral  2:neutral       0.162,*0.506,0.332 
   105  2:neutral  2:neutral       0.073,*0.615,0.312 
   106  2:neutral 3:positive   +   0.077,0.161,*0.763 
   107  2:neutral  2:neutral       0.117,*0.553,0.329 
   108  2:neutral  2:neutral       0.064,*0.69,0.246 
   109  2:neutral  2:neutral       0.027,*0.793,0.18 
   110  2:neutral  2:neutral       0.137,*0.577,0.286 
   111  2:neutral  2:neutral       0.06,*0.474,0.465 
   112  2:neutral  2:neutral       0.018,*0.824,0.158 
   113  2:neutral  2:neutral       0.037,*0.726,0.237 
   114  2:neutral 3:positive   +   0.127,0.315,*0.558 
   115  2:neutral  2:neutral       0.056,*0.494,0.45 
   116  2:neutral  2:neutral       0.073,*0.83,0.097 
   117  2:neutral  2:neutral       0.069,*0.781,0.15 
   118  2:neutral 3:positive   +   0.088,0.365,*0.547 
   119  2:neutral  2:neutral       0.051,*0.776,0.173 
   120  2:neutral 3:positive   +   0.078,0.154,*0.767 
   121  2:neutral  2:neutral       0.131,*0.561,0.309 
   122  2:neutral 3:positive   +   0.117,0.375,*0.508 
   123  2:neutral  2:neutral       0.139,*0.782,0.079 
   124  2:neutral  2:neutral       0.102,*0.84,0.058 
   125  2:neutral  2:neutral       0.313,*0.555,0.132 
   126  2:neutral  2:neutral       0.114,*0.542,0.344 
   127  2:neutral  2:neutral       0.063,*0.716,0.221 
   128  2:neutral 3:positive   +   0.016,0.249,*0.736 
   129  2:neutral  2:neutral       0.221,*0.434,0.345 
   130  2:neutral  2:neutral       0.05,*0.77,0.18 
   131  2:neutral  2:neutral       0.331,*0.448,0.222 
   132  2:neutral  2:neutral       0.096,*0.56,0.344 
   133  2:neutral  2:neutral       0.106,*0.626,0.268 
   134  2:neutral 3:positive   +   0.079,0.426,*0.495 
   135  2:neutral  2:neutral       0.036,*0.771,0.193 
   136  2:neutral  2:neutral       0.009,*0.821,0.17 
   137  2:neutral  2:neutral       0.12,*0.545,0.335 
   138  2:neutral  2:neutral       0.027,*0.531,0.442 
   139  2:neutral  2:neutral       0.282,*0.561,0.157 
   140  2:neutral  2:neutral       0.233,*0.431,0.336 
   141  2:neutral  2:neutral       0.067,*0.518,0.415 
   142  2:neutral  2:neutral       0.229,*0.552,0.219 
   143  2:neutral  2:neutral       0.27,*0.503,0.227 
   144  2:neutral  2:neutral       0.113,*0.507,0.379 
   145  2:neutral  2:neutral       0.308,*0.368,0.324 
   146  2:neutral 1:negative   +   *0.535,0.373,0.092 
   147  2:neutral  2:neutral       0.04,*0.644,0.315 
   148  2:neutral  2:neutral       0.227,*0.554,0.219 
   149  2:neutral 3:positive   +   0.075,0.31,*0.615 
   150  2:neutral  2:neutral       0.092,*0.742,0.165 
   151  2:neutral  2:neutral       0.161,*0.632,0.207 
   152  2:neutral  2:neutral       0.044,*0.875,0.081 
   153  2:neutral  2:neutral       0.041,*0.776,0.183 
   154  2:neutral  2:neutral       0.074,*0.689,0.237 
   155  2:neutral 3:positive   +   0.049,0.408,*0.543 
   156  2:neutral 3:positive   +   0.085,0.358,*0.558 
   157  2:neutral  2:neutral       0.046,*0.65,0.304 
   158  2:neutral  2:neutral       0.036,*0.817,0.148 
   159  2:neutral  2:neutral       0.086,*0.862,0.052 
   160  2:neutral  2:neutral       0.01,*0.534,0.455 
   161  2:neutral  2:neutral       0.248,*0.468,0.283 
   162  2:neutral  2:neutral       0.041,*0.72,0.24 
   163  2:neutral  2:neutral       0.016,*0.746,0.238 
   164  2:neutral 3:positive   +   0.126,0.36,*0.514 
   165  2:neutral  2:neutral       0.061,*0.844,0.095 
   166  2:neutral  2:neutral       0.071,*0.6,0.328 
   167  2:neutral  2:neutral       0.079,*0.588,0.333 
   168  2:neutral  2:neutral       0.054,*0.6,0.345 
   169  2:neutral  2:neutral       0.234,*0.384,0.382 
   170  2:neutral  2:neutral       0.041,*0.829,0.13 
   171  2:neutral 3:positive   +   0.1,0.444,*0.456 
   172  2:neutral  2:neutral       0.103,*0.478,0.419 
   173  2:neutral 1:negative   +   *0.597,0.335,0.068 
   174  2:neutral  2:neutral       0.108,*0.65,0.242 
   175  2:neutral  2:neutral       0.064,*0.834,0.101 
   176  2:neutral  2:neutral       0.244,*0.527,0.228 
   177  2:neutral  2:neutral       0.009,*0.785,0.205 
   178  2:neutral  2:neutral       0.142,*0.721,0.138 
   179  2:neutral  2:neutral       0.161,*0.662,0.177 
   180  2:neutral  2:neutral       0.06,*0.73,0.211 
   181  2:neutral  2:neutral       0.099,*0.705,0.196 
   182  2:neutral 1:negative   +   *0.537,0.326,0.137 
   183  2:neutral  2:neutral       0.068,*0.668,0.264 
   184  2:neutral 3:positive   +   0.08,0.406,*0.514 
   185  2:neutral  2:neutral       0.054,*0.681,0.265 
   186  2:neutral  2:neutral       0.03,*0.663,0.307 
   187  2:neutral 3:positive   +   0.077,0.446,*0.476 
   188  2:neutral  2:neutral       0.076,*0.471,0.453 
   189  2:neutral 1:negative   +   *0.719,0.223,0.058 
   190  2:neutral  2:neutral       0.242,*0.622,0.136 
   191  2:neutral  2:neutral       0.2,*0.629,0.171 
   192  2:neutral  2:neutral       0.04,*0.772,0.188 
   193  2:neutral  2:neutral       0.013,*0.5,0.487 
   194  2:neutral  2:neutral       0.14,*0.76,0.1 
   195  2:neutral 3:positive   +   0.111,0.152,*0.737 
   196  2:neutral  2:neutral       0.105,*0.683,0.212 
   197  2:neutral  2:neutral       0.085,*0.742,0.173 
   198  2:neutral  2:neutral       0.336,*0.45,0.215 
   199  2:neutral 3:positive   +   0.11,0.217,*0.673 
   200  2:neutral  2:neutral       0.094,*0.573,0.332 
   201  2:neutral  2:neutral       0.019,*0.848,0.133 
   202  2:neutral  2:neutral       0.092,*0.613,0.294 
   203  2:neutral  2:neutral       0.081,*0.499,0.42 
   204  2:neutral  2:neutral       0.016,*0.949,0.035 
   205  2:neutral  2:neutral       0.03,*0.491,0.479 
   206  2:neutral 1:negative   +   *0.52,0.306,0.175 
   207  2:neutral 3:positive   +   0.032,0.439,*0.529 
   208  2:neutral  2:neutral       0.035,*0.894,0.072 
   209  2:neutral  2:neutral       0.045,*0.782,0.173 
   210  2:neutral 3:positive   +   0.318,0.296,*0.386 
   211  2:neutral  2:neutral       0.033,*0.771,0.196 
   212  2:neutral  2:neutral       0.049,*0.807,0.145 
   213  2:neutral  2:neutral       0.117,*0.592,0.291 
   214  2:neutral  2:neutral       0.138,*0.64,0.222 
   215  2:neutral  2:neutral       0.108,*0.658,0.234 
   216  2:neutral  2:neutral       0.116,*0.484,0.4 
   217  2:neutral  2:neutral       0.03,*0.793,0.177 
   218  2:neutral 3:positive   +   0.127,0.422,*0.451 
   219  2:neutral  2:neutral       0.096,*0.781,0.123 
   220  2:neutral  2:neutral       0.075,*0.49,0.435 
   221  2:neutral 1:negative   +   *0.433,0.317,0.249 
   222  2:neutral 3:positive   +   0.182,0.342,*0.476 
   223  2:neutral 3:positive   +   0.052,0.45,*0.498 
   224  2:neutral  2:neutral       0.133,*0.508,0.359 
   225  2:neutral  2:neutral       0.052,*0.867,0.08 
   226  2:neutral  2:neutral       0.097,*0.749,0.154 
   227  2:neutral  2:neutral       0.063,*0.694,0.243 
   228  2:neutral  2:neutral       0.056,*0.478,0.467 
   229  2:neutral 3:positive   +   0.045,0.276,*0.678 
   230  2:neutral 1:negative   +   *0.39,0.275,0.335 
   231  2:neutral  2:neutral       0.079,*0.762,0.159 
   232  2:neutral 1:negative   +   *0.446,0.395,0.159 
   233  2:neutral 3:positive   +   0.224,0.35,*0.426 
   234  2:neutral  2:neutral       0.137,*0.528,0.334 
   235  2:neutral  2:neutral       0.209,*0.624,0.167 
   236  2:neutral  2:neutral       0.106,*0.69,0.203 
   237  2:neutral 3:positive   +   0.048,0.34,*0.612 
   238  2:neutral  2:neutral       0.175,*0.54,0.285 
   239  2:neutral  2:neutral       0.267,*0.494,0.239 
   240  2:neutral  2:neutral       0.089,*0.552,0.359 
   241  2:neutral 3:positive   +   0.257,0.362,*0.381 
   242  2:neutral  2:neutral       0.081,*0.731,0.188 
   243  2:neutral 3:positive   +   0.032,0.323,*0.644 
   244  2:neutral  2:neutral       0.055,*0.618,0.327 
   245  2:neutral  2:neutral       0.221,*0.571,0.208 
   246  2:neutral 3:positive   +   0.024,0.325,*0.652 
   247  2:neutral  2:neutral       0.013,*0.95,0.037 
   248  2:neutral 3:positive   +   0.056,0.407,*0.537 
   249  2:neutral 3:positive   +   0.285,0.223,*0.491 
   250  2:neutral  2:neutral       0.048,*0.698,0.254 
   251  2:neutral  2:neutral       0.076,*0.515,0.409 
   252  2:neutral 3:positive   +   0.062,0.359,*0.58 
   253  2:neutral  2:neutral       0.157,*0.677,0.166 
   254  2:neutral  2:neutral       0.125,*0.745,0.13 
   255  2:neutral  2:neutral       0.107,*0.714,0.179 
   256  2:neutral  2:neutral       0.089,*0.529,0.382 
   257  2:neutral  2:neutral       0.117,*0.553,0.329 
   258  2:neutral  2:neutral       0.082,*0.801,0.117 
   259  2:neutral  2:neutral       0.073,*0.577,0.35 
   260  2:neutral  2:neutral       0.127,*0.754,0.119 
   261  2:neutral 3:positive   +   0.045,0.26,*0.696 
   262  2:neutral  2:neutral       0.043,*0.602,0.355 
   263  2:neutral 3:positive   +   0.09,0.437,*0.473 
   264  2:neutral  2:neutral       0.048,*0.852,0.1 
   265  2:neutral  2:neutral       0.111,*0.566,0.323 
   266  2:neutral  2:neutral       0.029,*0.834,0.137 
   267  2:neutral 3:positive   +   0.2,0.329,*0.471 
   268  2:neutral  2:neutral       0.158,*0.663,0.179 
   269  2:neutral  2:neutral       0.174,*0.511,0.315 
   270  2:neutral 3:positive   +   0.1,0.282,*0.618 
   271  2:neutral 1:negative   +   *0.402,0.305,0.293 
   272  2:neutral  2:neutral       0.059,*0.71,0.231 
   273  2:neutral  2:neutral       0.233,*0.483,0.284 
   274  2:neutral  2:neutral       0.076,*0.486,0.438 
   275  2:neutral 3:positive   +   0.339,0.175,*0.486 
   276  2:neutral  2:neutral       0.033,*0.802,0.165 
   277  2:neutral  2:neutral       0.009,*0.51,0.48 
   278  2:neutral  2:neutral       0.045,*0.801,0.155 
   279  2:neutral 1:negative   +   *0.492,0.239,0.27 
   280  2:neutral 3:positive   +   0.045,0.256,*0.699 
   281  2:neutral  2:neutral       0.118,*0.543,0.339 
   282  2:neutral  2:neutral       0.069,*0.794,0.136 
   283  2:neutral  2:neutral       0.288,*0.4,0.312 
   284  2:neutral 3:positive   +   0.043,0.421,*0.536 
   285  2:neutral  2:neutral       0.012,*0.857,0.13 
   286  2:neutral 3:positive   +   0.07,0.412,*0.519 
   287  2:neutral  2:neutral       0.061,*0.832,0.106 
   288  2:neutral  2:neutral       0.113,*0.732,0.155 
   289  2:neutral 3:positive   +   0.117,0.261,*0.621 
   290  2:neutral  2:neutral       0.012,*0.59,0.398 
   291  2:neutral  2:neutral       0.171,*0.646,0.183 
   292  2:neutral 1:negative   +   *0.512,0.316,0.171 
   293  2:neutral  2:neutral       0.065,*0.72,0.215 
   294  2:neutral 3:positive   +   0.138,0.285,*0.577 
   295  2:neutral  2:neutral       0.139,*0.833,0.028 
   296  2:neutral  2:neutral       0.096,*0.56,0.344 
   297  2:neutral 3:positive   +   0.136,0.28,*0.584 
   298  2:neutral  2:neutral       0.066,*0.68,0.254 
   299  2:neutral  2:neutral       0.304,*0.515,0.181 
   300  2:neutral  2:neutral       0.023,*0.918,0.059 
   301  2:neutral  2:neutral       0.018,*0.735,0.247 
   302  2:neutral  2:neutral       0.088,*0.695,0.216 
   303  2:neutral 3:positive   +   0.07,0.207,*0.722 
   304  2:neutral  2:neutral       0.077,*0.545,0.377 
   305  2:neutral  2:neutral       0.023,*0.772,0.205 
   306  2:neutral  2:neutral       0.079,*0.558,0.362 
   307  2:neutral  2:neutral       0.13,*0.62,0.25 
   308  2:neutral  2:neutral       0.234,*0.742,0.023 
   309  2:neutral 3:positive   +   0.024,0.157,*0.819 
   310  2:neutral  2:neutral       0.043,*0.936,0.021 
   311  2:neutral  2:neutral       0.229,*0.402,0.369 
   312  2:neutral  2:neutral       0.084,*0.514,0.402 
   313  2:neutral  2:neutral       0.126,*0.733,0.141 
   314  2:neutral  2:neutral       0.053,*0.802,0.144 
   315  2:neutral 3:positive   +   0.054,0.437,*0.509 
   316  2:neutral 3:positive   +   0.023,0.276,*0.701 
   317  2:neutral  2:neutral       0.087,*0.587,0.327 
   318  2:neutral  2:neutral       0.123,*0.571,0.306 
   319  2:neutral 3:positive   +   0.131,0.406,*0.463 
   320  2:neutral  2:neutral       0.212,*0.545,0.243 
   321  2:neutral  2:neutral       0.138,*0.703,0.159 
   322  2:neutral  2:neutral       0.064,*0.816,0.12 
   323  2:neutral  2:neutral       0.076,*0.563,0.361 
   324  2:neutral  2:neutral       0.092,*0.742,0.166 
   325  2:neutral 3:positive   +   0.093,0.37,*0.537 
   326  2:neutral  2:neutral       0.112,*0.595,0.293 
   327  2:neutral 1:negative   +   *0.43,0.255,0.315 
   328  2:neutral 1:negative   +   *0.63,0.203,0.167 
   329  2:neutral  2:neutral       0.18,*0.685,0.135 
   330  2:neutral  2:neutral       0.039,*0.878,0.084 
   331  2:neutral  2:neutral       0.163,*0.588,0.249 
   332  2:neutral  2:neutral       0.144,*0.645,0.211 
   333  2:neutral  2:neutral       0.031,*0.815,0.154 
   334  2:neutral  2:neutral       0.364,*0.387,0.249 
   335  2:neutral 3:positive   +   0.029,0.37,*0.601 
   336  2:neutral  2:neutral       0.131,*0.478,0.392 
   337  2:neutral  2:neutral       0.088,*0.817,0.095 
   338  2:neutral  2:neutral       0.127,*0.499,0.374 
   339  2:neutral  2:neutral       0.024,*0.877,0.099 
   340  2:neutral  2:neutral       0.323,*0.436,0.241 
   341  2:neutral  2:neutral       0.098,*0.621,0.281 
   342  2:neutral 3:positive   +   0.062,0.151,*0.787 
   343  2:neutral  2:neutral       0.073,*0.742,0.185 
   344  2:neutral  2:neutral       0.044,*0.499,0.457 
   345  2:neutral  2:neutral       0.043,*0.637,0.321 
   346  2:neutral  2:neutral       0.093,*0.567,0.34 
   347  2:neutral  2:neutral       0.117,*0.553,0.329 
   348  2:neutral 3:positive   +   0.26,0.288,*0.452 
   349  2:neutral  2:neutral       0.168,*0.623,0.209 
   350  2:neutral  2:neutral       0.099,*0.693,0.208 
   351  2:neutral  2:neutral       0.025,*0.582,0.394 
   352  2:neutral  2:neutral       0.047,*0.811,0.142 
   353  2:neutral  2:neutral       0.315,*0.486,0.199 
   354  2:neutral 1:negative   +   *0.801,0.067,0.132 
   355  2:neutral  2:neutral       0.095,*0.573,0.332 
   356  2:neutral 3:positive   +   0.073,0.321,*0.606 
   357  2:neutral 3:positive   +   0.051,0.369,*0.58 
   358  2:neutral  2:neutral       0.195,*0.511,0.294 
