Zero Weights processed. Default weights will be used
.
Warning: using -h 0 may be faster
*
optimization finished, #iter = 1265
C = 47.38945661807776
obj = 13141.452068435518, rho = 1.209296820972914
nSV = 2823, nBSV = 2595
Total nSV = 2823
.
Warning: using -h 0 may be faster
*
optimization finished, #iter = 1306
C = 50.8764093922692
obj = 14574.612133911683, rho = 1.2986627628492606
nSV = 2834, nBSV = 2595
Total nSV = 2834
.
Warning: using -h 0 may be faster
*
optimization finished, #iter = 1315
C = 48.75319619657818
obj = 13782.125545617931, rho = 1.1271969922390206
nSV = 2828, nBSV = 2591
Total nSV = 2828
.
Warning: using -h 0 may be faster
*
optimization finished, #iter = 1388
C = 61.5776064683915
obj = 19020.28189796781, rho = 1.2062100254153698
nSV = 2849, nBSV = 2567
Total nSV = 2849
.
Warning: using -h 0 may be faster
*
optimization finished, #iter = 1387
C = 63.13668929762031
obj = 20171.503957550176, rho = 1.0620617277475313
nSV = 2867, nBSV = 2555
Total nSV = 2867
.
Warning: using -h 0 may be faster
*
optimization finished, #iter = 1688
C = 45.17651238077064
obj = 15520.956761165475, rho = 0.9587699072899625
nSV = 3524, nBSV = 3259
.
Warning: using -h 0 may be faster
...
Warning: using -h 0 may be faster
*
optimization finished, #iter = 4146
C = 497.65521672604706
obj = 420706.31142509327, rho = 14.933731569304715
nSV = 5152, nBSV = 3440
Total nSV = 5152
.
Warning: using -h 0 may be faster
...
Warning: using -h 0 may be faster
*
optimization finished, #iter = 4018
C = 506.15773937366373
obj = 432344.4118503819, rho = 28.184644494660215
nSV = 5125, nBSV = 3478
Total nSV = 5125
.
Warning: using -h 0 may be faster
...
Warning: using -h 0 may be faster
*
optimization finished, #iter = 4061
C = 466.20076464638873
obj = 384463.36909462244, rho = 15.49457874822295
nSV = 5105, nBSV = 3458
Total nSV = 5105
.
Warning: using -h 0 may be faster
...
Warning: using -h 0 may be faster
*
optimization finished, #iter = 4189
C = 446.56778222454807
obj = 360679.7923401962, rho = 14.458806689221507
nSV = 5119, nBSV = 3472
Total nSV = 5119
.
Warning: using -h 0 may be faster
...
Warning: using -h 0 may be faster
*
optimization finished, #iter = 4148
C = 513.8261618911289
obj = 440525.98536477966, rho = 23.779667589235697
nSV = 5152, nBSV = 3415
Total nSV = 5152
..
Warning: using -h 0 may be faster
...
Warning: using -h 0 may be faster
*
optimization finished, #iter = 5329
C = 461.51298909586654
obj = 445103.65525577666, rho = 20.38341258842007
nSV = 6290, nBSV = 4392
.
Warning: using -h 0 may be faster
*
optimization finished, #iter = 1113
C = 0.0
obj = 0.0, rho = NaN
nSV = 0, nBSV = 0
Total nSV = 0
.
Warning: using -h 0 may be faster
*
optimization finished, #iter = 1147
C = 6.0631071183270695
obj = 848.5941270903465, rho = 0.7604533130304978
nSV = 3202, nBSV = 3069
Total nSV = 3202
.
Warning: using -h 0 may be faster
*
optimization finished, #iter = 1196
C = 8.476815994089753
obj = 1360.4959807872783, rho = 0.7400876024598596
nSV = 3209, nBSV = 3068
Total nSV = 3209
.
Warning: using -h 0 may be faster
*
optimization finished, #iter = 1159
C = 6.9600567692084
obj = 960.7693909291056, rho = 0.9833413927091367
nSV = 3212, nBSV = 3069
Total nSV = 3212
.
Warning: using -h 0 may be faster
*
optimization finished, #iter = 1180
C = 0.0
obj = 0.0, rho = NaN
nSV = 0, nBSV = 0
Total nSV = 0
Line search fails in two-class probability estimates
.
Warning: using -h 0 may be faster
*.*
optimization finished, #iter = 1431
C = 4.41702262992303
obj = 717.8405341221338, rho = 0.7019586728065668
nSV = 4004, nBSV = 3842
Total nSV = 9243
.
Warning: using -h 0 may be faster
*
optimization finished, #iter = 1096
C = 65.71713755182066
obj = 16973.928292948272, rho = 2.317280413542064
nSV = 2305, nBSV = 2036
Total nSV = 2305
.
Warning: using -h 0 may be faster
*
optimization finished, #iter = 1069
C = 68.32320138885252
obj = 18121.279884853568, rho = -2.914276103682693
nSV = 2284, nBSV = 2041
Total nSV = 2284
.
Warning: using -h 0 may be faster
*
optimization finished, #iter = 1118
C = 71.23360921189767
obj = 19391.157944661863, rho = -2.8353854539900687
nSV = 2300, nBSV = 2013
Total nSV = 2300
.
Warning: using -h 0 may be faster
*
optimization finished, #iter = 1147
C = 89.46330634185776
obj = 26906.968598102743, rho = -3.9235583553523323
nSV = 2325, nBSV = 2002
Total nSV = 2325
.*
optimization finished, #iter = 1018
C = 59.836955752806
obj = 15113.481667553118, rho = -2.0242952788862856
nSV = 2282, nBSV = 2053
Total nSV = 2282
.
Warning: using -h 0 may be faster
*
optimization finished, #iter = 1341
C = 60.5685243796654
obj = 19265.87998553795, rho = 2.6491657393899453
nSV = 2841, nBSV = 2575
.
Warning: using -h 0 may be faster
..
Warning: using -h 0 may be faster
*
optimization finished, #iter = 3267
C = 446.03516550797485
obj = 305167.5409163583, rho = 22.996924173949154
nSV = 4139, nBSV = 2742
Total nSV = 4139
.
Warning: using -h 0 may be faster
..
Warning: using -h 0 may be faster
*.
Warning: using -h 0 may be faster
*
optimization finished, #iter = 3238
C = 517.8845064544156
obj = 386246.5625479085, rho = -40.34558458755546
nSV = 4203, nBSV = 2705
Total nSV = 4203
.
Warning: using -h 0 may be faster
..
Warning: using -h 0 may be faster
*
optimization finished, #iter = 3384
C = 502.118885710088
obj = 369245.9613849891, rho = -42.868074975424406
nSV = 4190, nBSV = 2680
Total nSV = 4190
.
Warning: using -h 0 may be faster
..
Warning: using -h 0 may be faster
*
optimization finished, #iter = 3320
C = 512.8793103001392
obj = 371813.8574318682, rho = -39.71862737933572
nSV = 4168, nBSV = 2698
Total nSV = 4168
.
Warning: using -h 0 may be faster
..
Warning: using -h 0 may be faster
*
optimization finished, #iter = 3440
C = 520.0691850569402
obj = 384132.7681125536, rho = -43.45798228598677
nSV = 4168, nBSV = 2672
Total nSV = 4168
.
Warning: using -h 0 may be faster
...
Warning: using -h 0 may be faster
*
optimization finished, #iter = 4004
C = 467.4362801527075
obj = 388959.8905345614, rho = 28.71550172520726
nSV = 5143, nBSV = 3450
*
optimization finished, #iter = 964
C = 9.499263608689958
obj = 1127.2663429643928, rho = 0.859003283503088
nSV = 2583, nBSV = 2447
Total nSV = 2583
*
optimization finished, #iter = 947
C = 0.0
obj = 0.0, rho = NaN
nSV = 0, nBSV = 0
Total nSV = 0
*
optimization finished, #iter = 928
C = 0.0
obj = 0.0, rho = NaN
nSV = 0, nBSV = 0
Total nSV = 0
*
optimization finished, #iter = 962
C = 10.031572354747473
obj = 1314.6117741295684, rho = 1.3879938581926297
nSV = 2573, nBSV = 2445
Total nSV = 2573
*
optimization finished, #iter = 962
C = 10.155237850430948
obj = 1204.5618150129367, rho = 0.4907274934044155
nSV = 2575, nBSV = 2455
Total nSV = 2575
Line search fails in two-class probability estimates
.
Warning: using -h 0 may be faster
*
optimization finished, #iter = 1177
C = 5.920936238410598
obj = 784.51916569591, rho = 0.8123961085923379
nSV = 3197, nBSV = 3067
Total nSV = 7469
.
Warning: using -h 0 may be faster
*
optimization finished, #iter = 1105
C = 61.55263238419259
obj = 15237.51884673666, rho = 2.035812653440991
nSV = 2283, nBSV = 2048
Total nSV = 2283
.*
optimization finished, #iter = 1064
C = 54.53655743778035
obj = 12714.461500831514, rho = 1.1329385674646206
nSV = 2288, nBSV = 2047
Total nSV = 2288
.
Warning: using -h 0 may be faster
*
optimization finished, #iter = 1104
C = 68.9777060409155
obj = 17962.968208275186, rho = 2.0737389301578415
nSV = 2299, nBSV = 2041
Total nSV = 2299
.
Warning: using -h 0 may be faster
*
optimization finished, #iter = 1068
C = 69.49682069852325
obj = 18480.328207184397, rho = -0.16134389607449104
nSV = 2296, nBSV = 2036
Total nSV = 2296
*
optimization finished, #iter = 997
C = 50.49356885860248
obj = 11411.231198710988, rho = 1.063519240077831
nSV = 2275, nBSV = 2047
Total nSV = 2275
.
Warning: using -h 0 may be faster
*
optimization finished, #iter = 1303
C = 50.9150587614319
obj = 14576.734981179292, rho = 1.4263377051314257
nSV = 2839, nBSV = 2579
.
Warning: using -h 0 may be faster
..
Warning: using -h 0 may be faster
*
optimization finished, #iter = 3158
C = 476.8383714878169
obj = 349040.64842979633, rho = -29.306191993223592
nSV = 4134, nBSV = 2751
Total nSV = 4134
.
Warning: using -h 0 may be faster
..
Warning: using -h 0 may be faster
*
optimization finished, #iter = 3414
C = 500.6298476408038
obj = 370796.5832975613, rho = -30.23737710397807
nSV = 4189, nBSV = 2701
Total nSV = 4189
.
Warning: using -h 0 may be faster
..
Warning: using -h 0 may be faster
*
optimization finished, #iter = 3428
C = 522.6302650676746
obj = 386561.49468603113, rho = -40.92083078213895
nSV = 4190, nBSV = 2684
Total nSV = 4190
...
Warning: using -h 0 may be faster
*
optimization finished, #iter = 3390
C = 518.2901452542345
obj = 381266.92788677115, rho = -36.298691470764886
nSV = 4181, nBSV = 2697
Total nSV = 4181
.
Warning: using -h 0 may be faster
..
Warning: using -h 0 may be faster
*
optimization finished, #iter = 3348
C = 502.64435390286275
obj = 369067.50328558864, rho = -38.89536906500101
nSV = 4200, nBSV = 2694
Total nSV = 4200
.
Warning: using -h 0 may be faster
...
Warning: using -h 0 may be faster
*
optimization finished, #iter = 4306
C = 475.9817171645037
obj = 400459.7293786267, rho = 16.423955992194898
nSV = 5157, nBSV = 3434
*
optimization finished, #iter = 940
C = 0.0
obj = 0.0, rho = NaN
nSV = 0, nBSV = 0
Total nSV = 0
*
optimization finished, #iter = 973
C = 7.163775392560732
obj = 934.5316467497648, rho = 0.7543638306833277
nSV = 2587, nBSV = 2428
Total nSV = 2587
*
optimization finished, #iter = 919
C = 0.0
obj = 0.0, rho = NaN
nSV = 0, nBSV = 0
Total nSV = 0
*
optimization finished, #iter = 949
C = 7.321195491896586
obj = 826.5342445426821, rho = 1.0657078847588062
nSV = 2584, nBSV = 2439
Total nSV = 2584
*
optimization finished, #iter = 956
C = 7.2883977557245485
obj = 924.3107373589406, rho = 0.5826238482641266
nSV = 2578, nBSV = 2449
Total nSV = 2578
Line search fails in two-class probability estimates
.
Warning: using -h 0 may be faster
*
optimization finished, #iter = 1214
C = 4.885997740856426
obj = 668.0986249603714, rho = 0.7806701231646695
nSV = 3228, nBSV = 3047
Total nSV = 7470
.
Warning: using -h 0 may be faster
..
Warning: using -h 0 may be faster
*
optimization finished, #iter = 3580
C = 524.3468156902187
obj = 387982.246773388, rho = 20.25048211857938
nSV = 4191, nBSV = 2683
Total nSV = 4191
.
Warning: using -h 0 may be faster
..
Warning: using -h 0 may be faster
*
optimization finished, #iter = 3735
C = 552.0426015823522
obj = 414125.0363854324, rho = -48.58300948413491
nSV = 4214, nBSV = 2637
Total nSV = 4214
.
Warning: using -h 0 may be faster
..
Warning: using -h 0 may be faster
*
optimization finished, #iter = 3424
C = 563.6465882166688
obj = 429723.9449763115, rho = -36.002276987732756
nSV = 4230, nBSV = 2651
Total nSV = 4230
.
Warning: using -h 0 may be faster
..
Warning: using -h 0 may be faster
*
optimization finished, #iter = 3447
C = 545.9238593652756
obj = 399640.1874099296, rho = -41.43941254963327
nSV = 4199, nBSV = 2667
Total nSV = 4199
.
Warning: using -h 0 may be faster
..
Warning: using -h 0 may be faster
*
optimization finished, #iter = 3399
C = 544.0822391798722
obj = 407874.26784922444, rho = -45.09339469038246
nSV = 4237, nBSV = 2645
Total nSV = 4237
.
Warning: using -h 0 may be faster
...
Warning: using -h 0 may be faster
*
optimization finished, #iter = 4287
C = 513.7532338465498
obj = 435326.3327727903, rho = -42.94349157260998
nSV = 5182, nBSV = 3413
*
optimization finished, #iter = 941
C = 6.48619267603273
obj = 597.713042378409, rho = -0.9095347540762031
nSV = 2584, nBSV = 2443
Total nSV = 2584
*
optimization finished, #iter = 877
C = 0.0
obj = 0.0, rho = NaN
nSV = 0, nBSV = 0
Total nSV = 0
.*
optimization finished, #iter = 1007
C = 15.809208531753573
obj = 2260.7203582673683, rho = -1.3913883177493118
nSV = 2594, nBSV = 2431
Total nSV = 2594
*
optimization finished, #iter = 925
C = 8.067626899254554
obj = 795.8534248252168, rho = -0.7713598800563785
nSV = 2577, nBSV = 2448
Total nSV = 2577
*
optimization finished, #iter = 978
C = 8.002933264575523
obj = 861.8403934164324, rho = -1.1292433485182858
nSV = 2592, nBSV = 2435
Total nSV = 2592
Line search fails in two-class probability estimates
.
Warning: using -h 0 may be faster
*
optimization finished, #iter = 1184
C = 6.4898079772282005
obj = 811.32731356573, rho = -0.9626857249533837
nSV = 3222, nBSV = 3060
.
Warning: using -h 0 may be faster
*
optimization finished, #iter = 1060
C = 62.64638188114377
obj = 16069.635872062705, rho = -1.3980395817855722
nSV = 2289, nBSV = 2049
Total nSV = 2289
.
Warning: using -h 0 may be faster
*
optimization finished, #iter = 1117
C = 70.21443692771804
obj = 18509.38862575422, rho = 2.061879091763065
nSV = 2301, nBSV = 2044
Total nSV = 2301
.
Warning: using -h 0 may be faster
*
optimization finished, #iter = 1066
C = 59.552707888358434
obj = 14892.14521538775, rho = 0.7680764042075718
nSV = 2288, nBSV = 2047
Total nSV = 2288
.
Warning: using -h 0 may be faster
*
optimization finished, #iter = 1126
C = 73.205917029026
obj = 20361.70633810594, rho = 1.3140287240517212
nSV = 2307, nBSV = 2026
Total nSV = 2307
.
Warning: using -h 0 may be faster
*
optimization finished, #iter = 1034
C = 56.4612176551072
obj = 13516.109155444401, rho = -0.7203104958611917
nSV = 2270, nBSV = 2073
Total nSV = 2270
.
Warning: using -h 0 may be faster
*
optimization finished, #iter = 1317
C = 53.88580021387519
obj = 16084.4508151057, rho = 0.707161688982239
nSV = 2836, nBSV = 2577
Total nSV = 7505
.*
optimization finished, #iter = 1055
C = 60.58851852636895
obj = 14894.512364890925, rho = -3.6449608607380983
nSV = 2286, nBSV = 2048
Total nSV = 2286
.
Warning: using -h 0 may be faster
*
optimization finished, #iter = 1129
C = 70.12104077459772
obj = 17797.19667119462, rho = -1.3668583049808007
nSV = 2304, nBSV = 2042
Total nSV = 2304
.
Warning: using -h 0 may be faster
*
optimization finished, #iter = 1125
C = 71.25289726018043
obj = 18504.05784871888, rho = -3.2426479640415797
nSV = 2302, nBSV = 2027
Total nSV = 2302
.
Warning: using -h 0 may be faster
*
optimization finished, #iter = 1086
C = 63.19431191869671
obj = 15370.945039286342, rho = -1.058624970852116
nSV = 2301, nBSV = 2035
Total nSV = 2301
.
Warning: using -h 0 may be faster
*
optimization finished, #iter = 1062
C = 62.10243761467553
obj = 15430.750907111613, rho = -0.13334463873437336
nSV = 2277, nBSV = 2050
Total nSV = 2277
.
Warning: using -h 0 may be faster
*
optimization finished, #iter = 1348
C = 55.43504317917415
obj = 16125.871834993986, rho = -1.5595391633668
nSV = 2826, nBSV = 2585
*
optimization finished, #iter = 922
C = 0.0
obj = 0.0, rho = NaN
nSV = 0, nBSV = 0
Total nSV = 0
*
optimization finished, #iter = 974
C = 6.473693301935982
obj = 727.971194306334, rho = 0.8122970456712114
nSV = 2602, nBSV = 2423
Total nSV = 2602
*
optimization finished, #iter = 947
C = 0.0
obj = 0.0, rho = NaN
nSV = 0, nBSV = 0
Total nSV = 0
*
optimization finished, #iter = 930
C = 0.0
obj = 0.0, rho = NaN
nSV = 0, nBSV = 0
Total nSV = 0
.*
optimization finished, #iter = 1010
C = 12.202792872537566
obj = 1677.0472123787736, rho = 1.0264374340296876
nSV = 2592, nBSV = 2428
Total nSV = 2592
Line search fails in two-class probability estimates
.
Warning: using -h 0 may be faster
*
optimization finished, #iter = 1187
C = 5.265647488653756
obj = 728.7179500177293, rho = 0.646651725837199
nSV = 3224, nBSV = 3049
.
Warning: using -h 0 may be faster
..
Warning: using -h 0 may be faster
*
optimization finished, #iter = 3237
C = 501.2974750881679
obj = 364352.31466907135, rho = 16.82258696133543
nSV = 4144, nBSV = 2709
Total nSV = 4144
.
Warning: using -h 0 may be faster
..
Warning: using -h 0 may be faster
*
optimization finished, #iter = 3189
C = 482.69533666226675
obj = 347195.96648759977, rho = 13.393490655433924
nSV = 4130, nBSV = 2734
Total nSV = 4130
...
Warning: using -h 0 may be faster
*
optimization finished, #iter = 3226
C = 526.7123609607663
obj = 394352.32227738417, rho = 22.50289987058895
nSV = 4156, nBSV = 2694
Total nSV = 4156
.
Warning: using -h 0 may be faster
..
Warning: using -h 0 may be faster
*
optimization finished, #iter = 3196
C = 492.583525743472
obj = 358630.07200325135, rho = 7.604193030498409
nSV = 4192, nBSV = 2718
Total nSV = 4192
...
Warning: using -h 0 may be faster
*
optimization finished, #iter = 3417
C = 522.1562551027334
obj = 386088.68046140345, rho = 20.278829294779428
nSV = 4186, nBSV = 2654
Total nSV = 4186
.
Warning: using -h 0 may be faster
...
Warning: using -h 0 may be faster
*
optimization finished, #iter = 4059
C = 474.18964163055796
obj = 398909.407528602, rho = 20.626114636696286
nSV = 5116, nBSV = 3480
Total nSV = 7453
*
optimization finished, #iter = 948
C = 8.292950556053235
obj = 927.486615436859, rho = 0.47548049647590573
nSV = 2581, nBSV = 2443
Total nSV = 2581
*
optimization finished, #iter = 983
C = 6.22443383391164
obj = 754.768721248097, rho = -0.24853724460087998
nSV = 2576, nBSV = 2439
Total nSV = 2576
.*
optimization finished, #iter = 1009
C = 5.548257874112752
obj = 602.270345625137, rho = -0.5751931425911713
nSV = 2590, nBSV = 2438
Total nSV = 2590
*
optimization finished, #iter = 972
C = 8.402306262069164
obj = 1079.1053104257815, rho = -0.35122724656539744
nSV = 2558, nBSV = 2466
Total nSV = 2558
*
optimization finished, #iter = 910
C = 0.0
obj = 0.0, rho = NaN
nSV = 0, nBSV = 0
Total nSV = 0
Line search fails in two-class probability estimates
.
Warning: using -h 0 may be faster
*
optimization finished, #iter = 1183
C = 5.150087535712655
obj = 721.3666296616343, rho = 0.4462001878952713
nSV = 3209, nBSV = 3067
.
Warning: using -h 0 may be faster
*
optimization finished, #iter = 1086
C = 60.00669864644588
obj = 14497.119456336552, rho = 1.4261203660638462
nSV = 2289, nBSV = 2044
Total nSV = 2289
.
Warning: using -h 0 may be faster
*
optimization finished, #iter = 1103
C = 76.72747406591932
obj = 20669.09223304466, rho = 0.01461446608434786
nSV = 2297, nBSV = 2042
Total nSV = 2297
.
Warning: using -h 0 may be faster
*
optimization finished, #iter = 1029
C = 50.458008300517555
obj = 11616.532019146105, rho = 1.5476151248747503
nSV = 2258, nBSV = 2073
Total nSV = 2258
.
Warning: using -h 0 may be faster
*
optimization finished, #iter = 1038
C = 55.39168616695196
obj = 13448.16707754178, rho = 2.5877873601539063
nSV = 2279, nBSV = 2056
Total nSV = 2279
.
Warning: using -h 0 may be faster
*
optimization finished, #iter = 1065
C = 55.870194088786704
obj = 12961.250433171368, rho = 0.8170503296455224
nSV = 2285, nBSV = 2041
Total nSV = 2285
.
Warning: using -h 0 may be faster
*
optimization finished, #iter = 1283
C = 50.13498007192736
obj = 14256.074702646049, rho = -1.500261414964539
nSV = 2828, nBSV = 2591
...
Warning: using -h 0 may be faster
*
optimization finished, #iter = 3371
C = 497.60368598557426
obj = 353922.9379726753, rho = 1.0209254785102388
nSV = 4175, nBSV = 2706
Total nSV = 4175
...
Warning: using -h 0 may be faster
*
optimization finished, #iter = 3344
C = 546.6910923123246
obj = 406487.46579089074, rho = 7.643768514448694
nSV = 4214, nBSV = 2679
Total nSV = 4214
...
Warning: using -h 0 may be faster
*
optimization finished, #iter = 3397
C = 519.537919530179
obj = 380543.1837523511, rho = 8.072185332277288
nSV = 4218, nBSV = 2673
Total nSV = 4218
.
Warning: using -h 0 may be faster
..
Warning: using -h 0 may be faster
*
optimization finished, #iter = 3370
C = 509.1531437816617
obj = 367201.309109526, rho = 3.9263897524845834
nSV = 4178, nBSV = 2684
Total nSV = 4178
...
Warning: using -h 0 may be faster
*
optimization finished, #iter = 3326
C = 522.7405085036409
obj = 385019.0940958343, rho = 7.027902659348787
nSV = 4173, nBSV = 2680
Total nSV = 4173
.
Warning: using -h 0 may be faster
...
Warning: using -h 0 may be faster
*
optimization finished, #iter = 4290
C = 498.144736902676
obj = 418880.1936262534, rho = -26.570097663572852
nSV = 5168, nBSV = 3436
Total nSV = 7473


=== Predictions under cross-validation ===

 inst#     actual  predicted error distribution
     1  2:neutral  2:neutral       0.132,*0.614,0.254 
     2  2:neutral  2:neutral       0.14,*0.744,0.116 
     3  2:neutral 3:positive   +   0.06,0.225,*0.715 
     4  2:neutral  2:neutral       0.128,*0.563,0.309 
     5  2:neutral  2:neutral       0.129,*0.661,0.211 
     6  2:neutral  2:neutral       0.239,*0.699,0.061 
     7  2:neutral  2:neutral       0.094,*0.506,0.399 
     8  2:neutral  2:neutral       0.139,*0.736,0.124 
     9  2:neutral  2:neutral       0.139,*0.623,0.238 
    10  2:neutral  2:neutral       0.25,*0.631,0.119 
    11  2:neutral 3:positive   +   0.058,0.176,*0.766 
    12  2:neutral  2:neutral       0.109,*0.643,0.248 
    13  2:neutral  2:neutral       0.139,*0.713,0.148 
    14  2:neutral  2:neutral       0.106,*0.616,0.278 
    15  2:neutral  2:neutral       0.213,*0.548,0.239 
    16  2:neutral  2:neutral       0.099,*0.617,0.284 
    17  2:neutral  2:neutral       0.169,*0.463,0.367 
    18  2:neutral  2:neutral       0.195,*0.499,0.306 
    19  2:neutral  2:neutral       0.193,*0.681,0.126 
    20  2:neutral  2:neutral       0.137,*0.779,0.084 
    21  2:neutral  2:neutral       0.322,*0.478,0.2 
    22  2:neutral  2:neutral       0.11,*0.521,0.369 
    23  2:neutral  2:neutral       0.14,*0.675,0.185 
    24  2:neutral  2:neutral       0.136,*0.749,0.115 
    25  2:neutral  2:neutral       0.135,*0.64,0.225 
    26  2:neutral 3:positive   +   0.131,0.377,*0.492 
    27  2:neutral  2:neutral       0.128,*0.75,0.122 
    28  2:neutral  2:neutral       0.254,*0.648,0.099 
    29  2:neutral 3:positive   +   0.076,0.458,*0.466 
    30  2:neutral  2:neutral       0.107,*0.566,0.327 
    31  2:neutral  2:neutral       0.176,*0.689,0.135 
    32  2:neutral  2:neutral       0.245,*0.698,0.057 
    33  2:neutral  2:neutral       0.125,*0.741,0.133 
    34  2:neutral  2:neutral       0.148,*0.68,0.173 
    35  2:neutral  2:neutral       0.159,*0.743,0.098 
    36  2:neutral  2:neutral       0.109,*0.57,0.321 
    37  2:neutral  2:neutral       0.133,*0.612,0.255 
    38  2:neutral  2:neutral       0.15,*0.666,0.184 
    39  2:neutral  2:neutral       0.131,*0.728,0.14 
    40  2:neutral  2:neutral       0.113,*0.642,0.246 
    41  2:neutral  2:neutral       0.137,*0.691,0.172 
    42  2:neutral  2:neutral       0.131,*0.698,0.171 
    43  2:neutral 3:positive   +   0.09,0.316,*0.594 
    44  2:neutral  2:neutral       0.124,*0.6,0.275 
    45  2:neutral  2:neutral       0.129,*0.736,0.135 
    46  2:neutral  2:neutral       0.111,*0.688,0.202 
    47  2:neutral  2:neutral       0.13,*0.621,0.249 
    48  2:neutral 3:positive   +   0.068,0.207,*0.725 
    49  2:neutral  2:neutral       0.146,*0.716,0.138 
    50  2:neutral  2:neutral       0.124,*0.686,0.189 
    51  2:neutral  2:neutral       0.172,*0.743,0.085 
    52  2:neutral  2:neutral       0.216,*0.555,0.229 
    53  2:neutral  2:neutral       0.092,*0.486,0.423 
    54  2:neutral  2:neutral       0.12,*0.492,0.388 
    55  2:neutral  2:neutral       0.172,*0.671,0.157 
    56  2:neutral  2:neutral       0.168,*0.759,0.073 
    57  2:neutral  2:neutral       0.171,*0.607,0.222 
    58  2:neutral  2:neutral       0.137,*0.625,0.238 
    59  2:neutral  2:neutral       0.146,*0.593,0.26 
    60  2:neutral  2:neutral       0.121,*0.527,0.352 
    61  2:neutral  2:neutral       0.216,*0.662,0.122 
    62  2:neutral  2:neutral       0.124,*0.596,0.28 
    63  2:neutral  2:neutral       0.1,*0.583,0.317 
    64  2:neutral  2:neutral       0.16,*0.501,0.339 
    65  2:neutral  2:neutral       0.199,*0.662,0.14 
    66  2:neutral 3:positive   +   0.078,0.384,*0.538 
    67  2:neutral 3:positive   +   0.077,0.439,*0.484 
    68  2:neutral  2:neutral       0.188,*0.581,0.232 
    69  2:neutral 3:positive   +   0.068,0.25,*0.682 
    70  2:neutral 3:positive   +   0.092,0.439,*0.469 
    71  2:neutral  2:neutral       0.191,*0.688,0.121 
    72  2:neutral 3:positive   +   0.045,0.121,*0.834 
    73  2:neutral  2:neutral       0.196,*0.528,0.276 
    74  2:neutral  2:neutral       0.202,*0.404,0.394 
    75  2:neutral  2:neutral       0.12,*0.68,0.201 
    76  2:neutral  2:neutral       0.125,*0.566,0.309 
    77  2:neutral  2:neutral       0.216,*0.607,0.177 
    78  2:neutral  2:neutral       0.151,*0.708,0.141 
    79  2:neutral  2:neutral       0.166,*0.714,0.12 
    80  2:neutral  2:neutral       0.17,*0.729,0.101 
    81  2:neutral 3:positive   +   0.218,0.39,*0.392 
    82  2:neutral  2:neutral       0.173,*0.749,0.078 
    83  2:neutral 3:positive   +   0.151,0.138,*0.711 
    84  2:neutral 3:positive   +   0.071,0.215,*0.714 
    85  2:neutral 3:positive   +   0.152,0.421,*0.427 
    86  2:neutral  2:neutral       0.151,*0.697,0.152 
    87  2:neutral  2:neutral       0.089,*0.568,0.343 
    88  2:neutral  2:neutral       0.116,*0.672,0.212 
    89  2:neutral  2:neutral       0.234,*0.455,0.311 
    90  2:neutral  2:neutral       0.126,*0.729,0.146 
    91  2:neutral  2:neutral       0.117,*0.538,0.344 
    92  2:neutral  2:neutral       0.171,*0.624,0.205 
    93  2:neutral  2:neutral       0.14,*0.631,0.229 
    94  2:neutral  2:neutral       0.11,*0.549,0.341 
    95  2:neutral 3:positive   +   0.079,0.349,*0.573 
    96  2:neutral  2:neutral       0.214,*0.657,0.129 
    97  2:neutral  2:neutral       0.136,*0.649,0.215 
    98  2:neutral 3:positive   +   0.123,0.34,*0.537 
    99  2:neutral  2:neutral       0.135,*0.693,0.173 
   100  2:neutral  2:neutral       0.155,*0.647,0.198 
   101  2:neutral  2:neutral       0.228,*0.563,0.208 
   102  2:neutral 3:positive   +   0.055,0.185,*0.76 
   103  2:neutral  2:neutral       0.13,*0.678,0.192 
   104  2:neutral  2:neutral       0.141,*0.579,0.28 
   105  2:neutral  2:neutral       0.13,*0.608,0.262 
   106  2:neutral  2:neutral       0.288,*0.384,0.328 
   107  2:neutral  2:neutral       0.14,*0.649,0.212 
   108  2:neutral  2:neutral       0.115,*0.643,0.242 
   109  2:neutral  2:neutral       0.127,*0.701,0.171 
   110  2:neutral  2:neutral       0.148,*0.691,0.161 
   111  2:neutral  2:neutral       0.144,*0.611,0.245 
   112  2:neutral  2:neutral       0.129,*0.756,0.115 
   113  2:neutral  2:neutral       0.107,*0.554,0.339 
   114  2:neutral 3:positive   +   0.074,0.203,*0.723 
   115  2:neutral  2:neutral       0.132,*0.662,0.206 
   116  2:neutral  2:neutral       0.231,*0.554,0.215 
   117  2:neutral  2:neutral       0.177,*0.733,0.09 
   118  2:neutral  2:neutral       0.145,*0.562,0.293 
   119  2:neutral  2:neutral       0.119,*0.676,0.205 
   120  2:neutral 3:positive   +   0.092,0.182,*0.726 
   121  2:neutral  2:neutral       0.131,*0.611,0.258 
   122  2:neutral  2:neutral       0.223,*0.414,0.363 
   123  2:neutral  2:neutral       0.182,*0.686,0.132 
   124  2:neutral  2:neutral       0.134,*0.586,0.279 
   125  2:neutral  2:neutral       0.242,*0.623,0.135 
   126  2:neutral  2:neutral       0.122,*0.627,0.251 
   127  2:neutral  2:neutral       0.141,*0.683,0.176 
   128  2:neutral 3:positive   +   0.094,0.438,*0.468 
   129  2:neutral  2:neutral       0.141,*0.681,0.178 
   130  2:neutral  2:neutral       0.115,*0.661,0.224 
   131  2:neutral  2:neutral       0.154,*0.562,0.284 
   132  2:neutral  2:neutral       0.137,*0.67,0.193 
   133  2:neutral  2:neutral       0.112,*0.727,0.161 
   134  2:neutral  2:neutral       0.186,*0.63,0.184 
   135  2:neutral  2:neutral       0.102,*0.622,0.276 
   136  2:neutral  2:neutral       0.104,*0.68,0.216 
   137  2:neutral  2:neutral       0.144,*0.642,0.214 
   138  2:neutral 3:positive   +   0.058,0.203,*0.739 
   139  2:neutral  2:neutral       0.197,*0.542,0.261 
   140  2:neutral  2:neutral       0.193,*0.592,0.215 
   141  2:neutral  2:neutral       0.12,*0.619,0.261 
   142  2:neutral  2:neutral       0.142,*0.691,0.167 
   143  2:neutral 3:positive   +   0.166,0.384,*0.45 
   144  2:neutral  2:neutral       0.207,*0.666,0.127 
   145  2:neutral  2:neutral       0.271,*0.444,0.285 
   146  2:neutral  2:neutral       0.144,*0.702,0.154 
   147  2:neutral  2:neutral       0.128,*0.684,0.187 
   148  2:neutral  2:neutral       0.142,*0.723,0.134 
   149  2:neutral 3:positive   +   0.102,0.172,*0.726 
   150  2:neutral  2:neutral       0.144,*0.712,0.144 
   151  2:neutral  2:neutral       0.146,*0.689,0.166 
   152  2:neutral  2:neutral       0.148,*0.736,0.117 
   153  2:neutral  2:neutral       0.132,*0.736,0.131 
   154  2:neutral  2:neutral       0.141,*0.683,0.176 
   155  2:neutral 3:positive   +   0.104,0.281,*0.615 
   156  2:neutral  2:neutral       0.093,*0.48,0.427 
   157  2:neutral  2:neutral       0.091,*0.56,0.35 
   158  2:neutral  2:neutral       0.133,*0.734,0.134 
   159  2:neutral  2:neutral       0.236,*0.688,0.076 
   160  2:neutral  2:neutral       0.128,*0.713,0.159 
   161  2:neutral  2:neutral       0.138,*0.504,0.358 
   162  2:neutral  2:neutral       0.13,*0.714,0.155 
   163  2:neutral  2:neutral       0.086,*0.499,0.415 
   164  2:neutral  2:neutral       0.149,*0.59,0.262 
   165  2:neutral  2:neutral       0.163,*0.718,0.119 
   166  2:neutral  2:neutral       0.139,*0.647,0.214 
   167  2:neutral  2:neutral       0.126,*0.703,0.171 
   168  2:neutral  2:neutral       0.118,*0.614,0.268 
   169  2:neutral  2:neutral       0.139,*0.53,0.331 
   170  2:neutral  2:neutral       0.152,*0.738,0.11 
   171  2:neutral  2:neutral       0.14,*0.591,0.269 
   172  2:neutral  2:neutral       0.236,*0.6,0.164 
   173  2:neutral  2:neutral       0.257,*0.631,0.112 
   174  2:neutral  2:neutral       0.146,*0.449,0.405 
   175  2:neutral  2:neutral       0.146,*0.681,0.173 
   176  2:neutral  2:neutral       0.156,*0.639,0.204 
   177  2:neutral  2:neutral       0.132,*0.696,0.172 
   178  2:neutral  2:neutral       0.16,*0.669,0.171 
   179  2:neutral  2:neutral       0.142,*0.693,0.165 
   180  2:neutral  2:neutral       0.106,*0.51,0.384 
   181  2:neutral  2:neutral       0.177,*0.714,0.109 
   182  2:neutral  2:neutral       0.144,*0.691,0.166 
   183  2:neutral  2:neutral       0.136,*0.657,0.208 
   184  2:neutral 3:positive   +   0.085,0.233,*0.682 
   185  2:neutral  2:neutral       0.115,*0.581,0.304 
   186  2:neutral  2:neutral       0.121,*0.688,0.192 
   187  2:neutral  2:neutral       0.11,*0.5,0.39 
   188  2:neutral 3:positive   +   0.098,0.443,*0.459 
   189  2:neutral  2:neutral       0.178,*0.67,0.152 
   190  2:neutral  2:neutral       0.154,*0.673,0.173 
   191  2:neutral  2:neutral       0.156,*0.729,0.115 
   192  2:neutral  2:neutral       0.132,*0.711,0.157 
   193  2:neutral 3:positive   +   0.052,0.35,*0.599 
   194  2:neutral  2:neutral       0.151,*0.702,0.146 
   195  2:neutral  2:neutral       0.129,*0.615,0.257 
   196  2:neutral  2:neutral       0.237,*0.596,0.167 
   197  2:neutral  2:neutral       0.122,*0.659,0.219 
   198  2:neutral  2:neutral       0.216,*0.653,0.131 
   199  2:neutral 3:positive   +   0.058,0.137,*0.804 
   200  2:neutral  2:neutral       0.132,*0.627,0.241 
   201  2:neutral  2:neutral       0.117,*0.695,0.189 
   202  2:neutral  2:neutral       0.163,*0.601,0.237 
   203  2:neutral 3:positive   +   0.078,0.369,*0.553 
   204  2:neutral  2:neutral       0.139,*0.762,0.099 
   205  2:neutral  2:neutral       0.114,*0.648,0.237 
   206  2:neutral  2:neutral       0.15,*0.589,0.261 
   207  2:neutral  2:neutral       0.11,*0.511,0.379 
   208  2:neutral  2:neutral       0.147,*0.701,0.152 
   209  2:neutral  2:neutral       0.138,*0.718,0.144 
   210  2:neutral 3:positive   +   0.245,0.371,*0.385 
   211  2:neutral  2:neutral       0.13,*0.697,0.172 
   212  2:neutral  2:neutral       0.146,*0.686,0.168 
   213  2:neutral  2:neutral       0.159,*0.636,0.205 
   214  2:neutral  2:neutral       0.142,*0.692,0.167 
   215  2:neutral  2:neutral       0.231,*0.487,0.282 
   216  2:neutral  2:neutral       0.139,*0.656,0.205 
   217  2:neutral  2:neutral       0.148,*0.702,0.149 
   218  2:neutral  2:neutral       0.214,*0.482,0.304 
   219  2:neutral  2:neutral       0.211,*0.696,0.093 
   220  2:neutral  2:neutral       0.142,*0.709,0.149 
   221  2:neutral  2:neutral       0.264,*0.52,0.215 
   222  2:neutral  2:neutral       0.164,*0.431,0.405 
   223  2:neutral  2:neutral       0.106,*0.638,0.256 
   224  2:neutral  2:neutral       0.134,*0.69,0.176 
   225  2:neutral  2:neutral       0.12,*0.734,0.146 
   226  2:neutral  2:neutral       0.138,*0.652,0.211 
   227  2:neutral  2:neutral       0.117,*0.689,0.194 
   228  2:neutral 3:positive   +   0.091,0.302,*0.607 
   229  2:neutral  2:neutral       0.112,*0.63,0.258 
   230  2:neutral  2:neutral       0.235,*0.509,0.256 
   231  2:neutral  2:neutral       0.188,*0.676,0.136 
   232  2:neutral  2:neutral       0.22,*0.643,0.137 
   233  2:neutral  2:neutral       0.177,*0.626,0.197 
   234  2:neutral  2:neutral       0.116,*0.548,0.336 
   235  2:neutral  2:neutral       0.231,*0.707,0.062 
   236  2:neutral  2:neutral       0.126,*0.511,0.363 
   237  2:neutral  2:neutral       0.176,*0.651,0.173 
   238  2:neutral  2:neutral       0.242,*0.68,0.078 
   239  2:neutral  2:neutral       0.203,*0.627,0.169 
   240  2:neutral  2:neutral       0.216,*0.604,0.18 
   241  2:neutral  2:neutral       0.187,*0.594,0.219 
   242  2:neutral  2:neutral       0.122,*0.673,0.205 
   243  2:neutral 3:positive   +   0.08,0.314,*0.606 
   244  2:neutral  2:neutral       0.131,*0.698,0.171 
   245  2:neutral  2:neutral       0.16,*0.677,0.163 
   246  2:neutral 3:positive   +   0.058,0.292,*0.65 
   247  2:neutral  2:neutral       0.149,*0.787,0.064 
   248  2:neutral  2:neutral       0.113,*0.632,0.255 
   249  2:neutral  2:neutral       0.168,*0.57,0.262 
   250  2:neutral  2:neutral       0.127,*0.663,0.21 
   251  2:neutral 3:positive   +   0.112,0.391,*0.497 
   252  2:neutral 3:positive   +   0.087,0.445,*0.467 
   253  2:neutral  2:neutral       0.13,*0.661,0.209 
   254  2:neutral  2:neutral       0.197,*0.657,0.146 
   255  2:neutral  2:neutral       0.184,*0.69,0.125 
   256  2:neutral  2:neutral       0.142,*0.526,0.333 
   257  2:neutral  2:neutral       0.14,*0.649,0.212 
   258  2:neutral  2:neutral       0.168,*0.746,0.086 
   259  2:neutral  2:neutral       0.127,*0.559,0.313 
   260  2:neutral  2:neutral       0.208,*0.683,0.109 
   261  2:neutral 3:positive   +   0.101,0.335,*0.564 
   262  2:neutral  2:neutral       0.152,*0.724,0.124 
   263  2:neutral  2:neutral       0.128,*0.637,0.235 
   264  2:neutral  2:neutral       0.146,*0.66,0.194 
   265  2:neutral  2:neutral       0.101,*0.569,0.33 
   266  2:neutral  2:neutral       0.138,*0.739,0.123 
   267  2:neutral 3:positive   +   0.069,0.214,*0.716 
   268  2:neutral  2:neutral       0.206,*0.605,0.189 
   269  2:neutral 3:positive   +   0.126,0.404,*0.47 
   270  2:neutral  2:neutral       0.108,*0.552,0.34 
   271  2:neutral  2:neutral       0.228,*0.561,0.211 
   272  2:neutral  2:neutral       0.132,*0.568,0.299 
   273  2:neutral  2:neutral       0.17,*0.657,0.173 
   274  2:neutral  2:neutral       0.127,*0.605,0.269 
   275  2:neutral  2:neutral       0.267,*0.547,0.186 
   276  2:neutral  2:neutral       0.124,*0.71,0.166 
   277  2:neutral  2:neutral       0.109,*0.54,0.351 
   278  2:neutral  2:neutral       0.131,*0.69,0.179 
   279  2:neutral  2:neutral       0.257,*0.603,0.141 
   280  2:neutral  2:neutral       0.083,*0.497,0.419 
   281  2:neutral  2:neutral       0.147,*0.7,0.154 
   282  2:neutral  2:neutral       0.125,*0.711,0.163 
   283  2:neutral  2:neutral       0.256,*0.441,0.302 
   284  2:neutral  2:neutral       0.128,*0.526,0.346 
   285  2:neutral  2:neutral       0.134,*0.779,0.088 
   286  2:neutral  2:neutral       0.094,*0.534,0.372 
   287  2:neutral  2:neutral       0.155,*0.676,0.17 
   288  2:neutral  2:neutral       0.151,*0.699,0.15 
   289  2:neutral  2:neutral       0.148,*0.649,0.204 
   290  2:neutral 3:positive   +   0.075,0.458,*0.468 
   291  2:neutral  2:neutral       0.159,*0.692,0.149 
   292  2:neutral  2:neutral       0.241,*0.467,0.292 
   293  2:neutral 3:positive   +   0.051,0.338,*0.611 
   294  2:neutral  2:neutral       0.123,*0.561,0.316 
   295  2:neutral  2:neutral       0.243,*0.72,0.037 
   296  2:neutral  2:neutral       0.137,*0.67,0.193 
   297  2:neutral 3:positive   +   0.139,0.428,*0.433 
   298  2:neutral  2:neutral       0.141,*0.662,0.197 
   299  2:neutral  2:neutral       0.151,*0.688,0.161 
   300  2:neutral  2:neutral       0.167,*0.738,0.095 
   301  2:neutral  2:neutral       0.114,*0.602,0.284 
   302  2:neutral  2:neutral       0.15,*0.699,0.15 
   303  2:neutral 3:positive   +   0.152,0.197,*0.652 
   304  2:neutral  2:neutral       0.186,*0.447,0.366 
   305  2:neutral  2:neutral       0.109,*0.668,0.223 
   306  2:neutral  2:neutral       0.113,*0.625,0.263 
   307  2:neutral  2:neutral       0.241,*0.671,0.088 
   308  2:neutral  2:neutral       0.155,*0.784,0.061 
   309  2:neutral 3:positive   +   0.072,0.116,*0.812 
   310  2:neutral  2:neutral       0.179,*0.737,0.084 
   311  2:neutral  2:neutral       0.134,*0.529,0.337 
   312  2:neutral  2:neutral       0.145,*0.581,0.274 
   313  2:neutral  2:neutral       0.173,*0.73,0.096 
   314  2:neutral  2:neutral       0.123,*0.663,0.213 
   315  2:neutral  2:neutral       0.118,*0.679,0.203 
   316  2:neutral  2:neutral       0.094,*0.509,0.398 
   317  2:neutral  2:neutral       0.109,*0.57,0.321 
   318  2:neutral  2:neutral       0.145,*0.7,0.155 
   319  2:neutral  2:neutral       0.133,*0.53,0.337 
   320  2:neutral  2:neutral       0.143,*0.702,0.154 
   321  2:neutral  2:neutral       0.142,*0.745,0.114 
   322  2:neutral  2:neutral       0.136,*0.751,0.113 
   323  2:neutral  2:neutral       0.144,*0.499,0.357 
   324  2:neutral  2:neutral       0.15,*0.691,0.159 
   325  2:neutral  2:neutral       0.132,*0.683,0.185 
   326  2:neutral  2:neutral       0.127,*0.618,0.256 
   327  2:neutral 3:positive   +   0.347,0.296,*0.358 
   328  2:neutral  2:neutral       0.218,*0.636,0.146 
   329  2:neutral  2:neutral       0.138,*0.561,0.3 
   330  2:neutral  2:neutral       0.124,*0.762,0.115 
   331  2:neutral  2:neutral       0.133,*0.653,0.214 
   332  2:neutral  2:neutral       0.16,*0.71,0.13 
   333  2:neutral  2:neutral       0.118,*0.702,0.18 
   334  2:neutral 3:positive   +   0.17,0.342,*0.488 
   335  2:neutral 3:positive   +   0.063,0.35,*0.588 
   336  2:neutral  2:neutral       0.13,*0.622,0.247 
   337  2:neutral  2:neutral       0.191,*0.674,0.135 
   338  2:neutral  2:neutral       0.163,*0.491,0.345 
   339  2:neutral  2:neutral       0.147,*0.695,0.158 
   340  2:neutral  2:neutral       0.195,*0.603,0.202 
   341  2:neutral  2:neutral       0.127,*0.636,0.237 
   342  2:neutral 3:positive   +   0.132,0.098,*0.77 
   343  2:neutral  2:neutral       0.147,*0.648,0.205 
   344  2:neutral  2:neutral       0.103,*0.524,0.372 
   345  2:neutral  2:neutral       0.117,*0.748,0.135 
   346  2:neutral  2:neutral       0.111,*0.592,0.297 
   347  2:neutral  2:neutral       0.14,*0.649,0.212 
   348  2:neutral  2:neutral       0.239,*0.529,0.233 
   349  2:neutral  2:neutral       0.156,*0.665,0.179 
   350  2:neutral  2:neutral       0.13,*0.653,0.217 
   351  2:neutral  2:neutral       0.116,*0.669,0.215 
   352  2:neutral  2:neutral       0.124,*0.689,0.187 
   353  2:neutral  2:neutral       0.209,*0.636,0.154 
   354  2:neutral  2:neutral       0.318,*0.428,0.254 
   355  2:neutral  2:neutral       0.136,*0.681,0.183 
   356  2:neutral  2:neutral       0.091,*0.47,0.438 
   357  2:neutral  2:neutral       0.145,*0.441,0.414 
   358  2:neutral  2:neutral       0.104,*0.594,0.302 
   359  2:neutral  2:neutral       0.225,*0.677,0.098 
   360  2:neutral  2:neutral       0.156,*0.727,0.117 
   361  2:neutral  2:neutral       0.137,*0.703,0.16 
   362  2:neutral  2:neutral       0.229,*0.43,0.341 
   363  2:neutral  2:neutral       0.181,*0.705,0.114 
   364  2:neutral  2:neutral       0.126,*0.701,0.172 
   365  2:neutral 3:positive   +   0.238,0.178,*0.584 
