Zero Weights processed. Default weights will be used
..
Warning: using -h 0 may be faster
*
optimization finished, #iter = 2155
C = 1039.6849706692433
obj = 557907.3387393752, rho = -11.28795242255061
nSV = 2366, nBSV = 1008
Total nSV = 2366
..
Warning: using -h 0 may be faster
*
optimization finished, #iter = 2138
C = 1022.7330358924739
obj = 557616.077606355, rho = -20.450701357913825
nSV = 2370, nBSV = 1007
Total nSV = 2370
..
Warning: using -h 0 may be faster
*
optimization finished, #iter = 2179
C = 994.5438138106953
obj = 525117.1550715833, rho = -15.006837873325937
nSV = 2368, nBSV = 1002
Total nSV = 2368
..
Warning: using -h 0 may be faster
*
optimization finished, #iter = 2175
C = 1076.9143218316215
obj = 594876.7940325936, rho = -22.612917255735717
nSV = 2356, nBSV = 996
Total nSV = 2356
..
Warning: using -h 0 may be faster
*
optimization finished, #iter = 2176
C = 1059.620830683417
obj = 576548.340524604, rho = -20.135180946983276
nSV = 2386, nBSV = 1001
Total nSV = 2386
..
Warning: using -h 0 may be faster
*
optimization finished, #iter = 2679
C = 1033.0964806188188
obj = 650379.0363566478, rho = -18.959342120853176
nSV = 2873, nBSV = 1308
...
Warning: using -h 0 may be faster
*
optimization finished, #iter = 3915
C = 2545.8915410662976
obj = 2449841.846375721, rho = -134.39336581440824
nSV = 4161, nBSV = 1330
Total nSV = 4161
...
Warning: using -h 0 may be faster
*
optimization finished, #iter = 3702
C = 2683.2498513722044
obj = 2737204.930866532, rho = -150.18425719921422
nSV = 4134, nBSV = 1348
Total nSV = 4134
...
Warning: using -h 0 may be faster
*
optimization finished, #iter = 3500
C = 2625.0226942644967
obj = 2660797.9695564723, rho = -173.91818396127442
nSV = 4069, nBSV = 1371
Total nSV = 4069
...
Warning: using -h 0 may be faster
*
optimization finished, #iter = 3642
C = 2668.4812319390203
obj = 2716211.6080094413, rho = -168.10700947064404
nSV = 4132, nBSV = 1339
Total nSV = 4132
...
Warning: using -h 0 may be faster
*
optimization finished, #iter = 3680
C = 2616.7803175050744
obj = 2639218.693876224, rho = -167.878096857818
nSV = 4088, nBSV = 1324
Total nSV = 4088
....
Warning: using -h 0 may be faster
*
optimization finished, #iter = 4583
C = 2720.1564236149998
obj = 3165608.051238369, rho = 1.3343015963753488
nSV = 4942, nBSV = 1786
..
Warning: using -h 0 may be faster
*
optimization finished, #iter = 2490
C = 1138.387729052804
obj = 690464.0890513947, rho = -62.55905159887758
nSV = 2792, nBSV = 1121
Total nSV = 2792
..
Warning: using -h 0 may be faster
*
optimization finished, #iter = 2360
C = 1126.9860771378555
obj = 683777.6669223907, rho = -48.116318469478806
nSV = 2789, nBSV = 1170
Total nSV = 2789
..
Warning: using -h 0 may be faster
*
optimization finished, #iter = 2669
C = 1167.318900539441
obj = 722876.3079736057, rho = -54.518859076084304
nSV = 2840, nBSV = 1082
Total nSV = 2840
..
Warning: using -h 0 may be faster
*
optimization finished, #iter = 2513
C = 1263.347455150933
obj = 804704.6882608285, rho = -51.352312594046666
nSV = 2832, nBSV = 1107
Total nSV = 2832
..
Warning: using -h 0 may be faster
*
optimization finished, #iter = 2504
C = 1126.6423369900613
obj = 681872.3460625949, rho = -52.67119807664322
nSV = 2808, nBSV = 1160
Total nSV = 2808
..
Warning: using -h 0 may be faster
*
optimization finished, #iter = 2903
C = 1175.5171819608397
obj = 841835.7903913988, rho = 10.941011356567062
nSV = 3341, nBSV = 1496
Total nSV = 7708
.
Warning: using -h 0 may be faster
*
optimization finished, #iter = 1776
C = 1006.5671242307561
obj = 458702.9385548698, rho = -20.24999341967164
nSV = 1949, nBSV = 731
Total nSV = 1949
.
Warning: using -h 0 may be faster
*
optimization finished, #iter = 1811
C = 1043.5403166371634
obj = 472450.8719654536, rho = 9.594946092376134
nSV = 1964, nBSV = 759
Total nSV = 1964
.
Warning: using -h 0 may be faster
*
optimization finished, #iter = 1787
C = 1027.061119724271
obj = 463762.34313658037, rho = -4.700518002461316
nSV = 1940, nBSV = 772
Total nSV = 1940
.
Warning: using -h 0 may be faster
*
optimization finished, #iter = 1792
C = 1019.2766351720882
obj = 458552.10536521295, rho = -13.224289909646412
nSV = 1943, nBSV = 757
Total nSV = 1943
.
Warning: using -h 0 may be faster
*
optimization finished, #iter = 1772
C = 990.6005280466932
obj = 438520.0762851549, rho = -4.788724323132945
nSV = 1923, nBSV = 775
Total nSV = 1923
..
Warning: using -h 0 may be faster
*
optimization finished, #iter = 2058
C = 1023.2241666532875
obj = 551398.400875469, rho = -8.876682171160947
nSV = 2352, nBSV = 993
..
Warning: using -h 0 may be faster
*
optimization finished, #iter = 2883
C = 2365.9671800050323
obj = 1969087.1070909484, rho = -129.7712201210098
nSV = 3323, nBSV = 1047
Total nSV = 3323
..
Warning: using -h 0 may be faster
*
optimization finished, #iter = 2784
C = 2321.7638243542488
obj = 1910460.9796717355, rho = -141.71742256755564
nSV = 3311, nBSV = 1048
Total nSV = 3311
...
Warning: using -h 0 may be faster
*
optimization finished, #iter = 3011
C = 2413.7330845690185
obj = 2018773.4609035926, rho = -159.75045304230397
nSV = 3365, nBSV = 1004
Total nSV = 3365
...
Warning: using -h 0 may be faster
*
optimization finished, #iter = 3142
C = 2367.403666873199
obj = 1927776.7634076837, rho = -124.93916532813456
nSV = 3408, nBSV = 1013
Total nSV = 3408
..
Warning: using -h 0 may be faster
*
optimization finished, #iter = 2960
C = 2419.155104096906
obj = 2005977.4651665231, rho = -131.4101529867951
nSV = 3361, nBSV = 1025
Total nSV = 3361
...
Warning: using -h 0 may be faster
*
optimization finished, #iter = 3771
C = 2562.211203102065
obj = 2553760.7540165843, rho = 23.73344350743086
nSV = 4093, nBSV = 1342
.
Warning: using -h 0 may be faster
*
optimization finished, #iter = 1819
C = 1140.237173246802
obj = 606509.2349245894, rho = -58.42690666293935
nSV = 2245, nBSV = 878
Total nSV = 2245
.
Warning: using -h 0 may be faster
*
optimization finished, #iter = 1910
C = 1064.2408969318788
obj = 552652.5592530204, rho = -44.57668727614259
nSV = 2268, nBSV = 877
Total nSV = 2268
.
Warning: using -h 0 may be faster
*
optimization finished, #iter = 1892
C = 1131.9063246712633
obj = 596426.6707800694, rho = -53.79836618293197
nSV = 2304, nBSV = 857
Total nSV = 2304
..
Warning: using -h 0 may be faster
*
optimization finished, #iter = 2123
C = 1166.1154409610078
obj = 605808.9647323315, rho = -40.2500726095734
nSV = 2299, nBSV = 839
Total nSV = 2299
.
Warning: using -h 0 may be faster
*
optimization finished, #iter = 1852
C = 1087.9910374169096
obj = 561485.3732415142, rho = -48.90364018345491
nSV = 2247, nBSV = 895
Total nSV = 2247
..
Warning: using -h 0 may be faster
*
optimization finished, #iter = 2446
C = 1126.7644532024653
obj = 684002.4631875855, rho = 17.10727228743409
nSV = 2762, nBSV = 1133
Total nSV = 6304
.
Warning: using -h 0 may be faster
*
optimization finished, #iter = 1721
C = 1052.6640425291982
obj = 473744.4502835084, rho = -13.35650421031625
nSV = 1935, nBSV = 760
Total nSV = 1935
.
Warning: using -h 0 may be faster
*
optimization finished, #iter = 1772
C = 965.9433066866012
obj = 423681.2408657435, rho = -5.345204137264903
nSV = 1935, nBSV = 794
Total nSV = 1935
.
Warning: using -h 0 may be faster
*
optimization finished, #iter = 1812
C = 1052.5178494961892
obj = 469818.8325907172, rho = -8.542201559400603
nSV = 1954, nBSV = 774
Total nSV = 1954
.
Warning: using -h 0 may be faster
*
optimization finished, #iter = 1830
C = 1033.090750891401
obj = 460170.63385979226, rho = -4.902403335745496
nSV = 1937, nBSV = 768
Total nSV = 1937
.
Warning: using -h 0 may be faster
*
optimization finished, #iter = 1777
C = 1002.1893227460065
obj = 445307.78711234854, rho = 1.432768023286724
nSV = 1955, nBSV = 761
Total nSV = 1955
..
Warning: using -h 0 may be faster
*
optimization finished, #iter = 2159
C = 1029.8951330473665
obj = 541452.6088830762, rho = -10.72560306739597
nSV = 2370, nBSV = 1006
..
Warning: using -h 0 may be faster
*
optimization finished, #iter = 2943
C = 2497.2793296557256
obj = 2047036.1699106384, rho = -104.79955142116383
nSV = 3357, nBSV = 1015
Total nSV = 3357
..
Warning: using -h 0 may be faster
*
optimization finished, #iter = 2885
C = 2305.0263694992345
obj = 1890014.63836696, rho = 16.66588339660682
nSV = 3309, nBSV = 1040
Total nSV = 3309
..
Warning: using -h 0 may be faster
*
optimization finished, #iter = 2999
C = 2332.9008410253027
obj = 1878851.6454868035, rho = 18.03258581600987
nSV = 3329, nBSV = 1046
Total nSV = 3329
..
Warning: using -h 0 may be faster
*
optimization finished, #iter = 2884
C = 2370.461374407064
obj = 1965854.3416496825, rho = 16.720987904489537
nSV = 3319, nBSV = 1039
Total nSV = 3319
..
Warning: using -h 0 may be faster
*
optimization finished, #iter = 2987
C = 2365.0679653730226
obj = 1910207.4358441667, rho = 23.190313239657304
nSV = 3345, nBSV = 1025
Total nSV = 3345
...
Warning: using -h 0 may be faster
*
optimization finished, #iter = 3459
C = 2482.820940379821
obj = 2422581.3195752767, rho = 9.680849647025449
nSV = 4036, nBSV = 1381
.
Warning: using -h 0 may be faster
*
optimization finished, #iter = 1901
C = 1138.8231977063274
obj = 590407.0243052806, rho = -49.281798734837544
nSV = 2292, nBSV = 864
Total nSV = 2292
.
Warning: using -h 0 may be faster
*
optimization finished, #iter = 1964
C = 1099.3558608320516
obj = 553473.0566353853, rho = -42.705722233243286
nSV = 2285, nBSV = 872
Total nSV = 2285
..
Warning: using -h 0 may be faster
*
optimization finished, #iter = 2051
C = 1075.1528386493676
obj = 542597.6994772224, rho = -40.66040154992153
nSV = 2294, nBSV = 893
Total nSV = 2294
.
Warning: using -h 0 may be faster
*
optimization finished, #iter = 1844
C = 1115.367603893378
obj = 575518.8803807085, rho = -51.53685250618673
nSV = 2266, nBSV = 902
Total nSV = 2266
..
Warning: using -h 0 may be faster
*
optimization finished, #iter = 2092
C = 1114.2048741663496
obj = 565199.7457507699, rho = -54.440629418099334
nSV = 2311, nBSV = 850
Total nSV = 2311
..
Warning: using -h 0 may be faster
*
optimization finished, #iter = 2289
C = 1116.6391083075641
obj = 661966.0503177297, rho = 14.179134110162982
nSV = 2733, nBSV = 1156
Total nSV = 6239
..
Warning: using -h 0 may be faster
*
optimization finished, #iter = 2983
C = 2412.619006766924
obj = 2011871.6537401245, rho = -142.31826802814834
nSV = 3372, nBSV = 1026
Total nSV = 3372
..
Warning: using -h 0 may be faster
*
optimization finished, #iter = 2914
C = 2437.8304074280036
obj = 2029324.5444015106, rho = 9.661566150351236
nSV = 3339, nBSV = 1053
Total nSV = 3339
..
Warning: using -h 0 may be faster
*
optimization finished, #iter = 2912
C = 2514.744008793515
obj = 2112522.2426387626, rho = 16.649428906400534
nSV = 3339, nBSV = 1030
Total nSV = 3339
...
Warning: using -h 0 may be faster
*
optimization finished, #iter = 3000
C = 2356.927574123921
obj = 1902472.590053366, rho = 5.259949414138745
nSV = 3351, nBSV = 1012
Total nSV = 3351
...
Warning: using -h 0 may be faster
*
optimization finished, #iter = 3063
C = 2469.3357990848103
obj = 1983647.9265442179, rho = -4.177275166881157
nSV = 3368, nBSV = 990
Total nSV = 3368
...
Warning: using -h 0 may be faster
*
optimization finished, #iter = 3772
C = 2701.4046296219553
obj = 2720315.117344977, rho = -159.82836788730475
nSV = 4117, nBSV = 1341
..
Warning: using -h 0 may be faster
*
optimization finished, #iter = 2030
C = 1229.2324719542091
obj = 641166.582836484, rho = -73.46068908227701
nSV = 2331, nBSV = 845
Total nSV = 2331
..
Warning: using -h 0 may be faster
*
optimization finished, #iter = 2022
C = 1136.5825387198433
obj = 580221.8780847499, rho = -48.852817875456715
nSV = 2306, nBSV = 864
Total nSV = 2306
..
Warning: using -h 0 may be faster
*
optimization finished, #iter = 2022
C = 1132.3810132258805
obj = 578446.584127685, rho = -43.96964180268704
nSV = 2325, nBSV = 860
Total nSV = 2325
..
Warning: using -h 0 may be faster
*
optimization finished, #iter = 2052
C = 1196.5773605297347
obj = 621897.3760543212, rho = -43.21865904677006
nSV = 2318, nBSV = 874
Total nSV = 2318
..
Warning: using -h 0 may be faster
*
optimization finished, #iter = 2056
C = 1269.9179031384317
obj = 670000.3208666107, rho = -67.00643598844685
nSV = 2355, nBSV = 830
Total nSV = 2355
..
Warning: using -h 0 may be faster
*
optimization finished, #iter = 2516
C = 1257.8745975907304
obj = 781821.3097908794, rho = -58.72119811452864
nSV = 2821, nBSV = 1123
.
Warning: using -h 0 may be faster
*
optimization finished, #iter = 1757
C = 997.6067912703944
obj = 431895.4837801656, rho = -17.534920363875653
nSV = 1946, nBSV = 773
Total nSV = 1946
.
Warning: using -h 0 may be faster
*
optimization finished, #iter = 1785
C = 992.8582071947116
obj = 439147.74426797207, rho = -16.375885890769034
nSV = 1938, nBSV = 752
Total nSV = 1938
.
Warning: using -h 0 may be faster
*
optimization finished, #iter = 1761
C = 1041.6863670701389
obj = 467202.85048319673, rho = -14.12960784920535
nSV = 1968, nBSV = 747
Total nSV = 1968
.
Warning: using -h 0 may be faster
*
optimization finished, #iter = 1747
C = 1074.6717215906474
obj = 496374.3891470942, rho = -12.953428633447325
nSV = 1960, nBSV = 744
Total nSV = 1960
.
Warning: using -h 0 may be faster
*
optimization finished, #iter = 1797
C = 970.6585373001989
obj = 436804.54387043184, rho = -15.233727573214235
nSV = 1936, nBSV = 760
Total nSV = 1936
Line search fails in two-class probability estimates
..
Warning: using -h 0 may be faster
*
optimization finished, #iter = 2134
C = 1020.0914946678862
obj = 545522.015429186, rho = -15.515472716138348
nSV = 2342, nBSV = 1001
Total nSV = 6340
.
Warning: using -h 0 may be faster
*
optimization finished, #iter = 1780
C = 1107.3003426703915
obj = 512990.4328694274, rho = -7.759719155760355
nSV = 1963, nBSV = 746
Total nSV = 1963
.
Warning: using -h 0 may be faster
*
optimization finished, #iter = 1743
C = 1069.0599116820695
obj = 494991.96838227526, rho = -19.249209199432308
nSV = 1938, nBSV = 762
Total nSV = 1938
.
Warning: using -h 0 may be faster
*
optimization finished, #iter = 1733
C = 1063.735221424943
obj = 495372.400457934, rho = -12.047865789420012
nSV = 1942, nBSV = 761
Total nSV = 1942
.
Warning: using -h 0 may be faster
*
optimization finished, #iter = 1747
C = 1062.812418462887
obj = 483160.59036834934, rho = -11.319671443545571
nSV = 1942, nBSV = 759
Total nSV = 1942
.
Warning: using -h 0 may be faster
*
optimization finished, #iter = 1713
C = 1041.3307448214737
obj = 486083.9333447336, rho = -16.75637335564456
nSV = 1944, nBSV = 765
Total nSV = 1944
..
Warning: using -h 0 may be faster
*
optimization finished, #iter = 2160
C = 1070.995360395499
obj = 589874.5910742503, rho = -23.29375019212057
nSV = 2389, nBSV = 971
.
Warning: using -h 0 may be faster
*
optimization finished, #iter = 1910
C = 1184.3346458159251
obj = 632682.413545356, rho = -56.923873938505565
nSV = 2277, nBSV = 874
Total nSV = 2277
.
Warning: using -h 0 may be faster
*
optimization finished, #iter = 1951
C = 1113.0180506564166
obj = 578197.9372928442, rho = -54.07275872771194
nSV = 2277, nBSV = 887
Total nSV = 2277
.
Warning: using -h 0 may be faster
*
optimization finished, #iter = 1882
C = 1103.0113612072355
obj = 570156.0492460161, rho = -48.11975436092737
nSV = 2249, nBSV = 871
Total nSV = 2249
.
Warning: using -h 0 may be faster
*
optimization finished, #iter = 1930
C = 1094.2295688818724
obj = 557190.25948709, rho = -51.490306894512436
nSV = 2264, nBSV = 866
Total nSV = 2264
..
Warning: using -h 0 may be faster
*
optimization finished, #iter = 2099
C = 1097.7085278163333
obj = 553034.9709833633, rho = -46.61953663076392
nSV = 2313, nBSV = 868
Total nSV = 2313
..
Warning: using -h 0 may be faster
*
optimization finished, #iter = 2413
C = 1129.2085624237827
obj = 682078.4385453593, rho = 18.32942433363849
nSV = 2791, nBSV = 1144
...
Warning: using -h 0 may be faster
*
optimization finished, #iter = 3123
C = 2420.4609852755707
obj = 1972290.566199486, rho = -153.9351693089277
nSV = 3373, nBSV = 1004
Total nSV = 3373
..
Warning: using -h 0 may be faster
*
optimization finished, #iter = 2973
C = 2369.096406504821
obj = 1965844.4315768802, rho = 23.993902855802737
nSV = 3382, nBSV = 1010
Total nSV = 3382
..
Warning: using -h 0 may be faster
*
optimization finished, #iter = 2967
C = 2379.84453892768
obj = 1953833.8369169, rho = -1.3359147055772966
nSV = 3341, nBSV = 1033
Total nSV = 3341
..
Warning: using -h 0 may be faster
*
optimization finished, #iter = 2788
C = 2289.244415897301
obj = 1900698.7206205516, rho = 13.158284693294572
nSV = 3323, nBSV = 1043
Total nSV = 3323
..
Warning: using -h 0 may be faster
*
optimization finished, #iter = 2928
C = 2344.20534247152
obj = 1887252.9295029407, rho = 28.01908337861181
nSV = 3328, nBSV = 1047
Total nSV = 3328
...
Warning: using -h 0 may be faster
*
optimization finished, #iter = 3662
C = 2472.343365711713
obj = 2387186.4577917326, rho = 20.458762124118785
nSV = 4077, nBSV = 1335
Total nSV = 6267
.
Warning: using -h 0 may be faster
*
optimization finished, #iter = 1937
C = 1054.2972017989835
obj = 534008.5664243981, rho = -43.964991884443045
nSV = 2241, nBSV = 898
Total nSV = 2241
.
Warning: using -h 0 may be faster
*
optimization finished, #iter = 1910
C = 1101.5188473435528
obj = 560266.0223988228, rho = -41.19671879898866
nSV = 2251, nBSV = 882
Total nSV = 2251
.
Warning: using -h 0 may be faster
*
optimization finished, #iter = 1812
C = 1124.3384428427596
obj = 571932.0726220312, rho = -44.346625286411346
nSV = 2249, nBSV = 878
Total nSV = 2249
.
Warning: using -h 0 may be faster
*
optimization finished, #iter = 1971
C = 1079.5173106646193
obj = 543062.2409340303, rho = -43.69651505050123
nSV = 2255, nBSV = 906
Total nSV = 2255
.
Warning: using -h 0 may be faster
*
optimization finished, #iter = 1908
C = 1097.1438749334118
obj = 557818.946816545, rho = -43.838772842902635
nSV = 2274, nBSV = 877
Total nSV = 2274
..
Warning: using -h 0 may be faster
*
optimization finished, #iter = 2321
C = 1092.7400881285869
obj = 646240.7755140613, rho = 9.400671676327624
nSV = 2756, nBSV = 1157
.
Warning: using -h 0 may be faster
*
optimization finished, #iter = 1767
C = 1053.4700873841323
obj = 466862.2172593893, rho = -14.177377971011431
nSV = 1983, nBSV = 759
Total nSV = 1983
.
Warning: using -h 0 may be faster
*
optimization finished, #iter = 1787
C = 981.9519915642372
obj = 437075.09449819644, rho = -15.636379719899386
nSV = 1945, nBSV = 771
Total nSV = 1945
.
Warning: using -h 0 may be faster
*
optimization finished, #iter = 1792
C = 1021.7939700198406
obj = 461456.82697040564, rho = -17.92318779638688
nSV = 1946, nBSV = 758
Total nSV = 1946
.
Warning: using -h 0 may be faster
*
optimization finished, #iter = 1817
C = 1002.1371425419256
obj = 443786.66767642845, rho = -26.71185473198895
nSV = 1978, nBSV = 770
Total nSV = 1978
.
Warning: using -h 0 may be faster
*
optimization finished, #iter = 1717
C = 1017.0212087254771
obj = 464205.8398635018, rho = -6.561526693123044
nSV = 1937, nBSV = 800
Total nSV = 1937
Line search fails in two-class probability estimates
..
Warning: using -h 0 may be faster
*
optimization finished, #iter = 2182
C = 1021.1341548369628
obj = 542255.6108156703, rho = -12.394916475101413
nSV = 2370, nBSV = 1000
...
Warning: using -h 0 may be faster
*
optimization finished, #iter = 3005
C = 2400.112912754285
obj = 1943798.5727424617, rho = 1.0483549234331921
nSV = 3373, nBSV = 1015
Total nSV = 3373
...
Warning: using -h 0 may be faster
*
optimization finished, #iter = 3032
C = 2472.287287923677
obj = 2070768.9559363765, rho = -137.7388788585267
nSV = 3376, nBSV = 1019
Total nSV = 3376
..
Warning: using -h 0 may be faster
*
optimization finished, #iter = 2929
C = 2460.7096274946384
obj = 2083111.9889265595, rho = -112.67252218263822
nSV = 3357, nBSV = 1019
Total nSV = 3357
..
Warning: using -h 0 may be faster
*
optimization finished, #iter = 2723
C = 2498.662911168686
obj = 2124299.367145922, rho = -94.05894763836255
nSV = 3322, nBSV = 1055
Total nSV = 3322
..
Warning: using -h 0 may be faster
*
optimization finished, #iter = 2893
C = 2528.3378715902923
obj = 2123089.4936460606, rho = -136.09857620706444
nSV = 3353, nBSV = 1039
Total nSV = 3353
...
Warning: using -h 0 may be faster
*
optimization finished, #iter = 3610
C = 2703.1437808909636
obj = 2729452.2662348477, rho = -154.53990468166555
nSV = 4086, nBSV = 1367
Total nSV = 6355


=== Predictions under cross-validation ===

 inst#     actual  predicted error distribution
     1  2:neutral  2:neutral       0.374,*0.421,0.205 
     2  2:neutral  2:neutral       0.04,*0.715,0.244 
     3  2:neutral 3:positive   +   0.123,0.223,*0.654 
     4  2:neutral  2:neutral       0.072,*0.589,0.338 
     5  2:neutral  2:neutral       0.041,*0.783,0.176 
     6  2:neutral 1:negative   +   *0.487,0.439,0.074 
     7  2:neutral 3:positive   +   0.036,0.297,*0.667 
     8  2:neutral  2:neutral       0.101,*0.805,0.094 
     9  2:neutral  2:neutral       0.116,*0.543,0.341 
    10  2:neutral 1:negative   +   *0.705,0.164,0.131 
    11  2:neutral  2:neutral       0.016,*0.544,0.44 
    12  2:neutral  2:neutral       0.058,*0.83,0.112 
    13  2:neutral  2:neutral       0.05,*0.688,0.262 
    14  2:neutral  2:neutral       0.022,*0.62,0.358 
    15  2:neutral  2:neutral       0.308,*0.52,0.173 
    16  2:neutral  2:neutral       0.042,*0.697,0.261 
    17  2:neutral 3:positive   +   0.281,0.332,*0.387 
    18  2:neutral  2:neutral       0.375,*0.383,0.243 
    19  2:neutral  2:neutral       0.094,*0.651,0.256 
    20  2:neutral  2:neutral       0.017,*0.96,0.022 
    21  2:neutral 1:negative   +   *0.443,0.247,0.31 
    22  2:neutral  2:neutral       0.102,*0.633,0.265 
    23  2:neutral  2:neutral       0.1,*0.653,0.247 
    24  2:neutral  2:neutral       0.083,*0.803,0.114 
    25  2:neutral  2:neutral       0.061,*0.566,0.373 
    26  2:neutral 3:positive   +   0.092,0.133,*0.775 
    27  2:neutral  2:neutral       0.048,*0.702,0.25 
    28  2:neutral 1:negative   +   *0.449,0.356,0.195 
    29  2:neutral  2:neutral       0.033,*0.666,0.301 
    30  2:neutral 3:positive   +   0.047,0.271,*0.682 
    31  2:neutral  2:neutral       0.354,*0.536,0.109 
    32  2:neutral 1:negative   +   *0.951,0.033,0.016 
    33  2:neutral  2:neutral       0.016,*0.878,0.106 
    34  2:neutral  2:neutral       0.059,*0.753,0.188 
    35  2:neutral  2:neutral       0.068,*0.87,0.062 
    36  2:neutral  2:neutral       0.009,*0.852,0.139 
    37  2:neutral  2:neutral       0.122,*0.699,0.178 
    38  2:neutral  2:neutral       0.125,*0.703,0.172 
    39  2:neutral  2:neutral       0.062,*0.698,0.24 
    40  2:neutral  2:neutral       0.085,*0.753,0.162 
    41  2:neutral  2:neutral       0.084,*0.705,0.211 
    42  2:neutral  2:neutral       0.088,*0.599,0.313 
    43  2:neutral 3:positive   +   0.345,0.107,*0.549 
    44  2:neutral  2:neutral       0.074,*0.47,0.456 
    45  2:neutral  2:neutral       0.112,*0.659,0.229 
    46  2:neutral  2:neutral       0.032,*0.494,0.474 
    47  2:neutral  2:neutral       0.068,*0.626,0.306 
    48  2:neutral  2:neutral       0.07,*0.585,0.345 
    49  2:neutral  2:neutral       0.032,*0.904,0.064 
    50  2:neutral  2:neutral       0.052,*0.773,0.175 
    51  2:neutral  2:neutral       0.195,*0.755,0.051 
    52  2:neutral  2:neutral       0.254,*0.416,0.331 
    53  2:neutral  2:neutral       0.099,*0.51,0.391 
    54  2:neutral  2:neutral       0.127,*0.492,0.381 
    55  2:neutral  2:neutral       0.049,*0.839,0.112 
    56  2:neutral  2:neutral       0.031,*0.945,0.023 
    57  2:neutral  2:neutral       0.214,*0.511,0.274 
    58  2:neutral  2:neutral       0.091,*0.471,0.438 
    59  2:neutral  2:neutral       0.061,*0.72,0.219 
    60  2:neutral  2:neutral       0.035,*0.632,0.333 
    61  2:neutral  2:neutral       0.304,*0.542,0.154 
    62  2:neutral  2:neutral       0.189,*0.636,0.176 
    63  2:neutral  2:neutral       0.059,*0.565,0.376 
    64  2:neutral 3:positive   +   0.043,0.47,*0.487 
    65  2:neutral  2:neutral       0.249,*0.61,0.141 
    66  2:neutral 3:positive   +   0.158,0.387,*0.454 
    67  2:neutral  2:neutral       0.079,*0.609,0.312 
    68  2:neutral  2:neutral       0.265,*0.476,0.259 
    69  2:neutral 3:positive   +   0.05,0.28,*0.67 
    70  2:neutral 3:positive   +   0.145,0.303,*0.552 
    71  2:neutral  2:neutral       0.163,*0.676,0.161 
    72  2:neutral 3:positive   +   0.047,0.142,*0.811 
    73  2:neutral  2:neutral       0.155,*0.56,0.284 
    74  2:neutral 3:positive   +   0.117,0.414,*0.469 
    75  2:neutral  2:neutral       0.072,*0.779,0.149 
    76  2:neutral  2:neutral       0.131,*0.755,0.113 
    77  2:neutral  2:neutral       0.075,*0.681,0.244 
    78  2:neutral  2:neutral       0.098,*0.474,0.428 
    79  2:neutral  2:neutral       0.408,*0.495,0.097 
    80  2:neutral  2:neutral       0.057,*0.765,0.178 
    81  2:neutral  2:neutral       0.312,*0.442,0.245 
    82  2:neutral  2:neutral       0.065,*0.84,0.095 
    83  2:neutral 3:positive   +   0.247,0.33,*0.424 
    84  2:neutral 3:positive   +   0.037,0.187,*0.776 
    85  2:neutral  2:neutral       0.418,*0.46,0.121 
    86  2:neutral  2:neutral       0.062,*0.807,0.131 
    87  2:neutral  2:neutral       0.016,*0.566,0.419 
    88  2:neutral  2:neutral       0.025,*0.626,0.349 
    89  2:neutral 1:negative   +   *0.531,0.144,0.324 
    90  2:neutral  2:neutral       0.019,*0.598,0.383 
    91  2:neutral  2:neutral       0.157,*0.668,0.175 
    92  2:neutral  2:neutral       0.171,*0.645,0.184 
    93  2:neutral  2:neutral       0.084,*0.607,0.31 
    94  2:neutral 3:positive   +   0.081,0.399,*0.52 
    95  2:neutral 3:positive   +   0.08,0.397,*0.523 
    96  2:neutral  2:neutral       0.302,*0.576,0.122 
    97  2:neutral  2:neutral       0.061,*0.806,0.133 
    98  2:neutral 3:positive   +   0.053,0.469,*0.478 
    99  2:neutral  2:neutral       0.065,*0.715,0.22 
   100  2:neutral  2:neutral       0.064,*0.74,0.197 
   101  2:neutral 3:positive   +   0.137,0.407,*0.456 
   102  2:neutral 3:positive   +   0.071,0.41,*0.519 
   103  2:neutral  2:neutral       0.068,*0.765,0.167 
   104  2:neutral  2:neutral       0.229,*0.466,0.305 
   105  2:neutral  2:neutral       0.059,*0.62,0.321 
   106  2:neutral 3:positive   +   0.15,0.251,*0.599 
   107  2:neutral  2:neutral       0.1,*0.653,0.247 
   108  2:neutral  2:neutral       0.067,*0.693,0.241 
   109  2:neutral  2:neutral       0.025,*0.716,0.259 
   110  2:neutral  2:neutral       0.113,*0.727,0.16 
   111  2:neutral  2:neutral       0.068,*0.671,0.261 
   112  2:neutral  2:neutral       0.021,*0.842,0.137 
   113  2:neutral  2:neutral       0.031,*0.634,0.336 
   114  2:neutral 3:positive   +   0.11,0.363,*0.527 
   115  2:neutral  2:neutral       0.077,*0.657,0.266 
   116  2:neutral  2:neutral       0.07,*0.718,0.212 
   117  2:neutral  2:neutral       0.035,*0.914,0.05 
   118  2:neutral  2:neutral       0.092,*0.552,0.356 
   119  2:neutral  2:neutral       0.045,*0.812,0.143 
   120  2:neutral 3:positive   +   0.07,0.37,*0.56 
   121  2:neutral  2:neutral       0.084,*0.624,0.292 
   122  2:neutral 3:positive   +   0.147,0.334,*0.519 
   123  2:neutral  2:neutral       0.111,*0.801,0.089 
   124  2:neutral  2:neutral       0.102,*0.825,0.073 
   125  2:neutral  2:neutral       0.314,*0.56,0.126 
   126  2:neutral  2:neutral       0.096,*0.688,0.217 
   127  2:neutral  2:neutral       0.045,*0.846,0.109 
   128  2:neutral 3:positive   +   0.038,0.267,*0.695 
   129  2:neutral  2:neutral       0.224,*0.573,0.203 
   130  2:neutral  2:neutral       0.059,*0.684,0.257 
   131  2:neutral  2:neutral       0.285,*0.474,0.241 
   132  2:neutral  2:neutral       0.093,*0.654,0.253 
   133  2:neutral  2:neutral       0.062,*0.6,0.339 
   134  2:neutral  2:neutral       0.057,*0.767,0.176 
   135  2:neutral  2:neutral       0.036,*0.832,0.131 
   136  2:neutral  2:neutral       0.011,*0.826,0.163 
   137  2:neutral  2:neutral       0.087,*0.624,0.289 
   138  2:neutral  2:neutral       0.025,*0.61,0.365 
   139  2:neutral  2:neutral       0.292,*0.57,0.138 
   140  2:neutral  2:neutral       0.247,*0.616,0.137 
   141  2:neutral  2:neutral       0.041,*0.647,0.312 
   142  2:neutral  2:neutral       0.173,*0.663,0.165 
   143  2:neutral  2:neutral       0.235,*0.555,0.21 
   144  2:neutral  2:neutral       0.24,*0.533,0.227 
   145  2:neutral 3:positive   +   0.278,0.223,*0.499 
   146  2:neutral  2:neutral       0.361,*0.551,0.088 
   147  2:neutral  2:neutral       0.018,*0.744,0.238 
   148  2:neutral  2:neutral       0.126,*0.688,0.186 
   149  2:neutral 3:positive   +   0.12,0.388,*0.492 
   150  2:neutral  2:neutral       0.088,*0.776,0.136 
   151  2:neutral  2:neutral       0.079,*0.547,0.374 
   152  2:neutral  2:neutral       0.057,*0.743,0.2 
   153  2:neutral  2:neutral       0.048,*0.812,0.14 
   154  2:neutral  2:neutral       0.11,*0.637,0.253 
   155  2:neutral 3:positive   +   0.024,0.326,*0.65 
   156  2:neutral 3:positive   +   0.064,0.295,*0.641 
   157  2:neutral  2:neutral       0.04,*0.674,0.286 
   158  2:neutral  2:neutral       0.054,*0.832,0.114 
   159  2:neutral  2:neutral       0.103,*0.852,0.045 
   160  2:neutral  2:neutral       0.008,*0.59,0.401 
   161  2:neutral  2:neutral       0.234,*0.561,0.204 
   162  2:neutral  2:neutral       0.039,*0.601,0.361 
   163  2:neutral  2:neutral       0.013,*0.822,0.165 
   164  2:neutral  2:neutral       0.143,*0.616,0.241 
   165  2:neutral  2:neutral       0.038,*0.866,0.097 
   166  2:neutral  2:neutral       0.06,*0.838,0.103 
   167  2:neutral  2:neutral       0.138,*0.607,0.255 
   168  2:neutral  2:neutral       0.08,*0.807,0.113 
   169  2:neutral  2:neutral       0.193,*0.618,0.189 
   170  2:neutral  2:neutral       0.051,*0.803,0.147 
   171  2:neutral  2:neutral       0.069,*0.619,0.313 
   172  2:neutral  2:neutral       0.075,*0.69,0.235 
   173  2:neutral 1:negative   +   *0.717,0.208,0.076 
   174  2:neutral  2:neutral       0.096,*0.6,0.304 
   175  2:neutral  2:neutral       0.076,*0.774,0.15 
   176  2:neutral  2:neutral       0.162,*0.557,0.281 
   177  2:neutral  2:neutral       0.017,*0.851,0.132 
   178  2:neutral  2:neutral       0.16,*0.658,0.182 
   179  2:neutral  2:neutral       0.068,*0.706,0.225 
   180  2:neutral  2:neutral       0.059,*0.712,0.229 
   181  2:neutral  2:neutral       0.062,*0.754,0.184 
   182  2:neutral 1:negative   +   *0.47,0.409,0.122 
   183  2:neutral  2:neutral       0.062,*0.724,0.214 
   184  2:neutral  2:neutral       0.081,*0.473,0.446 
   185  2:neutral  2:neutral       0.06,*0.672,0.268 
   186  2:neutral  2:neutral       0.019,*0.547,0.434 
   187  2:neutral  2:neutral       0.068,*0.552,0.38 
   188  2:neutral 3:positive   +   0.09,0.434,*0.477 
   189  2:neutral 1:negative   +   *0.829,0.115,0.056 
   190  2:neutral  2:neutral       0.225,*0.597,0.178 
   191  2:neutral  2:neutral       0.221,*0.66,0.118 
   192  2:neutral  2:neutral       0.047,*0.729,0.225 
   193  2:neutral  2:neutral       0.015,*0.508,0.477 
   194  2:neutral  2:neutral       0.097,*0.818,0.086 
   195  2:neutral 3:positive   +   0.174,0.274,*0.552 
   196  2:neutral  2:neutral       0.113,*0.758,0.129 
   197  2:neutral  2:neutral       0.086,*0.776,0.138 
   198  2:neutral  2:neutral       0.367,*0.438,0.195 
   199  2:neutral 3:positive   +   0.125,0.222,*0.653 
   200  2:neutral  2:neutral       0.086,*0.625,0.29 
   201  2:neutral  2:neutral       0.013,*0.872,0.116 
   202  2:neutral  2:neutral       0.091,*0.645,0.264 
   203  2:neutral  2:neutral       0.078,*0.636,0.286 
   204  2:neutral  2:neutral       0.027,*0.943,0.03 
   205  2:neutral  2:neutral       0.025,*0.565,0.41 
   206  2:neutral 1:negative   +   *0.446,0.408,0.147 
   207  2:neutral  2:neutral       0.074,*0.567,0.36 
   208  2:neutral  2:neutral       0.037,*0.897,0.066 
   209  2:neutral  2:neutral       0.053,*0.663,0.283 
   210  2:neutral  2:neutral       0.343,*0.347,0.311 
   211  2:neutral  2:neutral       0.028,*0.775,0.196 
   212  2:neutral  2:neutral       0.038,*0.864,0.098 
   213  2:neutral  2:neutral       0.098,*0.747,0.156 
   214  2:neutral  2:neutral       0.148,*0.74,0.112 
   215  2:neutral  2:neutral       0.074,*0.576,0.35 
   216  2:neutral  2:neutral       0.057,*0.567,0.376 
   217  2:neutral  2:neutral       0.048,*0.79,0.163 
   218  2:neutral  2:neutral       0.153,*0.441,0.406 
   219  2:neutral  2:neutral       0.236,*0.63,0.134 
   220  2:neutral  2:neutral       0.075,*0.615,0.31 
   221  2:neutral 1:negative   +   *0.416,0.218,0.366 
   222  2:neutral  2:neutral       0.086,*0.528,0.386 
   223  2:neutral  2:neutral       0.087,*0.681,0.233 
   224  2:neutral  2:neutral       0.199,*0.587,0.214 
   225  2:neutral  2:neutral       0.04,*0.847,0.114 
   226  2:neutral  2:neutral       0.05,*0.696,0.254 
   227  2:neutral  2:neutral       0.056,*0.82,0.125 
   228  2:neutral 3:positive   +   0.034,0.475,*0.491 
   229  2:neutral 3:positive   +   0.031,0.445,*0.524 
   230  2:neutral 1:negative   +   *0.567,0.215,0.218 
   231  2:neutral  2:neutral       0.078,*0.825,0.098 
   232  2:neutral  2:neutral       0.33,*0.404,0.266 
   233  2:neutral 3:positive   +   0.191,0.359,*0.45 
   234  2:neutral  2:neutral       0.031,*0.486,0.483 
   235  2:neutral  2:neutral       0.284,*0.592,0.124 
   236  2:neutral  2:neutral       0.107,*0.529,0.364 
   237  2:neutral 3:positive   +   0.034,0.391,*0.575 
   238  2:neutral  2:neutral       0.222,*0.657,0.121 
   239  2:neutral 3:positive   +   0.292,0.336,*0.373 
   240  2:neutral  2:neutral       0.144,*0.441,0.415 
   241  2:neutral  2:neutral       0.405,*0.434,0.161 
   242  2:neutral  2:neutral       0.065,*0.816,0.119 
   243  2:neutral 3:positive   +   0.026,0.486,*0.488 
   244  2:neutral  2:neutral       0.053,*0.761,0.186 
   245  2:neutral  2:neutral       0.236,*0.626,0.138 
   246  2:neutral 3:positive   +   0.011,0.347,*0.641 
   247  2:neutral  2:neutral       0.011,*0.962,0.027 
   248  2:neutral  2:neutral       0.057,*0.579,0.364 
   249  2:neutral 3:positive   +   0.173,0.369,*0.458 
   250  2:neutral  2:neutral       0.049,*0.712,0.239 
   251  2:neutral  2:neutral       0.089,*0.541,0.37 
   252  2:neutral  2:neutral       0.1,*0.682,0.218 
   253  2:neutral  2:neutral       0.162,*0.647,0.19 
   254  2:neutral  2:neutral       0.105,*0.78,0.115 
   255  2:neutral  2:neutral       0.047,*0.579,0.374 
   256  2:neutral  2:neutral       0.066,*0.604,0.33 
   257  2:neutral  2:neutral       0.1,*0.653,0.247 
   258  2:neutral  2:neutral       0.088,*0.868,0.044 
   259  2:neutral 3:positive   +   0.049,0.403,*0.548 
   260  2:neutral  2:neutral       0.185,*0.743,0.072 
   261  2:neutral 3:positive   +   0.04,0.339,*0.621 
   262  2:neutral  2:neutral       0.021,*0.673,0.306 
   263  2:neutral  2:neutral       0.083,*0.647,0.269 
   264  2:neutral  2:neutral       0.111,*0.646,0.243 
   265  2:neutral  2:neutral       0.133,*0.598,0.269 
   266  2:neutral  2:neutral       0.07,*0.525,0.405 
   267  2:neutral 3:positive   +   0.138,0.249,*0.613 
   268  2:neutral  2:neutral       0.226,*0.624,0.15 
   269  2:neutral  2:neutral       0.244,*0.521,0.235 
   270  2:neutral 3:positive   +   0.173,0.369,*0.458 
   271  2:neutral 1:negative   +   *0.478,0.262,0.26 
   272  2:neutral 3:positive   +   0.102,0.119,*0.779 
   273  2:neutral  2:neutral       0.161,*0.646,0.193 
   274  2:neutral  2:neutral       0.038,*0.539,0.423 
   275  2:neutral 3:positive   +   0.314,0.154,*0.532 
   276  2:neutral  2:neutral       0.012,*0.863,0.124 
   277  2:neutral  2:neutral       0.01,*0.611,0.379 
   278  2:neutral  2:neutral       0.042,*0.813,0.145 
   279  2:neutral 1:negative   +   *0.506,0.28,0.214 
   280  2:neutral 3:positive   +   0.016,0.439,*0.544 
   281  2:neutral  2:neutral       0.112,*0.708,0.179 
   282  2:neutral  2:neutral       0.05,*0.804,0.146 
   283  2:neutral  2:neutral       0.278,*0.457,0.266 
   284  2:neutral  2:neutral       0.064,*0.577,0.359 
   285  2:neutral  2:neutral       0.013,*0.931,0.056 
   286  2:neutral 3:positive   +   0.076,0.352,*0.572 
   287  2:neutral  2:neutral       0.112,*0.699,0.189 
   288  2:neutral  2:neutral       0.042,*0.849,0.109 
   289  2:neutral 3:positive   +   0.096,0.413,*0.491 
   290  2:neutral  2:neutral       0.016,*0.503,0.481 
   291  2:neutral  2:neutral       0.128,*0.53,0.342 
   292  2:neutral 1:negative   +   *0.562,0.248,0.19 
   293  2:neutral 3:positive   +   0.016,0.432,*0.552 
   294  2:neutral  2:neutral       0.234,*0.406,0.36 
   295  2:neutral  2:neutral       0.165,*0.79,0.045 
   296  2:neutral  2:neutral       0.093,*0.654,0.253 
   297  2:neutral 3:positive   +   0.151,0.424,*0.425 
   298  2:neutral  2:neutral       0.139,*0.591,0.271 
   299  2:neutral  2:neutral       0.204,*0.68,0.116 
   300  2:neutral  2:neutral       0.025,*0.944,0.031 
   301  2:neutral  2:neutral       0.017,*0.657,0.326 
   302  2:neutral  2:neutral       0.059,*0.593,0.348 
   303  2:neutral 3:positive   +   0.111,0.203,*0.686 
   304  2:neutral 3:positive   +   0.119,0.26,*0.621 
   305  2:neutral  2:neutral       0.024,*0.657,0.318 
   306  2:neutral  2:neutral       0.098,*0.665,0.238 
   307  2:neutral  2:neutral       0.131,*0.685,0.184 
   308  2:neutral  2:neutral       0.163,*0.823,0.014 
   309  2:neutral 3:positive   +   0.065,0.332,*0.603 
   310  2:neutral  2:neutral       0.083,*0.877,0.041 
   311  2:neutral  2:neutral       0.203,*0.474,0.323 
   312  2:neutral  2:neutral       0.084,*0.649,0.267 
   313  2:neutral  2:neutral       0.083,*0.784,0.133 
   314  2:neutral  2:neutral       0.132,*0.686,0.182 
   315  2:neutral 3:positive   +   0.035,0.37,*0.595 
   316  2:neutral 3:positive   +   0.017,0.089,*0.894 
   317  2:neutral  2:neutral       0.085,*0.585,0.33 
   318  2:neutral  2:neutral       0.103,*0.629,0.268 
   319  2:neutral  2:neutral       0.095,*0.53,0.375 
   320  2:neutral  2:neutral       0.137,*0.671,0.192 
   321  2:neutral  2:neutral       0.116,*0.691,0.193 
   322  2:neutral  2:neutral       0.043,*0.862,0.095 
   323  2:neutral 3:positive   +   0.116,0.377,*0.507 
   324  2:neutral  2:neutral       0.113,*0.782,0.104 
   325  2:neutral  2:neutral       0.067,*0.615,0.317 
   326  2:neutral  2:neutral       0.076,*0.55,0.375 
   327  2:neutral 1:negative   +   *0.536,0.22,0.244 
   328  2:neutral 1:negative   +   *0.725,0.178,0.096 
   329  2:neutral  2:neutral       0.136,*0.734,0.13 
   330  2:neutral  2:neutral       0.042,*0.897,0.061 
   331  2:neutral 3:positive   +   0.053,0.456,*0.491 
   332  2:neutral  2:neutral       0.118,*0.656,0.227 
   333  2:neutral  2:neutral       0.013,*0.886,0.1 
   334  2:neutral 3:positive   +   0.315,0.327,*0.358 
   335  2:neutral  2:neutral       0.064,*0.494,0.442 
   336  2:neutral  2:neutral       0.119,*0.545,0.336 
   337  2:neutral  2:neutral       0.066,*0.835,0.1 
   338  2:neutral  2:neutral       0.077,*0.617,0.306 
   339  2:neutral  2:neutral       0.034,*0.794,0.172 
   340  2:neutral  2:neutral       0.241,*0.592,0.167 
   341  2:neutral  2:neutral       0.076,*0.786,0.138 
   342  2:neutral 3:positive   +   0.057,0.091,*0.853 
   343  2:neutral  2:neutral       0.076,*0.632,0.292 
   344  2:neutral  2:neutral       0.035,*0.555,0.41 
   345  2:neutral  2:neutral       0.045,*0.757,0.198 
   346  2:neutral  2:neutral       0.101,*0.485,0.414 
   347  2:neutral  2:neutral       0.1,*0.653,0.247 
   348  2:neutral 1:negative   +   *0.407,0.334,0.259 
   349  2:neutral  2:neutral       0.193,*0.587,0.219 
   350  2:neutral  2:neutral       0.058,*0.613,0.329 
   351  2:neutral  2:neutral       0.06,*0.644,0.296 
   352  2:neutral  2:neutral       0.072,*0.617,0.312 
   353  2:neutral  2:neutral       0.265,*0.535,0.199 
   354  2:neutral 1:negative   +   *0.858,0.054,0.088 
   355  2:neutral  2:neutral       0.1,*0.653,0.247 
   356  2:neutral 3:positive   +   0.141,0.406,*0.453 
   357  2:neutral 3:positive   +   0.043,0.415,*0.542 
   358  2:neutral  2:neutral       0.137,*0.611,0.251 
