Zero Weights processed. Default weights will be used
..
Warning: using -h 0 may be faster
*
optimization finished, #iter = 2078
C = 605.6570772312319
obj = 317489.49807059584, rho = -7.1147750027015855
nSV = 2473, nBSV = 1350
Total nSV = 2473
..
Warning: using -h 0 may be faster
*
optimization finished, #iter = 2064
C = 603.5413145045279
obj = 313929.4401035605, rho = -7.285436502344351
nSV = 2500, nBSV = 1349
Total nSV = 2500
..
Warning: using -h 0 may be faster
*
optimization finished, #iter = 2010
C = 600.3446235230571
obj = 305993.6250799392, rho = -3.887424389952541
nSV = 2452, nBSV = 1375
Total nSV = 2452
..
Warning: using -h 0 may be faster
*
optimization finished, #iter = 2099
C = 616.885824922708
obj = 320112.26611639047, rho = -13.001570555876937
nSV = 2479, nBSV = 1366
Total nSV = 2479
..
Warning: using -h 0 may be faster
*
optimization finished, #iter = 2060
C = 603.8140488077913
obj = 310520.281747473, rho = -1.2393163299053218
nSV = 2470, nBSV = 1390
Total nSV = 2470
..
Warning: using -h 0 may be faster
*.
Warning: using -h 0 may be faster
*
optimization finished, #iter = 2614
C = 583.2245368603136
obj = 350191.05754854274, rho = -8.427862437591292
nSV = 3016, nBSV = 1791
...
Warning: using -h 0 may be faster
*
optimization finished, #iter = 3810
C = 1895.9610120381037
obj = 1931476.4189676188, rho = 16.613719070833874
nSV = 4392, nBSV = 1815
Total nSV = 4392
...
Warning: using -h 0 may be faster
*
optimization finished, #iter = 3965
C = 1907.5873393583513
obj = 1899486.1391028003, rho = -101.70112535017395
nSV = 4389, nBSV = 1793
Total nSV = 4389
...
Warning: using -h 0 may be faster
*
optimization finished, #iter = 3923
C = 1796.192031833501
obj = 1793234.844337598, rho = -122.51024757396624
nSV = 4361, nBSV = 1814
Total nSV = 4361
....
Warning: using -h 0 may be faster
*
optimization finished, #iter = 4000
C = 1908.6178231055794
obj = 1907179.3848873258, rho = -115.57744837161457
nSV = 4411, nBSV = 1791
Total nSV = 4411
....
Warning: using -h 0 may be faster
*.
Warning: using -h 0 may be faster
*
optimization finished, #iter = 4245
C = 1778.843101423656
obj = 1738244.3582619955, rho = -113.97803173685386
nSV = 4444, nBSV = 1788
Total nSV = 4444
.
Warning: using -h 0 may be faster
...
Warning: using -h 0 may be faster
*
optimization finished, #iter = 4834
C = 1940.8042826967953
obj = 2301313.4810376433, rho = 23.518895574773378
nSV = 5330, nBSV = 2365
..
Warning: using -h 0 may be faster
*
optimization finished, #iter = 2289
C = 589.6529786052203
obj = 323868.0941070905, rho = -32.187899924860815
nSV = 2845, nBSV = 1610
Total nSV = 2845
..
Warning: using -h 0 may be faster
*
optimization finished, #iter = 2379
C = 620.0123503003872
obj = 342531.5942726794, rho = -29.778209390958647
nSV = 2894, nBSV = 1581
Total nSV = 2894
..
Warning: using -h 0 may be faster
*
optimization finished, #iter = 2523
C = 702.9322977205427
obj = 407684.42870631535, rho = -33.64492051607532
nSV = 2942, nBSV = 1537
Total nSV = 2942
..
Warning: using -h 0 may be faster
*
optimization finished, #iter = 2402
C = 658.9142199013647
obj = 372284.9915869623, rho = -28.462894876338222
nSV = 2912, nBSV = 1560
Total nSV = 2912
..
Warning: using -h 0 may be faster
*
optimization finished, #iter = 2350
C = 596.1048621380986
obj = 320742.62538352294, rho = -27.786202546980462
nSV = 2872, nBSV = 1597
Total nSV = 2872
.
Warning: using -h 0 may be faster
.
Warning: using -h 0 may be faster
*
optimization finished, #iter = 2894
C = 614.8264478814156
obj = 391971.87256040226, rho = 17.42206271056594
nSV = 3507, nBSV = 2040
Total nSV = 8114
.
Warning: using -h 0 may be faster
*
optimization finished, #iter = 1751
C = 632.8737330715284
obj = 281711.40103244013, rho = 2.2751112341625297
nSV = 2041, nBSV = 1042
Total nSV = 2041
.
Warning: using -h 0 may be faster
*
optimization finished, #iter = 1676
C = 618.7765827771665
obj = 276751.0915784318, rho = 2.8390554901136835
nSV = 2027, nBSV = 1064
Total nSV = 2027
.
Warning: using -h 0 may be faster
*
optimization finished, #iter = 1685
C = 622.190153671746
obj = 273397.2443933781, rho = 4.359841264392528
nSV = 2026, nBSV = 1045
Total nSV = 2026
.
Warning: using -h 0 may be faster
*
optimization finished, #iter = 1681
C = 661.661556680578
obj = 298378.47614090407, rho = 4.062624103177867
nSV = 2039, nBSV = 1055
Total nSV = 2039
.
Warning: using -h 0 may be faster
*
optimization finished, #iter = 1686
C = 673.324370410557
obj = 309687.975290474, rho = 9.627605364176297
nSV = 2065, nBSV = 1048
Total nSV = 2065
..
Warning: using -h 0 may be faster
*
optimization finished, #iter = 2091
C = 612.1888372883105
obj = 317312.18433168676, rho = 1.8909921465893398
nSV = 2470, nBSV = 1359
...
Warning: using -h 0 may be faster
*
optimization finished, #iter = 3194
C = 1677.447459001848
obj = 1406746.8776303155, rho = -92.4562344275829
nSV = 3601, nBSV = 1372
Total nSV = 3601
...
Warning: using -h 0 may be faster
*
optimization finished, #iter = 3112
C = 1708.0874442496686
obj = 1450852.3496859884, rho = -106.0093182144808
nSV = 3585, nBSV = 1410
Total nSV = 3585
...
Warning: using -h 0 may be faster
*
optimization finished, #iter = 3247
C = 1763.5501370876075
obj = 1512573.5721531697, rho = -101.05460349492172
nSV = 3612, nBSV = 1363
Total nSV = 3612
...
Warning: using -h 0 may be faster
*
optimization finished, #iter = 3084
C = 1778.113411197763
obj = 1528623.0721069816, rho = -116.85969575393264
nSV = 3572, nBSV = 1389
Total nSV = 3572
...
Warning: using -h 0 may be faster
*
optimization finished, #iter = 3030
C = 1735.7657806837087
obj = 1466621.5370886067, rho = -108.03176953439319
nSV = 3572, nBSV = 1403
Total nSV = 3572
...
Warning: using -h 0 may be faster
*
optimization finished, #iter = 3937
C = 1800.9163844237964
obj = 1779105.6139928822, rho = 41.96626293965244
nSV = 4401, nBSV = 1819
.
Warning: using -h 0 may be faster
*
optimization finished, #iter = 1927
C = 652.3025598558463
obj = 318431.4375204598, rho = -27.549945042969743
nSV = 2370, nBSV = 1202
Total nSV = 2370
..
Warning: using -h 0 may be faster
*
optimization finished, #iter = 2016
C = 633.5374741478255
obj = 299463.523435623, rho = -25.961382308741605
nSV = 2372, nBSV = 1229
Total nSV = 2372
..
Warning: using -h 0 may be faster
*
optimization finished, #iter = 2063
C = 686.5024336456509
obj = 331614.02631264064, rho = -32.81615284602067
nSV = 2412, nBSV = 1199
Total nSV = 2412
.
Warning: using -h 0 may be faster
*
optimization finished, #iter = 1925
C = 609.8177430833816
obj = 287285.9887477395, rho = -33.76859252029345
nSV = 2367, nBSV = 1226
Total nSV = 2367
.
Warning: using -h 0 may be faster
*
optimization finished, #iter = 1945
C = 611.6031516308657
obj = 285982.1591174237, rho = -26.03043864090206
nSV = 2375, nBSV = 1234
Total nSV = 2375
..
Warning: using -h 0 may be faster
*
optimization finished, #iter = 2301
C = 633.7075372783981
obj = 357707.27218050434, rho = 15.022701041713324
nSV = 2860, nBSV = 1580
Total nSV = 6604
.
Warning: using -h 0 may be faster
*
optimization finished, #iter = 1655
C = 642.0094761047167
obj = 281791.8621425984, rho = -4.00964832628364
nSV = 2031, nBSV = 1061
Total nSV = 2031
.
Warning: using -h 0 may be faster
*
optimization finished, #iter = 1709
C = 638.7544962800225
obj = 282439.3213035009, rho = -7.457085680677097
nSV = 2027, nBSV = 1052
Total nSV = 2027
.
Warning: using -h 0 may be faster
*
optimization finished, #iter = 1713
C = 570.5198273913627
obj = 240045.53763430193, rho = -1.3031121727789552
nSV = 2002, nBSV = 1071
Total nSV = 2002
.
Warning: using -h 0 may be faster
*
optimization finished, #iter = 1757
C = 623.7519800757043
obj = 273675.1242247334, rho = 0.9415242107684372
nSV = 2057, nBSV = 1049
Total nSV = 2057
.
Warning: using -h 0 may be faster
*
optimization finished, #iter = 1734
C = 641.8762983775764
obj = 277773.98664734146, rho = -6.85200577840318
nSV = 2057, nBSV = 1042
Total nSV = 2057
..
Warning: using -h 0 may be faster
*
optimization finished, #iter = 2166
C = 602.4320085061006
obj = 305706.2453242425, rho = -3.9867540471532283
nSV = 2484, nBSV = 1357
...
Warning: using -h 0 may be faster
*
optimization finished, #iter = 3270
C = 1679.2891731584841
obj = 1361207.0722024331, rho = -85.34116789263476
nSV = 3649, nBSV = 1391
Total nSV = 3649
...
Warning: using -h 0 may be faster
*
optimization finished, #iter = 3158
C = 1774.018294490069
obj = 1501327.6756608947, rho = 26.299877194887415
nSV = 3617, nBSV = 1369
Total nSV = 3617
...
Warning: using -h 0 may be faster
*
optimization finished, #iter = 3118
C = 1686.8365212876329
obj = 1395629.0648939277, rho = 37.44454761333241
nSV = 3567, nBSV = 1395
Total nSV = 3567
...
Warning: using -h 0 may be faster
*
optimization finished, #iter = 3213
C = 1678.2042913814628
obj = 1393431.429758918, rho = 11.82040853646898
nSV = 3598, nBSV = 1369
Total nSV = 3598
...
Warning: using -h 0 may be faster
*
optimization finished, #iter = 3064
C = 1686.3079444968955
obj = 1376177.789112524, rho = 24.14618177458051
nSV = 3535, nBSV = 1432
Total nSV = 3535
...
Warning: using -h 0 may be faster
*.
Warning: using -h 0 may be faster
*
optimization finished, #iter = 3891
C = 1783.5423853355583
obj = 1746596.6108763472, rho = 19.166215679454986
nSV = 4372, nBSV = 1816
.
Warning: using -h 0 may be faster
*
optimization finished, #iter = 1797
C = 570.094603835747
obj = 253986.3472660097, rho = -32.086268638548525
nSV = 2326, nBSV = 1279
Total nSV = 2326
.
Warning: using -h 0 may be faster
*
optimization finished, #iter = 1866
C = 667.1160400646496
obj = 317650.36445369176, rho = -26.433615866585257
nSV = 2392, nBSV = 1210
Total nSV = 2392
.
Warning: using -h 0 may be faster
*
optimization finished, #iter = 1864
C = 646.9740658521689
obj = 309320.1189320036, rho = -36.10823198754988
nSV = 2377, nBSV = 1213
Total nSV = 2377
.
Warning: using -h 0 may be faster
*
optimization finished, #iter = 1819
C = 613.2857761585587
obj = 280835.26936666906, rho = -27.57660930825425
nSV = 2370, nBSV = 1233
Total nSV = 2370
.
Warning: using -h 0 may be faster
*
optimization finished, #iter = 1921
C = 619.0599347847151
obj = 284409.4426647202, rho = -25.428298334426902
nSV = 2361, nBSV = 1242
Total nSV = 2361
..
Warning: using -h 0 may be faster
*
optimization finished, #iter = 2233
C = 597.9538634446993
obj = 318070.9823670019, rho = 16.008468574877863
nSV = 2858, nBSV = 1606
Total nSV = 6607
...
Warning: using -h 0 may be faster
*
optimization finished, #iter = 3316
C = 1788.476659046932
obj = 1495718.7724592017, rho = -97.63490427674436
nSV = 3608, nBSV = 1389
Total nSV = 3608
...
Warning: using -h 0 may be faster
*
optimization finished, #iter = 3144
C = 1873.7887426968352
obj = 1622228.072675935, rho = -96.89182223159979
nSV = 3606, nBSV = 1334
Total nSV = 3606
...
Warning: using -h 0 may be faster
*
optimization finished, #iter = 3278
C = 1809.164153061837
obj = 1545871.5604255507, rho = -90.14068187089336
nSV = 3635, nBSV = 1343
Total nSV = 3635
...
Warning: using -h 0 may be faster
*
optimization finished, #iter = 3451
C = 1798.9817657142655
obj = 1501724.155886281, rho = -78.8368803204718
nSV = 3719, nBSV = 1323
Total nSV = 3719
...
Warning: using -h 0 may be faster
*
optimization finished, #iter = 3169
C = 1784.1180596941438
obj = 1491990.4600228814, rho = -93.95545827819119
nSV = 3610, nBSV = 1359
Total nSV = 3610
...
Warning: using -h 0 may be faster
*
optimization finished, #iter = 3970
C = 1897.7418133268527
obj = 1920690.4620176903, rho = -121.7646624905867
nSV = 4432, nBSV = 1790
..
Warning: using -h 0 may be faster
*
optimization finished, #iter = 2005
C = 705.51886711738
obj = 342302.4963053982, rho = -40.26869670087648
nSV = 2444, nBSV = 1188
Total nSV = 2444
.
Warning: using -h 0 may be faster
*
optimization finished, #iter = 1971
C = 685.2788410214241
obj = 333278.87435358844, rho = -28.58347089807535
nSV = 2402, nBSV = 1198
Total nSV = 2402
.
Warning: using -h 0 may be faster
*
optimization finished, #iter = 1969
C = 738.9104094042003
obj = 368309.82726848224, rho = -23.975033620891
nSV = 2410, nBSV = 1188
Total nSV = 2410
.
Warning: using -h 0 may be faster
*
optimization finished, #iter = 1919
C = 647.2669798486702
obj = 305748.34966480365, rho = -31.31614065388561
nSV = 2370, nBSV = 1221
Total nSV = 2370
.
Warning: using -h 0 may be faster
*
optimization finished, #iter = 1995
C = 690.4057613926373
obj = 330809.09156095225, rho = -26.239222435412053
nSV = 2395, nBSV = 1217
Total nSV = 2395
..
Warning: using -h 0 may be faster
*
optimization finished, #iter = 2343
C = 687.4157957109451
obj = 387690.46987144137, rho = -33.78830508843202
nSV = 2927, nBSV = 1560
.
Warning: using -h 0 may be faster
*
optimization finished, #iter = 1687
C = 629.8602930523258
obj = 276858.5366243926, rho = -1.0063301114229095
nSV = 2035, nBSV = 1053
Total nSV = 2035
.
Warning: using -h 0 may be faster
*
optimization finished, #iter = 1691
C = 622.0088736969433
obj = 271750.9451499303, rho = -1.189561827371734
nSV = 2033, nBSV = 1046
Total nSV = 2033
.
Warning: using -h 0 may be faster
*
optimization finished, #iter = 1696
C = 620.4431702168979
obj = 269956.02931918355, rho = -16.108357269589956
nSV = 2021, nBSV = 1061
Total nSV = 2021
.
Warning: using -h 0 may be faster
*
optimization finished, #iter = 1672
C = 650.963458338128
obj = 288334.48069806, rho = -5.034202196160738
nSV = 2037, nBSV = 1062
Total nSV = 2037
.
Warning: using -h 0 may be faster
*
optimization finished, #iter = 1629
C = 577.6388130338746
obj = 246252.8292044744, rho = -11.501081041523378
nSV = 1985, nBSV = 1089
Total nSV = 1985
..
Warning: using -h 0 may be faster
*
optimization finished, #iter = 2048
C = 595.935253112067
obj = 304119.33285350096, rho = -5.6149796468601645
nSV = 2466, nBSV = 1372
Total nSV = 6657
.
Warning: using -h 0 may be faster
*
optimization finished, #iter = 1660
C = 620.0309669112034
obj = 271044.4216566247, rho = -5.14971362972038
nSV = 2019, nBSV = 1079
Total nSV = 2019
.
Warning: using -h 0 may be faster
*
optimization finished, #iter = 1692
C = 670.2892488358902
obj = 301505.20031031145, rho = -11.518141929881804
nSV = 2042, nBSV = 1038
Total nSV = 2042
.
Warning: using -h 0 may be faster
*
optimization finished, #iter = 1598
C = 635.793656729154
obj = 282070.90823902906, rho = -2.9685763088520023
nSV = 2028, nBSV = 1054
Total nSV = 2028
.
Warning: using -h 0 may be faster
*
optimization finished, #iter = 1575
C = 666.9948844750305
obj = 304821.8463586698, rho = -16.308991429446582
nSV = 2025, nBSV = 1042
Total nSV = 2025
.
Warning: using -h 0 may be faster
*
optimization finished, #iter = 1627
C = 666.2403928613206
obj = 301152.40463661164, rho = -6.50526574737741
nSV = 2033, nBSV = 1052
Total nSV = 2033
..
Warning: using -h 0 may be faster
*
optimization finished, #iter = 2134
C = 639.1025346236282
obj = 338066.11126589426, rho = -13.993188560333333
nSV = 2487, nBSV = 1352
.
Warning: using -h 0 may be faster
*
optimization finished, #iter = 1946
C = 656.7642980504324
obj = 318893.9089114295, rho = -23.955194456400356
nSV = 2372, nBSV = 1219
Total nSV = 2372
.
Warning: using -h 0 may be faster
*
optimization finished, #iter = 1834
C = 626.758014008178
obj = 287546.66303826415, rho = 22.473035847469106
nSV = 2330, nBSV = 1243
Total nSV = 2330
.
Warning: using -h 0 may be faster
*
optimization finished, #iter = 1893
C = 634.2736940930967
obj = 301584.5172442956, rho = 5.204270640867365
nSV = 2366, nBSV = 1222
Total nSV = 2366
.
Warning: using -h 0 may be faster
*
optimization finished, #iter = 1792
C = 578.2795881448204
obj = 263661.99595331785, rho = 10.379672725812773
nSV = 2306, nBSV = 1258
Total nSV = 2306
.
Warning: using -h 0 may be faster
*
optimization finished, #iter = 1870
C = 649.8605749963921
obj = 313524.9828034749, rho = 10.197866096475108
nSV = 2383, nBSV = 1232
Total nSV = 2383
..
Warning: using -h 0 may be faster
*
optimization finished, #iter = 2306
C = 623.6472089971735
obj = 344941.5145911059, rho = 14.259335514881982
nSV = 2895, nBSV = 1580
...
Warning: using -h 0 may be faster
*
optimization finished, #iter = 3271
C = 1790.741526398928
obj = 1512860.1606997713, rho = -106.73801605170574
nSV = 3650, nBSV = 1349
Total nSV = 3650
...
Warning: using -h 0 may be faster
*
optimization finished, #iter = 3103
C = 1656.2552194807204
obj = 1360570.2879716381, rho = 10.343041492829622
nSV = 3582, nBSV = 1406
Total nSV = 3582
...
Warning: using -h 0 may be faster
*
optimization finished, #iter = 3164
C = 1712.3715870956407
obj = 1429528.610806999, rho = 25.652866329979286
nSV = 3552, nBSV = 1414
Total nSV = 3552
...
Warning: using -h 0 may be faster
*
optimization finished, #iter = 3151
C = 1719.2279227748063
obj = 1404059.2896104604, rho = 22.974772023615454
nSV = 3579, nBSV = 1395
Total nSV = 3579
...
Warning: using -h 0 may be faster
*
optimization finished, #iter = 3129
C = 1659.4154375862795
obj = 1365590.6730744864, rho = 8.699191606952999
nSV = 3578, nBSV = 1401
Total nSV = 3578
...
Warning: using -h 0 may be faster
*
optimization finished, #iter = 3954
C = 1771.3630732303757
obj = 1731959.8076606253, rho = 20.997747028972213
nSV = 4378, nBSV = 1791
Total nSV = 6583
.
Warning: using -h 0 may be faster
*
optimization finished, #iter = 1763
C = 592.7927909549256
obj = 273726.9076245933, rho = -21.246335452806843
nSV = 2335, nBSV = 1280
Total nSV = 2335
.
Warning: using -h 0 may be faster
*
optimization finished, #iter = 1813
C = 600.4363923680341
obj = 275576.19220152794, rho = -29.975680156056665
nSV = 2342, nBSV = 1257
Total nSV = 2342
.
Warning: using -h 0 may be faster
*
optimization finished, #iter = 1871
C = 575.1070386991771
obj = 254829.73186244053, rho = -21.03966475849822
nSV = 2333, nBSV = 1254
Total nSV = 2333
.
Warning: using -h 0 may be faster
*
optimization finished, #iter = 1990
C = 635.4797151457983
obj = 298656.2908349659, rho = -29.72785906669792
nSV = 2401, nBSV = 1223
Total nSV = 2401
.
Warning: using -h 0 may be faster
*
optimization finished, #iter = 1853
C = 653.5065327773781
obj = 310143.13491644844, rho = -23.650210393366034
nSV = 2393, nBSV = 1228
Total nSV = 2393
..
Warning: using -h 0 may be faster
*
optimization finished, #iter = 2261
C = 587.9740940169861
obj = 312568.6558692774, rho = 10.946657394197434
nSV = 2873, nBSV = 1596
.
Warning: using -h 0 may be faster
*
optimization finished, #iter = 1717
C = 643.3080160156163
obj = 279792.37636617775, rho = -7.601803504125884
nSV = 2042, nBSV = 1073
Total nSV = 2042
.
Warning: using -h 0 may be faster
*
optimization finished, #iter = 1651
C = 633.1313485161019
obj = 284400.8148166498, rho = -4.679622835062251
nSV = 2022, nBSV = 1067
Total nSV = 2022
.
Warning: using -h 0 may be faster
*
optimization finished, #iter = 1611
C = 564.6919940178614
obj = 239908.64307300583, rho = -4.684325373707499
nSV = 1991, nBSV = 1069
Total nSV = 1991
.
Warning: using -h 0 may be faster
*
optimization finished, #iter = 1798
C = 652.2143913307774
obj = 296054.99255077715, rho = -10.859645809687986
nSV = 2048, nBSV = 1039
Total nSV = 2048
.
Warning: using -h 0 may be faster
*
optimization finished, #iter = 1709
C = 638.2253188952491
obj = 279856.8290531933, rho = -15.641321686637273
nSV = 2031, nBSV = 1043
Total nSV = 2031
..
Warning: using -h 0 may be faster
*
optimization finished, #iter = 2054
C = 607.8070372686096
obj = 315650.29462630133, rho = -5.009431932809611
nSV = 2487, nBSV = 1372
...
Warning: using -h 0 may be faster
*
optimization finished, #iter = 3227
C = 1736.239837312206
obj = 1460191.6074552918, rho = -98.71463503534045
nSV = 3600, nBSV = 1360
Total nSV = 3600
...
Warning: using -h 0 may be faster
*
optimization finished, #iter = 3213
C = 1701.022876604796
obj = 1372862.4075542674, rho = -0.07243985774035228
nSV = 3548, nBSV = 1395
Total nSV = 3548
...
Warning: using -h 0 may be faster
*
optimization finished, #iter = 3184
C = 1901.0158472474018
obj = 1642909.8885850732, rho = 20.16644095921077
nSV = 3587, nBSV = 1323
Total nSV = 3587
...
Warning: using -h 0 may be faster
*
optimization finished, #iter = 3101
C = 1747.4708229888965
obj = 1434490.5060396264, rho = -2.279109245987984
nSV = 3554, nBSV = 1390
Total nSV = 3554
...
Warning: using -h 0 may be faster
*
optimization finished, #iter = 3203
C = 1830.525573553302
obj = 1562553.2638350027, rho = 22.32235581318351
nSV = 3608, nBSV = 1366
Total nSV = 3608
...
Warning: using -h 0 may be faster
*
optimization finished, #iter = 3946
C = 1879.982231318929
obj = 1887095.2173692847, rho = -114.22697281077991
nSV = 4395, nBSV = 1793
Total nSV = 6620


=== Predictions under cross-validation ===

 inst#     actual  predicted error distribution
     1  2:neutral  2:neutral       0.33,*0.49,0.18 
     2  2:neutral  2:neutral       0.034,*0.72,0.246 
     3  2:neutral 3:positive   +   0.103,0.252,*0.645 
     4  2:neutral  2:neutral       0.07,*0.629,0.301 
     5  2:neutral  2:neutral       0.06,*0.651,0.29 
     6  2:neutral  2:neutral       0.465,*0.499,0.035 
     7  2:neutral 3:positive   +   0.04,0.325,*0.636 
     8  2:neutral  2:neutral       0.07,*0.843,0.087 
     9  2:neutral  2:neutral       0.096,*0.601,0.303 
    10  2:neutral 1:negative   +   *0.78,0.116,0.104 
    11  2:neutral  2:neutral       0.017,*0.492,0.491 
    12  2:neutral  2:neutral       0.051,*0.835,0.114 
    13  2:neutral  2:neutral       0.04,*0.748,0.212 
    14  2:neutral  2:neutral       0.018,*0.649,0.334 
    15  2:neutral  2:neutral       0.399,*0.429,0.172 
    16  2:neutral  2:neutral       0.029,*0.766,0.205 
    17  2:neutral 1:negative   +   *0.379,0.324,0.297 
    18  2:neutral  2:neutral       0.278,*0.438,0.284 
    19  2:neutral  2:neutral       0.103,*0.735,0.163 
    20  2:neutral  2:neutral       0.019,*0.956,0.026 
    21  2:neutral 1:negative   +   *0.599,0.146,0.255 
    22  2:neutral  2:neutral       0.082,*0.61,0.308 
    23  2:neutral  2:neutral       0.089,*0.677,0.234 
    24  2:neutral  2:neutral       0.085,*0.76,0.155 
    25  2:neutral  2:neutral       0.044,*0.668,0.288 
    26  2:neutral 3:positive   +   0.09,0.184,*0.725 
    27  2:neutral  2:neutral       0.039,*0.878,0.083 
    28  2:neutral 1:negative   +   *0.489,0.367,0.145 
    29  2:neutral  2:neutral       0.015,*0.674,0.311 
    30  2:neutral 3:positive   +   0.027,0.324,*0.649 
    31  2:neutral  2:neutral       0.294,*0.603,0.104 
    32  2:neutral 1:negative   +   *0.952,0.037,0.011 
    33  2:neutral  2:neutral       0.018,*0.877,0.105 
    34  2:neutral  2:neutral       0.039,*0.806,0.155 
    35  2:neutral  2:neutral       0.09,*0.802,0.108 
    36  2:neutral  2:neutral       0.018,*0.712,0.27 
    37  2:neutral  2:neutral       0.099,*0.747,0.153 
    38  2:neutral  2:neutral       0.112,*0.734,0.154 
    39  2:neutral  2:neutral       0.067,*0.762,0.172 
    40  2:neutral  2:neutral       0.057,*0.737,0.206 
    41  2:neutral  2:neutral       0.057,*0.816,0.128 
    42  2:neutral  2:neutral       0.097,*0.679,0.224 
    43  2:neutral 3:positive   +   0.184,0.165,*0.65 
    44  2:neutral 3:positive   +   0.07,0.335,*0.595 
    45  2:neutral  2:neutral       0.094,*0.728,0.178 
    46  2:neutral  2:neutral       0.021,*0.559,0.42 
    47  2:neutral  2:neutral       0.054,*0.6,0.346 
    48  2:neutral  2:neutral       0.083,*0.628,0.29 
    49  2:neutral  2:neutral       0.035,*0.904,0.061 
    50  2:neutral  2:neutral       0.045,*0.804,0.15 
    51  2:neutral  2:neutral       0.163,*0.788,0.049 
    52  2:neutral  2:neutral       0.285,*0.464,0.251 
    53  2:neutral 3:positive   +   0.087,0.424,*0.489 
    54  2:neutral  2:neutral       0.121,*0.552,0.327 
    55  2:neutral  2:neutral       0.043,*0.842,0.115 
    56  2:neutral  2:neutral       0.041,*0.939,0.02 
    57  2:neutral  2:neutral       0.216,*0.446,0.338 
    58  2:neutral  2:neutral       0.076,*0.497,0.427 
    59  2:neutral  2:neutral       0.073,*0.658,0.269 
    60  2:neutral  2:neutral       0.036,*0.547,0.417 
    61  2:neutral  2:neutral       0.309,*0.544,0.146 
    62  2:neutral  2:neutral       0.131,*0.653,0.216 
    63  2:neutral  2:neutral       0.035,*0.732,0.234 
    64  2:neutral  2:neutral       0.048,*0.546,0.406 
    65  2:neutral  2:neutral       0.237,*0.652,0.111 
    66  2:neutral 3:positive   +   0.082,0.304,*0.614 
    67  2:neutral 3:positive   +   0.035,0.435,*0.53 
    68  2:neutral  2:neutral       0.298,*0.422,0.281 
    69  2:neutral 3:positive   +   0.039,0.252,*0.71 
    70  2:neutral 3:positive   +   0.098,0.284,*0.618 
    71  2:neutral  2:neutral       0.199,*0.645,0.156 
    72  2:neutral 3:positive   +   0.044,0.099,*0.857 
    73  2:neutral  2:neutral       0.158,*0.535,0.307 
    74  2:neutral 3:positive   +   0.14,0.375,*0.485 
    75  2:neutral  2:neutral       0.09,*0.777,0.133 
    76  2:neutral  2:neutral       0.11,*0.705,0.185 
    77  2:neutral  2:neutral       0.098,*0.725,0.177 
    78  2:neutral  2:neutral       0.113,*0.627,0.26 
    79  2:neutral  2:neutral       0.304,*0.561,0.135 
    80  2:neutral  2:neutral       0.042,*0.821,0.137 
    81  2:neutral 3:positive   +   0.345,0.305,*0.35 
    82  2:neutral  2:neutral       0.082,*0.855,0.063 
    83  2:neutral 3:positive   +   0.208,0.192,*0.6 
    84  2:neutral 3:positive   +   0.026,0.24,*0.734 
    85  2:neutral 1:negative   +   *0.444,0.353,0.203 
    86  2:neutral  2:neutral       0.059,*0.841,0.1 
    87  2:neutral  2:neutral       0.011,*0.495,0.494 
    88  2:neutral  2:neutral       0.024,*0.66,0.316 
    89  2:neutral 1:negative   +   *0.61,0.196,0.193 
    90  2:neutral  2:neutral       0.021,*0.697,0.282 
    91  2:neutral  2:neutral       0.118,*0.72,0.162 
    92  2:neutral  2:neutral       0.13,*0.688,0.182 
    93  2:neutral  2:neutral       0.082,*0.589,0.329 
    94  2:neutral  2:neutral       0.074,*0.57,0.357 
    95  2:neutral  2:neutral       0.046,*0.509,0.445 
    96  2:neutral  2:neutral       0.241,*0.677,0.082 
    97  2:neutral  2:neutral       0.078,*0.783,0.139 
    98  2:neutral 3:positive   +   0.051,0.398,*0.551 
    99  2:neutral  2:neutral       0.056,*0.724,0.219 
   100  2:neutral  2:neutral       0.065,*0.711,0.223 
   101  2:neutral  2:neutral       0.154,*0.512,0.335 
   102  2:neutral 3:positive   +   0.056,0.334,*0.61 
   103  2:neutral  2:neutral       0.059,*0.734,0.207 
   104  2:neutral  2:neutral       0.225,*0.514,0.261 
   105  2:neutral  2:neutral       0.055,*0.642,0.303 
   106  2:neutral 3:positive   +   0.237,0.249,*0.514 
   107  2:neutral  2:neutral       0.089,*0.677,0.234 
   108  2:neutral  2:neutral       0.041,*0.776,0.183 
   109  2:neutral  2:neutral       0.018,*0.769,0.213 
   110  2:neutral  2:neutral       0.093,*0.755,0.152 
   111  2:neutral  2:neutral       0.065,*0.683,0.252 
   112  2:neutral  2:neutral       0.019,*0.832,0.148 
   113  2:neutral  2:neutral       0.03,*0.727,0.243 
   114  2:neutral 3:positive   +   0.085,0.332,*0.583 
   115  2:neutral  2:neutral       0.069,*0.687,0.245 
   116  2:neutral  2:neutral       0.105,*0.674,0.221 
   117  2:neutral  2:neutral       0.02,*0.951,0.029 
   118  2:neutral  2:neutral       0.103,*0.449,0.448 
   119  2:neutral  2:neutral       0.047,*0.824,0.129 
   120  2:neutral 3:positive   +   0.049,0.212,*0.739 
   121  2:neutral  2:neutral       0.077,*0.659,0.263 
   122  2:neutral 3:positive   +   0.166,0.18,*0.655 
   123  2:neutral  2:neutral       0.103,*0.825,0.072 
   124  2:neutral  2:neutral       0.095,*0.783,0.121 
   125  2:neutral  2:neutral       0.317,*0.587,0.096 
   126  2:neutral  2:neutral       0.054,*0.733,0.212 
   127  2:neutral  2:neutral       0.048,*0.836,0.116 
   128  2:neutral 3:positive   +   0.041,0.303,*0.656 
   129  2:neutral  2:neutral       0.198,*0.573,0.229 
   130  2:neutral  2:neutral       0.044,*0.773,0.183 
   131  2:neutral  2:neutral       0.364,*0.423,0.212 
   132  2:neutral  2:neutral       0.076,*0.69,0.234 
   133  2:neutral  2:neutral       0.055,*0.647,0.297 
   134  2:neutral  2:neutral       0.035,*0.871,0.094 
   135  2:neutral  2:neutral       0.031,*0.821,0.149 
   136  2:neutral  2:neutral       0.01,*0.837,0.153 
   137  2:neutral  2:neutral       0.078,*0.712,0.21 
   138  2:neutral  2:neutral       0.031,*0.549,0.42 
   139  2:neutral  2:neutral       0.314,*0.485,0.201 
   140  2:neutral  2:neutral       0.227,*0.653,0.119 
   141  2:neutral  2:neutral       0.045,*0.689,0.266 
   142  2:neutral  2:neutral       0.165,*0.679,0.157 
   143  2:neutral  2:neutral       0.287,*0.465,0.248 
   144  2:neutral  2:neutral       0.19,*0.615,0.195 
   145  2:neutral 3:positive   +   0.258,0.287,*0.455 
   146  2:neutral  2:neutral       0.273,*0.629,0.097 
   147  2:neutral  2:neutral       0.021,*0.736,0.244 
   148  2:neutral  2:neutral       0.083,*0.755,0.162 
   149  2:neutral 3:positive   +   0.138,0.386,*0.476 
   150  2:neutral  2:neutral       0.079,*0.838,0.082 
   151  2:neutral  2:neutral       0.052,*0.588,0.361 
   152  2:neutral  2:neutral       0.038,*0.882,0.079 
   153  2:neutral  2:neutral       0.045,*0.824,0.131 
   154  2:neutral  2:neutral       0.128,*0.649,0.223 
   155  2:neutral 3:positive   +   0.019,0.357,*0.625 
   156  2:neutral 3:positive   +   0.052,0.303,*0.646 
   157  2:neutral  2:neutral       0.022,*0.609,0.368 
   158  2:neutral  2:neutral       0.067,*0.822,0.111 
   159  2:neutral  2:neutral       0.136,*0.826,0.039 
   160  2:neutral  2:neutral       0.008,*0.792,0.199 
   161  2:neutral  2:neutral       0.233,*0.466,0.3 
   162  2:neutral  2:neutral       0.024,*0.773,0.203 
   163  2:neutral  2:neutral       0.018,*0.716,0.266 
   164  2:neutral  2:neutral       0.136,*0.621,0.244 
   165  2:neutral  2:neutral       0.055,*0.831,0.114 
   166  2:neutral  2:neutral       0.058,*0.795,0.147 
   167  2:neutral  2:neutral       0.06,*0.714,0.226 
   168  2:neutral  2:neutral       0.068,*0.817,0.115 
   169  2:neutral  2:neutral       0.152,*0.633,0.215 
   170  2:neutral  2:neutral       0.049,*0.861,0.09 
   171  2:neutral  2:neutral       0.05,*0.679,0.271 
   172  2:neutral  2:neutral       0.152,*0.722,0.126 
   173  2:neutral 1:negative   +   *0.76,0.174,0.065 
   174  2:neutral  2:neutral       0.104,*0.617,0.28 
   175  2:neutral  2:neutral       0.069,*0.778,0.153 
   176  2:neutral  2:neutral       0.13,*0.654,0.216 
   177  2:neutral  2:neutral       0.028,*0.848,0.124 
   178  2:neutral  2:neutral       0.184,*0.611,0.205 
   179  2:neutral  2:neutral       0.07,*0.642,0.288 
   180  2:neutral  2:neutral       0.051,*0.784,0.165 
   181  2:neutral  2:neutral       0.049,*0.802,0.149 
   182  2:neutral  2:neutral       0.402,*0.466,0.132 
   183  2:neutral  2:neutral       0.066,*0.714,0.22 
   184  2:neutral 3:positive   +   0.055,0.383,*0.562 
   185  2:neutral  2:neutral       0.06,*0.686,0.254 
   186  2:neutral  2:neutral       0.017,*0.706,0.277 
   187  2:neutral  2:neutral       0.057,*0.508,0.435 
   188  2:neutral 3:positive   +   0.066,0.376,*0.558 
   189  2:neutral 1:negative   +   *0.718,0.221,0.061 
   190  2:neutral  2:neutral       0.203,*0.696,0.102 
   191  2:neutral  2:neutral       0.165,*0.726,0.108 
   192  2:neutral  2:neutral       0.072,*0.628,0.3 
   193  2:neutral  2:neutral       0.014,*0.547,0.439 
   194  2:neutral  2:neutral       0.074,*0.858,0.069 
   195  2:neutral 3:positive   +   0.143,0.391,*0.466 
   196  2:neutral  2:neutral       0.126,*0.753,0.121 
   197  2:neutral  2:neutral       0.103,*0.752,0.145 
   198  2:neutral 1:negative   +   *0.492,0.386,0.122 
   199  2:neutral 3:positive   +   0.099,0.232,*0.668 
   200  2:neutral  2:neutral       0.09,*0.578,0.332 
   201  2:neutral  2:neutral       0.013,*0.853,0.134 
   202  2:neutral  2:neutral       0.085,*0.714,0.201 
   203  2:neutral  2:neutral       0.046,*0.539,0.414 
   204  2:neutral  2:neutral       0.024,*0.943,0.033 
   205  2:neutral  2:neutral       0.021,*0.72,0.259 
   206  2:neutral  2:neutral       0.393,*0.395,0.212 
   207  2:neutral  2:neutral       0.102,*0.593,0.305 
   208  2:neutral  2:neutral       0.036,*0.884,0.08 
   209  2:neutral  2:neutral       0.048,*0.812,0.141 
   210  2:neutral 1:negative   +   *0.349,0.318,0.332 
   211  2:neutral  2:neutral       0.037,*0.671,0.292 
   212  2:neutral  2:neutral       0.037,*0.793,0.17 
   213  2:neutral  2:neutral       0.087,*0.796,0.118 
   214  2:neutral  2:neutral       0.128,*0.755,0.118 
   215  2:neutral  2:neutral       0.088,*0.681,0.231 
   216  2:neutral  2:neutral       0.049,*0.587,0.364 
   217  2:neutral  2:neutral       0.057,*0.837,0.106 
   218  2:neutral  2:neutral       0.174,*0.428,0.398 
   219  2:neutral  2:neutral       0.204,*0.642,0.154 
   220  2:neutral  2:neutral       0.066,*0.747,0.186 
   221  2:neutral 1:negative   +   *0.52,0.166,0.314 
   222  2:neutral  2:neutral       0.098,*0.452,0.451 
   223  2:neutral  2:neutral       0.067,*0.734,0.199 
   224  2:neutral  2:neutral       0.199,*0.567,0.234 
   225  2:neutral  2:neutral       0.025,*0.847,0.128 
   226  2:neutral  2:neutral       0.035,*0.8,0.165 
   227  2:neutral  2:neutral       0.046,*0.837,0.117 
   228  2:neutral 3:positive   +   0.031,0.316,*0.653 
   229  2:neutral  2:neutral       0.021,*0.536,0.443 
   230  2:neutral 1:negative   +   *0.57,0.24,0.19 
   231  2:neutral  2:neutral       0.076,*0.807,0.118 
   232  2:neutral  2:neutral       0.362,*0.415,0.223 
   233  2:neutral  2:neutral       0.193,*0.434,0.373 
   234  2:neutral 3:positive   +   0.026,0.438,*0.537 
   235  2:neutral  2:neutral       0.41,*0.49,0.1 
   236  2:neutral  2:neutral       0.124,*0.593,0.283 
   237  2:neutral 3:positive   +   0.04,0.405,*0.556 
   238  2:neutral  2:neutral       0.342,*0.545,0.113 
   239  2:neutral  2:neutral       0.222,*0.435,0.343 
   240  2:neutral  2:neutral       0.197,*0.549,0.254 
   241  2:neutral 1:negative   +   *0.492,0.381,0.127 
   242  2:neutral  2:neutral       0.064,*0.859,0.077 
   243  2:neutral 3:positive   +   0.032,0.411,*0.557 
   244  2:neutral  2:neutral       0.058,*0.834,0.108 
   245  2:neutral  2:neutral       0.198,*0.65,0.152 
   246  2:neutral 3:positive   +   0.011,0.283,*0.706 
   247  2:neutral  2:neutral       0.012,*0.967,0.022 
   248  2:neutral  2:neutral       0.051,*0.712,0.237 
   249  2:neutral  2:neutral       0.121,*0.511,0.368 
   250  2:neutral  2:neutral       0.049,*0.742,0.209 
   251  2:neutral  2:neutral       0.069,*0.583,0.348 
   252  2:neutral  2:neutral       0.076,*0.762,0.162 
   253  2:neutral  2:neutral       0.155,*0.71,0.135 
   254  2:neutral  2:neutral       0.124,*0.775,0.101 
   255  2:neutral  2:neutral       0.034,*0.792,0.175 
   256  2:neutral  2:neutral       0.066,*0.632,0.303 
   257  2:neutral  2:neutral       0.089,*0.677,0.234 
   258  2:neutral  2:neutral       0.089,*0.863,0.048 
   259  2:neutral  2:neutral       0.076,*0.49,0.434 
   260  2:neutral  2:neutral       0.235,*0.695,0.07 
   261  2:neutral 3:positive   +   0.033,0.24,*0.727 
   262  2:neutral  2:neutral       0.021,*0.797,0.182 
   263  2:neutral  2:neutral       0.088,*0.679,0.233 
   264  2:neutral  2:neutral       0.08,*0.75,0.17 
   265  2:neutral  2:neutral       0.147,*0.61,0.243 
   266  2:neutral  2:neutral       0.055,*0.615,0.33 
   267  2:neutral 3:positive   +   0.101,0.435,*0.464 
   268  2:neutral  2:neutral       0.208,*0.637,0.156 
   269  2:neutral  2:neutral       0.253,*0.441,0.306 
   270  2:neutral  2:neutral       0.121,*0.483,0.397 
   271  2:neutral 1:negative   +   *0.451,0.274,0.276 
   272  2:neutral 3:positive   +   0.083,0.158,*0.759 
   273  2:neutral  2:neutral       0.161,*0.612,0.227 
   274  2:neutral  2:neutral       0.033,*0.643,0.324 
   275  2:neutral 1:negative   +   *0.592,0.128,0.28 
   276  2:neutral  2:neutral       0.01,*0.869,0.121 
   277  2:neutral  2:neutral       0.014,*0.642,0.344 
   278  2:neutral  2:neutral       0.041,*0.846,0.113 
   279  2:neutral 1:negative   +   *0.535,0.25,0.215 
   280  2:neutral 3:positive   +   0.014,0.463,*0.523 
   281  2:neutral  2:neutral       0.105,*0.772,0.122 
   282  2:neutral  2:neutral       0.039,*0.884,0.076 
   283  2:neutral  2:neutral       0.324,*0.392,0.284 
   284  2:neutral  2:neutral       0.072,*0.548,0.379 
   285  2:neutral  2:neutral       0.016,*0.953,0.031 
   286  2:neutral  2:neutral       0.081,*0.481,0.438 
   287  2:neutral  2:neutral       0.079,*0.793,0.128 
   288  2:neutral  2:neutral       0.043,*0.863,0.094 
   289  2:neutral  2:neutral       0.077,*0.591,0.331 
   290  2:neutral  2:neutral       0.017,*0.769,0.214 
   291  2:neutral  2:neutral       0.201,*0.585,0.213 
   292  2:neutral 1:negative   +   *0.556,0.261,0.183 
   293  2:neutral  2:neutral       0.013,*0.666,0.321 
   294  2:neutral  2:neutral       0.111,*0.476,0.413 
   295  2:neutral  2:neutral       0.185,*0.768,0.047 
   296  2:neutral  2:neutral       0.076,*0.69,0.234 
   297  2:neutral 3:positive   +   0.124,0.404,*0.472 
   298  2:neutral  2:neutral       0.1,*0.662,0.238 
   299  2:neutral  2:neutral       0.144,*0.712,0.143 
   300  2:neutral  2:neutral       0.027,*0.936,0.037 
   301  2:neutral  2:neutral       0.01,*0.871,0.119 
   302  2:neutral  2:neutral       0.061,*0.59,0.349 
   303  2:neutral 3:positive   +   0.126,0.166,*0.708 
   304  2:neutral 3:positive   +   0.164,0.268,*0.568 
   305  2:neutral  2:neutral       0.024,*0.722,0.254 
   306  2:neutral  2:neutral       0.085,*0.647,0.268 
   307  2:neutral  2:neutral       0.218,*0.592,0.191 
   308  2:neutral  2:neutral       0.097,*0.889,0.014 
   309  2:neutral 3:positive   +   0.045,0.367,*0.588 
   310  2:neutral  2:neutral       0.126,*0.819,0.056 
   311  2:neutral  2:neutral       0.165,*0.468,0.367 
   312  2:neutral  2:neutral       0.084,*0.681,0.235 
   313  2:neutral  2:neutral       0.162,*0.755,0.084 
   314  2:neutral  2:neutral       0.092,*0.787,0.121 
   315  2:neutral  2:neutral       0.027,*0.593,0.38 
   316  2:neutral 3:positive   +   0.025,0.179,*0.796 
   317  2:neutral  2:neutral       0.094,*0.634,0.272 
   318  2:neutral  2:neutral       0.101,*0.713,0.186 
   319  2:neutral  2:neutral       0.077,*0.526,0.397 
   320  2:neutral  2:neutral       0.129,*0.644,0.227 
   321  2:neutral  2:neutral       0.139,*0.696,0.165 
   322  2:neutral  2:neutral       0.039,*0.873,0.089 
   323  2:neutral  2:neutral       0.114,*0.519,0.367 
   324  2:neutral  2:neutral       0.096,*0.8,0.104 
   325  2:neutral  2:neutral       0.05,*0.706,0.244 
   326  2:neutral  2:neutral       0.061,*0.638,0.301 
   327  2:neutral 1:negative   +   *0.617,0.199,0.184 
   328  2:neutral 1:negative   +   *0.609,0.315,0.075 
   329  2:neutral  2:neutral       0.166,*0.653,0.181 
   330  2:neutral  2:neutral       0.037,*0.911,0.052 
   331  2:neutral 3:positive   +   0.047,0.367,*0.587 
   332  2:neutral  2:neutral       0.097,*0.718,0.185 
   333  2:neutral  2:neutral       0.015,*0.832,0.154 
   334  2:neutral 3:positive   +   0.279,0.298,*0.423 
   335  2:neutral  2:neutral       0.04,*0.62,0.34 
   336  2:neutral  2:neutral       0.095,*0.571,0.333 
   337  2:neutral  2:neutral       0.056,*0.837,0.107 
   338  2:neutral  2:neutral       0.092,*0.56,0.347 
   339  2:neutral  2:neutral       0.054,*0.829,0.117 
   340  2:neutral  2:neutral       0.241,*0.588,0.171 
   341  2:neutral  2:neutral       0.067,*0.731,0.202 
   342  2:neutral 3:positive   +   0.09,0.075,*0.835 
   343  2:neutral  2:neutral       0.108,*0.598,0.295 
   344  2:neutral  2:neutral       0.04,*0.481,0.479 
   345  2:neutral  2:neutral       0.032,*0.796,0.171 
   346  2:neutral  2:neutral       0.065,*0.546,0.388 
   347  2:neutral  2:neutral       0.089,*0.677,0.234 
   348  2:neutral 1:negative   +   *0.485,0.302,0.212 
   349  2:neutral  2:neutral       0.225,*0.547,0.228 
   350  2:neutral  2:neutral       0.036,*0.56,0.404 
   351  2:neutral  2:neutral       0.054,*0.756,0.19 
   352  2:neutral  2:neutral       0.08,*0.719,0.201 
   353  2:neutral  2:neutral       0.307,*0.593,0.099 
   354  2:neutral 1:negative   +   *0.878,0.045,0.077 
   355  2:neutral  2:neutral       0.089,*0.677,0.234 
   356  2:neutral 3:positive   +   0.126,0.383,*0.49 
