Zero Weights processed. Default weights will be used
..
Warning: using -h 0 may be faster
*
optimization finished, #iter = 2551
C = 550.3851878043947
obj = 270653.72910006135, rho = -14.214964362790571
nSV = 2501, nBSV = 1337
Total nSV = 2501
..
Warning: using -h 0 may be faster
*
optimization finished, #iter = 2384
C = 550.7978781431318
obj = 272558.9325812642, rho = 1.6072250877801066
nSV = 2521, nBSV = 1373
Total nSV = 2521
..
Warning: using -h 0 may be faster
*
optimization finished, #iter = 2449
C = 547.8970380397502
obj = 268575.04875794274, rho = 2.321251011699493
nSV = 2505, nBSV = 1351
Total nSV = 2505
..
Warning: using -h 0 may be faster
*
optimization finished, #iter = 2406
C = 577.6216043219113
obj = 284142.53060334787, rho = -4.937179920956455
nSV = 2501, nBSV = 1370
Total nSV = 2501
..
Warning: using -h 0 may be faster
*
optimization finished, #iter = 2415
C = 546.301940936288
obj = 277982.6937822339, rho = 3.7869771188624988
nSV = 2489, nBSV = 1363
Total nSV = 2489
...
Warning: using -h 0 may be faster
*
optimization finished, #iter = 3073
C = 540.0483658325355
obj = 312563.72474680323, rho = 3.1484985761037403
nSV = 3053, nBSV = 1738
.
Warning: using -h 0 may be faster
...
Warning: using -h 0 may be faster
*
optimization finished, #iter = 4886
C = 2006.7884320103901
obj = 1886147.85701578, rho = -115.1793060007946
nSV = 4457, nBSV = 1776
Total nSV = 4457
....
Warning: using -h 0 may be faster
*
optimization finished, #iter = 4886
C = 1935.1707755278453
obj = 1774956.6359262357, rho = 8.391679977178773
nSV = 4436, nBSV = 1752
Total nSV = 4436
.
Warning: using -h 0 may be faster
...
Warning: using -h 0 may be faster
*
optimization finished, #iter = 4817
C = 1823.409894721788
obj = 1670098.502434263, rho = 5.667042327107482
nSV = 4420, nBSV = 1828
Total nSV = 4420
....
Warning: using -h 0 may be faster
*
optimization finished, #iter = 4976
C = 1900.9367593495763
obj = 1776525.0516792692, rho = 25.22833036886158
nSV = 4424, nBSV = 1782
Total nSV = 4424
.....
Warning: using -h 0 may be faster
*
optimization finished, #iter = 5025
C = 1905.7434985081911
obj = 1724462.8750898812, rho = 0.3212291609917559
nSV = 4448, nBSV = 1760
Total nSV = 4448
.
Warning: using -h 0 may be faster
.....
Warning: using -h 0 may be faster
*
optimization finished, #iter = 6211
C = 2073.854056126211
obj = 2253250.6379660894, rho = 17.530298731187255
nSV = 5428, nBSV = 2312
..
Warning: using -h 0 may be faster
*
optimization finished, #iter = 2444
C = 465.9304524091393
obj = 231917.98075156487, rho = 9.847398852631056
nSV = 2840, nBSV = 1650
Total nSV = 2840
..
Warning: using -h 0 may be faster
*
optimization finished, #iter = 2686
C = 492.7041674610493
obj = 247710.10181130993, rho = -24.741495106603804
nSV = 2875, nBSV = 1600
Total nSV = 2875
..
Warning: using -h 0 may be faster
*
optimization finished, #iter = 2538
C = 488.7956567256732
obj = 247517.7946875735, rho = -29.292221776159618
nSV = 2827, nBSV = 1632
Total nSV = 2827
..
Warning: using -h 0 may be faster
*
optimization finished, #iter = 2759
C = 509.54828432845596
obj = 261689.1468722427, rho = -24.99229754260731
nSV = 2868, nBSV = 1605
Total nSV = 2868
..
Warning: using -h 0 may be faster
*
optimization finished, #iter = 2759
C = 525.9330591993727
obj = 267075.9979185251, rho = -28.692050126950406
nSV = 2889, nBSV = 1589
Total nSV = 2889
.
Warning: using -h 0 may be faster
..
Warning: using -h 0 may be faster
*
optimization finished, #iter = 3258
C = 487.64284558141543
obj = 285656.27158293786, rho = 9.989151679541175
nSV = 3516, nBSV = 2058
Total nSV = 8174
..
Warning: using -h 0 may be faster
*
optimization finished, #iter = 2064
C = 560.1536426127816
obj = 234547.67166973464, rho = 5.556144335313179
nSV = 2059, nBSV = 1028
Total nSV = 2059
..
Warning: using -h 0 may be faster
*
optimization finished, #iter = 2120
C = 577.3148991531572
obj = 249278.05582108046, rho = -0.865985610346165
nSV = 2075, nBSV = 1015
Total nSV = 2075
..
Warning: using -h 0 may be faster
*
optimization finished, #iter = 2138
C = 587.7043012367734
obj = 252130.08176740314, rho = 6.643703576134139
nSV = 2052, nBSV = 1014
Total nSV = 2052
.
Warning: using -h 0 may be faster
*
optimization finished, #iter = 1970
C = 546.3032877319392
obj = 230443.32743961425, rho = 15.100222868905025
nSV = 2037, nBSV = 1046
Total nSV = 2037
..
Warning: using -h 0 may be faster
*
optimization finished, #iter = 2083
C = 572.7407047716488
obj = 243562.9094988212, rho = -2.4242644174199524
nSV = 2051, nBSV = 1031
Total nSV = 2051
..
Warning: using -h 0 may be faster
*
optimization finished, #iter = 2451
C = 553.6156112340713
obj = 274388.6711027413, rho = 3.9130506944551753
nSV = 2492, nBSV = 1350
....
Warning: using -h 0 may be faster
*
optimization finished, #iter = 4067
C = 1713.7864119638982
obj = 1360053.5616705653, rho = -74.6827890358862
nSV = 3653, nBSV = 1356
Total nSV = 3653
....
Warning: using -h 0 may be faster
*
optimization finished, #iter = 4091
C = 1682.5287053879172
obj = 1321698.6703099376, rho = -87.69762757363165
nSV = 3665, nBSV = 1369
Total nSV = 3665
.
Warning: using -h 0 may be faster
...
Warning: using -h 0 may be faster
*
optimization finished, #iter = 4082
C = 1793.3342914642221
obj = 1406061.0338646926, rho = -84.02992321882977
nSV = 3665, nBSV = 1333
Total nSV = 3665
....
Warning: using -h 0 may be faster
*
optimization finished, #iter = 4043
C = 1871.745852069649
obj = 1515918.4853298627, rho = -92.53494653305707
nSV = 3672, nBSV = 1331
Total nSV = 3672
....
Warning: using -h 0 may be faster
*
optimization finished, #iter = 4267
C = 1806.7444649516763
obj = 1371524.3811109606, rho = -74.24422028880575
nSV = 3686, nBSV = 1340
Total nSV = 3686
.....
Warning: using -h 0 may be faster
*.
Warning: using -h 0 may be faster
*
optimization finished, #iter = 5117
C = 1909.9656995974274
obj = 1757185.674096673, rho = 13.114027588948293
nSV = 4451, nBSV = 1786
..
Warning: using -h 0 may be faster
*
optimization finished, #iter = 2059
C = 471.1933018510769
obj = 204255.28924398267, rho = -20.221786448197925
nSV = 2300, nBSV = 1279
Total nSV = 2300
..
Warning: using -h 0 may be faster
*
optimization finished, #iter = 2134
C = 506.0518852522441
obj = 226211.93050681113, rho = -28.265265942223582
nSV = 2330, nBSV = 1249
Total nSV = 2330
..
Warning: using -h 0 may be faster
*
optimization finished, #iter = 2176
C = 556.3357317827886
obj = 251643.4832928965, rho = -22.271798343921365
nSV = 2353, nBSV = 1235
Total nSV = 2353
..
Warning: using -h 0 may be faster
*
optimization finished, #iter = 2281
C = 529.3579793662553
obj = 233915.0931518632, rho = -20.82064344391459
nSV = 2356, nBSV = 1229
Total nSV = 2356
..
Warning: using -h 0 may be faster
*
optimization finished, #iter = 2074
C = 467.8296647114897
obj = 199173.65382904012, rho = -27.478609882763106
nSV = 2314, nBSV = 1278
Total nSV = 2314
..
Warning: using -h 0 may be faster
*
optimization finished, #iter = 2565
C = 494.8601535766658
obj = 251646.07704082527, rho = 12.399036500122946
nSV = 2834, nBSV = 1619
Total nSV = 6634
..
Warning: using -h 0 may be faster
*
optimization finished, #iter = 2138
C = 551.0152968932024
obj = 229886.50051600955, rho = 9.926531791507424
nSV = 2041, nBSV = 1034
Total nSV = 2041
.
Warning: using -h 0 may be faster
*
optimization finished, #iter = 1920
C = 573.155271298317
obj = 248247.79546060466, rho = 4.3128700033682685
nSV = 2028, nBSV = 1047
Total nSV = 2028
..
Warning: using -h 0 may be faster
*
optimization finished, #iter = 2117
C = 578.493721205834
obj = 242586.65344018862, rho = 4.244088649713418
nSV = 2056, nBSV = 1020
Total nSV = 2056
..
Warning: using -h 0 may be faster
*
optimization finished, #iter = 2064
C = 558.526078608818
obj = 229052.2232987996, rho = -1.556701539454009
nSV = 2029, nBSV = 1034
Total nSV = 2029
.
Warning: using -h 0 may be faster
*
optimization finished, #iter = 1955
C = 563.7613574783379
obj = 234418.49012494387, rho = 4.498466816794791
nSV = 2027, nBSV = 1061
Total nSV = 2027
..
Warning: using -h 0 may be faster
*
optimization finished, #iter = 2548
C = 544.1591048712704
obj = 262915.9540276164, rho = 9.288342068236195
nSV = 2504, nBSV = 1353
...
Warning: using -h 0 may be faster
*.
Warning: using -h 0 may be faster
*
optimization finished, #iter = 3772
C = 1737.8455121885997
obj = 1363809.6713708546, rho = 7.7294181534799336
nSV = 3601, nBSV = 1367
Total nSV = 3601
...
Warning: using -h 0 may be faster
*
optimization finished, #iter = 3910
C = 1655.325824998945
obj = 1263266.509036451, rho = -71.73729991410478
nSV = 3622, nBSV = 1397
Total nSV = 3622
...
Warning: using -h 0 may be faster
*
optimization finished, #iter = 3972
C = 1758.945961972241
obj = 1398989.0946136315, rho = -105.65604190102873
nSV = 3614, nBSV = 1381
Total nSV = 3614
....
Warning: using -h 0 may be faster
*
optimization finished, #iter = 4322
C = 1735.2031919158046
obj = 1324284.5565172662, rho = -92.70169355627986
nSV = 3677, nBSV = 1327
Total nSV = 3677
...
Warning: using -h 0 may be faster
*.
Warning: using -h 0 may be faster
*
optimization finished, #iter = 3791
C = 1875.5203533741053
obj = 1527737.658228754, rho = -110.59925980771729
nSV = 3643, nBSV = 1332
Total nSV = 3643
....
Warning: using -h 0 may be faster
*
optimization finished, #iter = 4981
C = 1904.5806972336468
obj = 1749523.8973330904, rho = -0.7441819800568477
nSV = 4422, nBSV = 1785
..
Warning: using -h 0 may be faster
*
optimization finished, #iter = 2223
C = 534.3940085833774
obj = 237519.6651012462, rho = -21.993340856509604
nSV = 2370, nBSV = 1233
Total nSV = 2370
..
Warning: using -h 0 may be faster
*
optimization finished, #iter = 2162
C = 454.3892279662913
obj = 191496.71653842775, rho = -26.824630663139562
nSV = 2327, nBSV = 1281
Total nSV = 2327
..
Warning: using -h 0 may be faster
*
optimization finished, #iter = 2173
C = 453.84771910363906
obj = 189585.36287966292, rho = -17.387934363796226
nSV = 2326, nBSV = 1278
Total nSV = 2326
..
Warning: using -h 0 may be faster
*
optimization finished, #iter = 2135
C = 540.0196011138221
obj = 241901.400115001, rho = -23.27861113481521
nSV = 2364, nBSV = 1236
Total nSV = 2364
..
Warning: using -h 0 may be faster
*
optimization finished, #iter = 2251
C = 497.7800769009885
obj = 210548.4050410822, rho = -26.48402243495382
nSV = 2350, nBSV = 1256
Total nSV = 2350
..
Warning: using -h 0 may be faster
*.
Warning: using -h 0 may be faster
*
optimization finished, #iter = 2556
C = 476.7721817159546
obj = 233656.33533271946, rho = 10.558704369216297
nSV = 2848, nBSV = 1642
Total nSV = 6620
...
Warning: using -h 0 may be faster
*
optimization finished, #iter = 3854
C = 1886.8996792380751
obj = 1538847.4514654162, rho = -89.51599246277756
nSV = 3650, nBSV = 1356
Total nSV = 3650
...
Warning: using -h 0 may be faster
*
optimization finished, #iter = 3920
C = 1814.0543821037018
obj = 1487313.4031968247, rho = -97.11691963742115
nSV = 3656, nBSV = 1367
Total nSV = 3656
....
Warning: using -h 0 may be faster
*
optimization finished, #iter = 4068
C = 1932.521512753894
obj = 1566345.4079199422, rho = -91.96875959535024
nSV = 3707, nBSV = 1299
Total nSV = 3707
....
Warning: using -h 0 may be faster
*
optimization finished, #iter = 4060
C = 1831.3572086641268
obj = 1493548.0107393588, rho = -87.95877765272445
nSV = 3671, nBSV = 1331
Total nSV = 3671
....
Warning: using -h 0 may be faster
*
optimization finished, #iter = 4096
C = 1879.3522779216817
obj = 1508223.181244719, rho = -75.49135712176239
nSV = 3676, nBSV = 1304
Total nSV = 3676
.
Warning: using -h 0 may be faster
...
Warning: using -h 0 may be faster
*
optimization finished, #iter = 4954
C = 1985.0279264748312
obj = 1893889.6016822683, rho = -119.74923833512013
nSV = 4455, nBSV = 1726
..
Warning: using -h 0 may be faster
*
optimization finished, #iter = 2195
C = 570.2361123012907
obj = 254849.0605057563, rho = -29.749755119461348
nSV = 2402, nBSV = 1224
Total nSV = 2402
..
Warning: using -h 0 may be faster
*
optimization finished, #iter = 2218
C = 498.55247291048136
obj = 217825.1496484642, rho = -24.437953457560724
nSV = 2334, nBSV = 1238
Total nSV = 2334
..
Warning: using -h 0 may be faster
*
optimization finished, #iter = 2252
C = 563.8404806888005
obj = 254791.2455245847, rho = -31.553817924816375
nSV = 2402, nBSV = 1215
Total nSV = 2402
..
Warning: using -h 0 may be faster
*
optimization finished, #iter = 2228
C = 513.5540744216999
obj = 221048.25417311297, rho = -19.534796493336238
nSV = 2381, nBSV = 1231
Total nSV = 2381
..
Warning: using -h 0 may be faster
*
optimization finished, #iter = 2458
C = 594.4938692362954
obj = 273601.52670683403, rho = -28.61371861038582
nSV = 2408, nBSV = 1222
Total nSV = 2408
..
Warning: using -h 0 may be faster
*
optimization finished, #iter = 2638
C = 546.189757757705
obj = 286316.497668528, rho = -31.355705424507516
nSV = 2878, nBSV = 1610
.
Warning: using -h 0 may be faster
*
optimization finished, #iter = 1932
C = 544.6643178660715
obj = 226548.84279147198, rho = -9.613985518988363
nSV = 2032, nBSV = 1080
Total nSV = 2032
..*
optimization finished, #iter = 2096
C = 528.492916576948
obj = 218158.16922209956, rho = -13.616678094153414
nSV = 2051, nBSV = 1037
Total nSV = 2051
.
Warning: using -h 0 may be faster
*
optimization finished, #iter = 1990
C = 602.969247802381
obj = 261345.60351015115, rho = -10.684427757629011
nSV = 2034, nBSV = 1048
Total nSV = 2034
..*
optimization finished, #iter = 2117
C = 577.0181066993408
obj = 249703.75988873906, rho = -16.744328714784142
nSV = 2065, nBSV = 999
Total nSV = 2065
..*
optimization finished, #iter = 2049
C = 507.8503331902077
obj = 208417.74019382242, rho = -15.032577054109177
nSV = 2031, nBSV = 1053
Total nSV = 2031
..
Warning: using -h 0 may be faster
*
optimization finished, #iter = 2436
C = 537.9897417376193
obj = 266098.0331051627, rho = -4.210738219929186
nSV = 2481, nBSV = 1365
Total nSV = 6680
..
Warning: using -h 0 may be faster
*
optimization finished, #iter = 2053
C = 581.2276776278599
obj = 253386.26523275525, rho = -0.09597082625641991
nSV = 2065, nBSV = 1045
Total nSV = 2065
..
Warning: using -h 0 may be faster
*
optimization finished, #iter = 2071
C = 669.855073415682
obj = 304397.9712069765, rho = -2.5165032074429465
nSV = 2096, nBSV = 993
Total nSV = 2096
.
Warning: using -h 0 may be faster
*
optimization finished, #iter = 1938
C = 591.8195298356338
obj = 259022.34108872648, rho = -0.565116597700478
nSV = 2053, nBSV = 1037
Total nSV = 2053
..
Warning: using -h 0 may be faster
*
optimization finished, #iter = 2032
C = 582.6380260692363
obj = 252494.55600144126, rho = -3.1804767255119737
nSV = 2034, nBSV = 1049
Total nSV = 2034
.
Warning: using -h 0 may be faster
*
optimization finished, #iter = 1968
C = 612.1928833778384
obj = 268737.251691919, rho = 0.20541813298563957
nSV = 2081, nBSV = 1014
Total nSV = 2081
..
Warning: using -h 0 may be faster
*
optimization finished, #iter = 2575
C = 595.3603237900714
obj = 305102.14478927065, rho = -20.592795021638455
nSV = 2512, nBSV = 1351
..
Warning: using -h 0 may be faster
*
optimization finished, #iter = 2064
C = 524.6827127779644
obj = 233462.76547567963, rho = -18.152618185641234
nSV = 2339, nBSV = 1246
Total nSV = 2339
..
Warning: using -h 0 may be faster
*
optimization finished, #iter = 2188
C = 514.7686502112302
obj = 233644.0013150225, rho = -15.053078376477623
nSV = 2335, nBSV = 1236
Total nSV = 2335
..
Warning: using -h 0 may be faster
*
optimization finished, #iter = 2076
C = 478.8605745214933
obj = 206707.04602709832, rho = -12.95407008228409
nSV = 2309, nBSV = 1270
Total nSV = 2309
..
Warning: using -h 0 may be faster
*
optimization finished, #iter = 2195
C = 534.6783220661721
obj = 234699.58680572303, rho = -22.06935224371867
nSV = 2341, nBSV = 1218
Total nSV = 2341
..
Warning: using -h 0 may be faster
*
optimization finished, #iter = 2214
C = 509.81447202996446
obj = 220985.4617268473, rho = -20.084907671958256
nSV = 2355, nBSV = 1225
Total nSV = 2355
..
Warning: using -h 0 may be faster
*
optimization finished, #iter = 2685
C = 493.1409804507039
obj = 248160.26420790955, rho = 6.706541616168904
nSV = 2834, nBSV = 1601
.
Warning: using -h 0 may be faster
...
Warning: using -h 0 may be faster
*
optimization finished, #iter = 4136
C = 1829.4366791238922
obj = 1434874.2687672877, rho = -80.37028366221145
nSV = 3675, nBSV = 1333
Total nSV = 3675
.
Warning: using -h 0 may be faster
...
Warning: using -h 0 may be faster
*
optimization finished, #iter = 4358
C = 1765.110001157778
obj = 1376991.5045222242, rho = -106.87820610633818
nSV = 3671, nBSV = 1331
Total nSV = 3671
....
Warning: using -h 0 may be faster
*
optimization finished, #iter = 4269
C = 1785.380444012249
obj = 1400828.1028582414, rho = -78.457507800071
nSV = 3704, nBSV = 1341
Total nSV = 3704
....
Warning: using -h 0 may be faster
*
optimization finished, #iter = 4093
C = 1711.4805200009557
obj = 1338063.9437406843, rho = -82.73869082036673
nSV = 3672, nBSV = 1330
Total nSV = 3672
....
Warning: using -h 0 may be faster
*
optimization finished, #iter = 4307
C = 1687.324122944491
obj = 1311501.4262364677, rho = -76.6261270673736
nSV = 3618, nBSV = 1330
Total nSV = 3618
....
Warning: using -h 0 may be faster
*
optimization finished, #iter = 4927
C = 1870.804878207498
obj = 1734663.4192402472, rho = 19.344301364248157
nSV = 4402, nBSV = 1763
Total nSV = 6625
..
Warning: using -h 0 may be faster
*
optimization finished, #iter = 2108
C = 475.8037104645111
obj = 200574.47001775232, rho = -17.069810806838912
nSV = 2314, nBSV = 1277
Total nSV = 2314
..
Warning: using -h 0 may be faster
*
optimization finished, #iter = 2124
C = 461.9274107691885
obj = 193405.35952884072, rho = -13.84944398620739
nSV = 2320, nBSV = 1267
Total nSV = 2320
..
Warning: using -h 0 may be faster
*
optimization finished, #iter = 2179
C = 499.18242102790794
obj = 212118.34535409018, rho = -17.18266804940888
nSV = 2350, nBSV = 1254
Total nSV = 2350
..
Warning: using -h 0 may be faster
*
optimization finished, #iter = 2105
C = 482.3980712342201
obj = 208276.09872058014, rho = -18.461539176252973
nSV = 2314, nBSV = 1275
Total nSV = 2314
..
Warning: using -h 0 may be faster
*
optimization finished, #iter = 2038
C = 450.58302720920443
obj = 186841.5560683753, rho = -12.23184945788534
nSV = 2306, nBSV = 1266
Total nSV = 2306
..
Warning: using -h 0 may be faster
*
optimization finished, #iter = 2530
C = 459.7279288285443
obj = 224064.8151042964, rho = 4.5865994485830806
nSV = 2819, nBSV = 1620
.
Warning: using -h 0 may be faster
*
optimization finished, #iter = 1944
C = 612.035875659568
obj = 267287.27908808785, rho = -6.379191247668042
nSV = 2051, nBSV = 1047
Total nSV = 2051
.
Warning: using -h 0 may be faster
*
optimization finished, #iter = 1909
C = 516.5350626031922
obj = 213509.3461225648, rho = -8.969240296484688
nSV = 2031, nBSV = 1072
Total nSV = 2031
.
Warning: using -h 0 may be faster
*
optimization finished, #iter = 1859
C = 555.7872747476282
obj = 236504.9233463857, rho = -13.305839127070339
nSV = 2022, nBSV = 1058
Total nSV = 2022
.
Warning: using -h 0 may be faster
*
optimization finished, #iter = 1980
C = 572.8218491519331
obj = 239906.9604300228, rho = 3.4670080442097486
nSV = 2045, nBSV = 1057
Total nSV = 2045
.
Warning: using -h 0 may be faster
*
optimization finished, #iter = 1945
C = 576.96657921373
obj = 245032.634088875, rho = 1.263521242893531
nSV = 2032, nBSV = 1029
Total nSV = 2032
..
Warning: using -h 0 may be faster
*
optimization finished, #iter = 2434
C = 557.2814742057752
obj = 277446.3309833978, rho = -14.806022075816747
nSV = 2498, nBSV = 1368
....
Warning: using -h 0 may be faster
*
optimization finished, #iter = 4053
C = 1811.563977515773
obj = 1439530.485343851, rho = -78.29216175518457
nSV = 3676, nBSV = 1353
Total nSV = 3676
....
Warning: using -h 0 may be faster
*
optimization finished, #iter = 4108
C = 1908.376824053808
obj = 1508689.4381000947, rho = -80.9196920976044
nSV = 3720, nBSV = 1345
Total nSV = 3720
...
Warning: using -h 0 may be faster
*
optimization finished, #iter = 3970
C = 1678.3330755726893
obj = 1315211.655922743, rho = -74.15041405991165
nSV = 3628, nBSV = 1356
Total nSV = 3628
....
Warning: using -h 0 may be faster
*
optimization finished, #iter = 4128
C = 1895.066100083384
obj = 1521328.7879566187, rho = -76.77296511006858
nSV = 3686, nBSV = 1328
Total nSV = 3686
...
Warning: using -h 0 may be faster
*
optimization finished, #iter = 3899
C = 1865.7906694843725
obj = 1507635.592995688, rho = -74.37500751133726
nSV = 3682, nBSV = 1339
Total nSV = 3682
.
Warning: using -h 0 may be faster
....
Warning: using -h 0 may be faster
*
optimization finished, #iter = 5418
C = 1946.9365718621373
obj = 1786242.485484848, rho = -80.2785582417463
nSV = 4542, nBSV = 1736
Total nSV = 6696


=== Predictions under cross-validation ===

 inst#     actual  predicted error distribution
     1  2:neutral  2:neutral       0.204,*0.6,0.196 
     2  2:neutral  2:neutral       0.021,*0.846,0.133 
     3  2:neutral 3:positive   +   0.094,0.253,*0.652 
     4  2:neutral  2:neutral       0.09,*0.576,0.335 
     5  2:neutral  2:neutral       0.048,*0.691,0.261 
     6  2:neutral 1:negative   +   *0.594,0.339,0.067 
     7  2:neutral  2:neutral       0.025,*0.586,0.389 
     8  2:neutral  2:neutral       0.048,*0.861,0.091 
     9  2:neutral  2:neutral       0.104,*0.569,0.326 
    10  2:neutral 1:negative   +   *0.715,0.134,0.151 
    11  2:neutral 3:positive   +   0.013,0.228,*0.758 
    12  2:neutral  2:neutral       0.07,*0.689,0.241 
    13  2:neutral  2:neutral       0.041,*0.723,0.236 
    14  2:neutral  2:neutral       0.028,*0.718,0.254 
    15  2:neutral  2:neutral       0.234,*0.532,0.235 
    16  2:neutral  2:neutral       0.021,*0.63,0.349 
    17  2:neutral 3:positive   +   0.319,0.303,*0.378 
    18  2:neutral  2:neutral       0.287,*0.368,0.344 
    19  2:neutral  2:neutral       0.136,*0.676,0.188 
    20  2:neutral  2:neutral       0.017,*0.935,0.048 
    21  2:neutral 1:negative   +   *0.532,0.205,0.262 
    22  2:neutral 3:positive   +   0.065,0.459,*0.476 
    23  2:neutral  2:neutral       0.081,*0.665,0.254 
    24  2:neutral  2:neutral       0.064,*0.546,0.39 
    25  2:neutral  2:neutral       0.074,*0.644,0.282 
    26  2:neutral  2:neutral       0.346,*0.382,0.272 
    27  2:neutral  2:neutral       0.038,*0.748,0.214 
    28  2:neutral 1:negative   +   *0.479,0.36,0.16 
    29  2:neutral  2:neutral       0.02,*0.617,0.363 
    30  2:neutral 3:positive   +   0.03,0.425,*0.545 
    31  2:neutral  2:neutral       0.286,*0.535,0.179 
    32  2:neutral 1:negative   +   *0.943,0.04,0.017 
    33  2:neutral  2:neutral       0.022,*0.812,0.166 
    34  2:neutral  2:neutral       0.056,*0.687,0.257 
    35  2:neutral  2:neutral       0.077,*0.8,0.123 
    36  2:neutral  2:neutral       0.01,*0.925,0.065 
    37  2:neutral  2:neutral       0.114,*0.73,0.156 
    38  2:neutral  2:neutral       0.122,*0.694,0.184 
    39  2:neutral  2:neutral       0.059,*0.741,0.2 
    40  2:neutral  2:neutral       0.03,*0.588,0.382 
    41  2:neutral  2:neutral       0.07,*0.676,0.253 
    42  2:neutral  2:neutral       0.024,*0.654,0.322 
    43  2:neutral 3:positive   +   0.279,0.257,*0.464 
    44  2:neutral  2:neutral       0.128,*0.498,0.375 
    45  2:neutral  2:neutral       0.061,*0.868,0.071 
    46  2:neutral  2:neutral       0.013,*0.78,0.208 
    47  2:neutral  2:neutral       0.047,*0.563,0.39 
    48  2:neutral 3:positive   +   0.052,0.229,*0.719 
    49  2:neutral  2:neutral       0.049,*0.791,0.16 
    50  2:neutral  2:neutral       0.054,*0.702,0.244 
    51  2:neutral  2:neutral       0.124,*0.827,0.049 
    52  2:neutral  2:neutral       0.291,*0.481,0.228 
    53  2:neutral  2:neutral       0.103,*0.515,0.381 
    54  2:neutral  2:neutral       0.106,*0.494,0.4 
    55  2:neutral  2:neutral       0.056,*0.519,0.424 
    56  2:neutral  2:neutral       0.079,*0.875,0.046 
    57  2:neutral  2:neutral       0.115,*0.612,0.272 
    58  2:neutral  2:neutral       0.072,*0.504,0.424 
    59  2:neutral 3:positive   +   0.124,0.372,*0.504 
    60  2:neutral  2:neutral       0.059,*0.617,0.324 
    61  2:neutral  2:neutral       0.341,*0.56,0.099 
    62  2:neutral  2:neutral       0.105,*0.627,0.268 
    63  2:neutral  2:neutral       0.022,*0.695,0.283 
    64  2:neutral  2:neutral       0.068,*0.643,0.289 
    65  2:neutral  2:neutral       0.238,*0.693,0.069 
    66  2:neutral 3:positive   +   0.117,0.201,*0.682 
    67  2:neutral  2:neutral       0.061,*0.635,0.304 
    68  2:neutral  2:neutral       0.165,*0.49,0.345 
    69  2:neutral 3:positive   +   0.051,0.33,*0.619 
    70  2:neutral  2:neutral       0.109,*0.489,0.402 
    71  2:neutral  2:neutral       0.094,*0.768,0.137 
    72  2:neutral 3:positive   +   0.043,0.281,*0.676 
    73  2:neutral 3:positive   +   0.169,0.313,*0.518 
    74  2:neutral 3:positive   +   0.095,0.391,*0.514 
    75  2:neutral  2:neutral       0.059,*0.75,0.191 
    76  2:neutral  2:neutral       0.086,*0.509,0.405 
    77  2:neutral  2:neutral       0.139,*0.461,0.4 
    78  2:neutral  2:neutral       0.093,*0.589,0.317 
    79  2:neutral  2:neutral       0.329,*0.548,0.123 
    80  2:neutral  2:neutral       0.056,*0.884,0.06 
    81  2:neutral 3:positive   +   0.36,0.224,*0.415 
    82  2:neutral  2:neutral       0.087,*0.861,0.052 
    83  2:neutral 3:positive   +   0.24,0.105,*0.655 
    84  2:neutral 3:positive   +   0.037,0.159,*0.804 
    85  2:neutral  2:neutral       0.385,*0.458,0.157 
    86  2:neutral  2:neutral       0.048,*0.79,0.162 
    87  2:neutral  2:neutral       0.018,*0.534,0.448 
    88  2:neutral 3:positive   +   0.034,0.452,*0.513 
    89  2:neutral 1:negative   +   *0.402,0.29,0.307 
    90  2:neutral  2:neutral       0.056,*0.783,0.161 
    91  2:neutral  2:neutral       0.064,*0.614,0.321 
    92  2:neutral  2:neutral       0.141,*0.67,0.189 
    93  2:neutral  2:neutral       0.087,*0.605,0.308 
    94  2:neutral 3:positive   +   0.042,0.358,*0.6 
    95  2:neutral  2:neutral       0.054,*0.499,0.446 
    96  2:neutral  2:neutral       0.105,*0.781,0.114 
    97  2:neutral  2:neutral       0.054,*0.725,0.221 
    98  2:neutral 3:positive   +   0.06,0.279,*0.662 
    99  2:neutral  2:neutral       0.075,*0.763,0.161 
   100  2:neutral  2:neutral       0.113,*0.692,0.195 
   101  2:neutral  2:neutral       0.219,*0.658,0.123 
   102  2:neutral 3:positive   +   0.088,0.292,*0.62 
   103  2:neutral  2:neutral       0.049,*0.672,0.279 
   104  2:neutral  2:neutral       0.171,*0.464,0.365 
   105  2:neutral  2:neutral       0.076,*0.657,0.266 
   106  2:neutral 3:positive   +   0.166,0.262,*0.572 
   107  2:neutral  2:neutral       0.092,*0.628,0.281 
   108  2:neutral  2:neutral       0.105,*0.828,0.067 
   109  2:neutral  2:neutral       0.013,*0.767,0.22 
   110  2:neutral  2:neutral       0.069,*0.799,0.132 
   111  2:neutral  2:neutral       0.098,*0.482,0.42 
   112  2:neutral  2:neutral       0.012,*0.788,0.199 
   113  2:neutral 3:positive   +   0.041,0.423,*0.536 
   114  2:neutral 3:positive   +   0.096,0.347,*0.558 
   115  2:neutral  2:neutral       0.045,*0.645,0.31 
   116  2:neutral  2:neutral       0.158,*0.647,0.195 
   117  2:neutral  2:neutral       0.023,*0.933,0.044 
   118  2:neutral  2:neutral       0.073,*0.677,0.25 
   119  2:neutral  2:neutral       0.051,*0.746,0.203 
   120  2:neutral 3:positive   +   0.032,0.22,*0.747 
   121  2:neutral  2:neutral       0.081,*0.633,0.286 
   122  2:neutral 3:positive   +   0.158,0.256,*0.587 
   123  2:neutral  2:neutral       0.055,*0.9,0.045 
   124  2:neutral  2:neutral       0.106,*0.65,0.244 
   125  2:neutral  2:neutral       0.429,*0.466,0.104 
   126  2:neutral  2:neutral       0.041,*0.559,0.4 
   127  2:neutral  2:neutral       0.031,*0.832,0.138 
   128  2:neutral  2:neutral       0.029,*0.504,0.467 
   129  2:neutral  2:neutral       0.136,*0.643,0.221 
   130  2:neutral  2:neutral       0.029,*0.629,0.342 
   131  2:neutral  2:neutral       0.376,*0.381,0.243 
   132  2:neutral  2:neutral       0.076,*0.656,0.268 
   133  2:neutral  2:neutral       0.041,*0.839,0.12 
   134  2:neutral  2:neutral       0.042,*0.736,0.222 
   135  2:neutral  2:neutral       0.029,*0.612,0.358 
   136  2:neutral  2:neutral       0.012,*0.739,0.249 
   137  2:neutral  2:neutral       0.111,*0.627,0.262 
   138  2:neutral 3:positive   +   0.049,0.42,*0.531 
   139  2:neutral  2:neutral       0.169,*0.625,0.206 
   140  2:neutral  2:neutral       0.227,*0.516,0.257 
   141  2:neutral  2:neutral       0.034,*0.8,0.166 
   142  2:neutral  2:neutral       0.172,*0.626,0.202 
   143  2:neutral  2:neutral       0.327,*0.398,0.276 
   144  2:neutral  2:neutral       0.157,*0.708,0.134 
   145  2:neutral 3:positive   +   0.318,0.339,*0.343 
   146  2:neutral  2:neutral       0.23,*0.641,0.129 
   147  2:neutral  2:neutral       0.038,*0.793,0.168 
   148  2:neutral  2:neutral       0.097,*0.653,0.25 
   149  2:neutral 3:positive   +   0.085,0.377,*0.538 
   150  2:neutral  2:neutral       0.072,*0.767,0.16 
   151  2:neutral  2:neutral       0.057,*0.811,0.132 
   152  2:neutral  2:neutral       0.023,*0.895,0.082 
   153  2:neutral  2:neutral       0.025,*0.861,0.114 
   154  2:neutral  2:neutral       0.101,*0.693,0.206 
   155  2:neutral 3:positive   +   0.089,0.342,*0.569 
   156  2:neutral 3:positive   +   0.059,0.333,*0.607 
   157  2:neutral  2:neutral       0.04,*0.615,0.345 
   158  2:neutral  2:neutral       0.046,*0.805,0.148 
   159  2:neutral  2:neutral       0.098,*0.848,0.054 
   160  2:neutral  2:neutral       0.021,*0.828,0.151 
   161  2:neutral  2:neutral       0.146,*0.653,0.2 
   162  2:neutral  2:neutral       0.021,*0.847,0.132 
   163  2:neutral  2:neutral       0.018,*0.632,0.35 
   164  2:neutral  2:neutral       0.139,*0.639,0.222 
   165  2:neutral  2:neutral       0.06,*0.774,0.166 
   166  2:neutral  2:neutral       0.079,*0.714,0.208 
   167  2:neutral 3:positive   +   0.033,0.457,*0.511 
   168  2:neutral  2:neutral       0.044,*0.739,0.217 
   169  2:neutral  2:neutral       0.072,*0.711,0.218 
   170  2:neutral  2:neutral       0.092,*0.844,0.063 
   171  2:neutral 3:positive   +   0.07,0.447,*0.483 
   172  2:neutral  2:neutral       0.213,*0.426,0.361 
   173  2:neutral 1:negative   +   *0.701,0.255,0.044 
   174  2:neutral  2:neutral       0.092,*0.545,0.364 
   175  2:neutral  2:neutral       0.033,*0.805,0.162 
   176  2:neutral  2:neutral       0.122,*0.642,0.236 
   177  2:neutral  2:neutral       0.053,*0.877,0.07 
   178  2:neutral  2:neutral       0.247,*0.618,0.134 
   179  2:neutral  2:neutral       0.113,*0.532,0.355 
   180  2:neutral  2:neutral       0.057,*0.689,0.253 
   181  2:neutral  2:neutral       0.067,*0.752,0.181 
   182  2:neutral  2:neutral       0.227,*0.525,0.248 
   183  2:neutral  2:neutral       0.08,*0.701,0.219 
   184  2:neutral 3:positive   +   0.075,0.366,*0.559 
   185  2:neutral  2:neutral       0.059,*0.574,0.366 
   186  2:neutral  2:neutral       0.017,*0.86,0.123 
   187  2:neutral  2:neutral       0.065,*0.559,0.377 
   188  2:neutral 3:positive   +   0.091,0.379,*0.53 
   189  2:neutral 1:negative   +   *0.454,0.418,0.128 
   190  2:neutral  2:neutral       0.282,*0.608,0.11 
   191  2:neutral  2:neutral       0.104,*0.755,0.14 
   192  2:neutral  2:neutral       0.059,*0.746,0.195 
   193  2:neutral  2:neutral       0.015,*0.602,0.383 
   194  2:neutral  2:neutral       0.088,*0.776,0.136 
   195  2:neutral 3:positive   +   0.056,0.41,*0.533 
   196  2:neutral  2:neutral       0.196,*0.599,0.205 
   197  2:neutral  2:neutral       0.067,*0.563,0.37 
   198  2:neutral  2:neutral       0.359,*0.48,0.161 
   199  2:neutral 3:positive   +   0.099,0.286,*0.615 
   200  2:neutral  2:neutral       0.053,*0.649,0.299 
   201  2:neutral  2:neutral       0.048,*0.759,0.193 
   202  2:neutral  2:neutral       0.131,*0.619,0.25 
   203  2:neutral  2:neutral       0.015,*0.582,0.402 
   204  2:neutral  2:neutral       0.019,*0.92,0.06 
   205  2:neutral  2:neutral       0.016,*0.7,0.284 
   206  2:neutral  2:neutral       0.209,*0.525,0.266 
   207  2:neutral 3:positive   +   0.036,0.479,*0.486 
   208  2:neutral  2:neutral       0.02,*0.902,0.078 
   209  2:neutral  2:neutral       0.04,*0.889,0.071 
   210  2:neutral 3:positive   +   0.321,0.312,*0.367 
   211  2:neutral  2:neutral       0.031,*0.815,0.154 
   212  2:neutral  2:neutral       0.032,*0.814,0.154 
   213  2:neutral  2:neutral       0.071,*0.484,0.445 
   214  2:neutral  2:neutral       0.06,*0.687,0.253 
   215  2:neutral  2:neutral       0.257,*0.541,0.202 
   216  2:neutral  2:neutral       0.079,*0.469,0.452 
   217  2:neutral  2:neutral       0.043,*0.847,0.11 
   218  2:neutral 3:positive   +   0.17,0.401,*0.429 
   219  2:neutral  2:neutral       0.122,*0.483,0.395 
   220  2:neutral  2:neutral       0.092,*0.556,0.352 
   221  2:neutral 1:negative   +   *0.605,0.247,0.148 
   222  2:neutral 3:positive   +   0.149,0.35,*0.501 
   223  2:neutral  2:neutral       0.035,*0.623,0.342 
   224  2:neutral  2:neutral       0.149,*0.751,0.1 
   225  2:neutral  2:neutral       0.02,*0.824,0.156 
   226  2:neutral  2:neutral       0.048,*0.751,0.2 
   227  2:neutral  2:neutral       0.038,*0.764,0.198 
   228  2:neutral 3:positive   +   0.043,0.273,*0.684 
   229  2:neutral  2:neutral       0.016,*0.644,0.34 
   230  2:neutral 1:negative   +   *0.366,0.33,0.304 
   231  2:neutral  2:neutral       0.068,*0.835,0.098 
   232  2:neutral  2:neutral       0.334,*0.475,0.191 
   233  2:neutral  2:neutral       0.204,*0.442,0.354 
   234  2:neutral  2:neutral       0.051,*0.639,0.31 
   235  2:neutral  2:neutral       0.341,*0.553,0.107 
   236  2:neutral  2:neutral       0.079,*0.474,0.446 
   237  2:neutral 3:positive   +   0.042,0.438,*0.519 
   238  2:neutral  2:neutral       0.327,*0.575,0.098 
   239  2:neutral  2:neutral       0.19,*0.485,0.326 
   240  2:neutral  2:neutral       0.114,*0.673,0.214 
   241  2:neutral 1:negative   +   *0.412,0.307,0.281 
   242  2:neutral  2:neutral       0.051,*0.625,0.325 
   243  2:neutral 3:positive   +   0.031,0.354,*0.615 
   244  2:neutral  2:neutral       0.033,*0.824,0.143 
   245  2:neutral  2:neutral       0.187,*0.647,0.166 
   246  2:neutral 3:positive   +   0.01,0.45,*0.539 
   247  2:neutral  2:neutral       0.01,*0.952,0.038 
   248  2:neutral  2:neutral       0.068,*0.654,0.278 
   249  2:neutral 3:positive   +   0.186,0.401,*0.413 
   250  2:neutral  2:neutral       0.036,*0.757,0.207 
   251  2:neutral  2:neutral       0.071,*0.483,0.446 
   252  2:neutral  2:neutral       0.033,*0.53,0.437 
   253  2:neutral  2:neutral       0.125,*0.563,0.312 
   254  2:neutral  2:neutral       0.091,*0.739,0.17 
   255  2:neutral  2:neutral       0.054,*0.717,0.229 
   256  2:neutral  2:neutral       0.046,*0.616,0.338 
   257  2:neutral  2:neutral       0.092,*0.628,0.281 
   258  2:neutral  2:neutral       0.067,*0.874,0.059 
   259  2:neutral  2:neutral       0.147,*0.568,0.285 
   260  2:neutral  2:neutral       0.239,*0.691,0.07 
   261  2:neutral 3:positive   +   0.028,0.421,*0.55 
   262  2:neutral  2:neutral       0.053,*0.747,0.201 
   263  2:neutral  2:neutral       0.079,*0.527,0.394 
   264  2:neutral  2:neutral       0.053,*0.841,0.106 
   265  2:neutral  2:neutral       0.099,*0.616,0.285 
   266  2:neutral  2:neutral       0.036,*0.822,0.142 
   267  2:neutral 3:positive   +   0.145,0.273,*0.582 
   268  2:neutral  2:neutral       0.204,*0.691,0.106 
   269  2:neutral 3:positive   +   0.218,0.381,*0.401 
   270  2:neutral 3:positive   +   0.063,0.335,*0.602 
   271  2:neutral  2:neutral       0.201,*0.4,0.399 
   272  2:neutral  2:neutral       0.09,*0.624,0.286 
   273  2:neutral  2:neutral       0.121,*0.679,0.201 
   274  2:neutral  2:neutral       0.051,*0.663,0.286 
   275  2:neutral 1:negative   +   *0.624,0.11,0.266 
   276  2:neutral  2:neutral       0.026,*0.792,0.183 
   277  2:neutral 3:positive   +   0.011,0.462,*0.527 
   278  2:neutral  2:neutral       0.034,*0.487,0.48 
   279  2:neutral 1:negative   +   *0.584,0.185,0.231 
   280  2:neutral  2:neutral       0.028,*0.59,0.383 
   281  2:neutral  2:neutral       0.051,*0.578,0.371 
   282  2:neutral  2:neutral       0.028,*0.927,0.045 
   283  2:neutral 3:positive   +   0.273,0.352,*0.375 
   284  2:neutral 3:positive   +   0.064,0.32,*0.616 
   285  2:neutral  2:neutral       0.02,*0.876,0.104 
   286  2:neutral  2:neutral       0.05,*0.574,0.376 
   287  2:neutral  2:neutral       0.056,*0.816,0.128 
   288  2:neutral  2:neutral       0.096,*0.717,0.187 
   289  2:neutral  2:neutral       0.05,*0.632,0.318 
   290  2:neutral 3:positive   +   0.011,0.412,*0.578 
   291  2:neutral  2:neutral       0.12,*0.726,0.154 
   292  2:neutral 1:negative   +   *0.757,0.132,0.111 
   293  2:neutral  2:neutral       0.03,*0.541,0.429 
   294  2:neutral 3:positive   +   0.063,0.444,*0.494 
   295  2:neutral  2:neutral       0.137,*0.828,0.035 
   296  2:neutral  2:neutral       0.076,*0.656,0.268 
   297  2:neutral 3:positive   +   0.097,0.291,*0.612 
   298  2:neutral  2:neutral       0.07,*0.639,0.29 
   299  2:neutral  2:neutral       0.146,*0.57,0.284 
   300  2:neutral  2:neutral       0.044,*0.896,0.06 
   301  2:neutral  2:neutral       0.033,*0.73,0.237 
   302  2:neutral  2:neutral       0.087,*0.778,0.135 
   303  2:neutral 3:positive   +   0.089,0.196,*0.715 
   304  2:neutral  2:neutral       0.111,*0.555,0.335 
   305  2:neutral  2:neutral       0.02,*0.897,0.084 
   306  2:neutral 3:positive   +   0.033,0.386,*0.581 
   307  2:neutral  2:neutral       0.115,*0.767,0.118 
   308  2:neutral  2:neutral       0.073,*0.89,0.037 
   309  2:neutral 3:positive   +   0.039,0.132,*0.829 
   310  2:neutral  2:neutral       0.045,*0.939,0.015 
   311  2:neutral  2:neutral       0.17,*0.577,0.253 
   312  2:neutral  2:neutral       0.105,*0.714,0.181 
   313  2:neutral  2:neutral       0.076,*0.647,0.277 
   314  2:neutral  2:neutral       0.039,*0.793,0.169 
   315  2:neutral 3:positive   +   0.034,0.446,*0.52 
   316  2:neutral 3:positive   +   0.03,0.236,*0.733 
   317  2:neutral  2:neutral       0.059,*0.831,0.11 
   318  2:neutral  2:neutral       0.083,*0.796,0.121 
   319  2:neutral 3:positive   +   0.087,0.456,*0.457 
   320  2:neutral  2:neutral       0.072,*0.679,0.249 
   321  2:neutral  2:neutral       0.09,*0.799,0.112 
   322  2:neutral  2:neutral       0.061,*0.751,0.188 
   323  2:neutral  2:neutral       0.102,*0.602,0.296 
   324  2:neutral  2:neutral       0.069,*0.772,0.16 
   325  2:neutral  2:neutral       0.057,*0.745,0.199 
   326  2:neutral  2:neutral       0.063,*0.792,0.145 
   327  2:neutral 1:negative   +   *0.909,0.043,0.048 
   328  2:neutral 1:negative   +   *0.56,0.392,0.048 
   329  2:neutral  2:neutral       0.163,*0.681,0.156 
   330  2:neutral  2:neutral       0.055,*0.857,0.089 
   331  2:neutral  2:neutral       0.085,*0.649,0.267 
   332  2:neutral  2:neutral       0.08,*0.733,0.187 
   333  2:neutral  2:neutral       0.014,*0.9,0.085 
   334  2:neutral 1:negative   +   *0.568,0.287,0.145 
   335  2:neutral 3:positive   +   0.02,0.432,*0.549 
   336  2:neutral  2:neutral       0.092,*0.53,0.378 
   337  2:neutral  2:neutral       0.081,*0.679,0.24 
   338  2:neutral  2:neutral       0.152,*0.504,0.344 
   339  2:neutral  2:neutral       0.056,*0.756,0.188 
   340  2:neutral  2:neutral       0.269,*0.478,0.253 
   341  2:neutral  2:neutral       0.054,*0.597,0.349 
   342  2:neutral 3:positive   +   0.072,0.203,*0.725 
   343  2:neutral  2:neutral       0.074,*0.713,0.212 
   344  2:neutral  2:neutral       0.024,*0.728,0.248 
   345  2:neutral  2:neutral       0.014,*0.775,0.211 
   346  2:neutral  2:neutral       0.084,*0.633,0.283 
   347  2:neutral  2:neutral       0.092,*0.628,0.281 
   348  2:neutral 1:negative   +   *0.464,0.239,0.297 
   349  2:neutral  2:neutral       0.139,*0.59,0.271 
   350  2:neutral  2:neutral       0.028,*0.808,0.164 
   351  2:neutral  2:neutral       0.055,*0.698,0.247 
   352  2:neutral  2:neutral       0.027,*0.837,0.136 
