Zero Weights processed. Default weights will be used
.
Warning: using -h 0 may be faster
*
optimization finished, #iter = 1868
C = 324.2682360187206
obj = 151794.91648349722, rho = 2.232928494411183
nSV = 2573, nBSV = 1786
Total nSV = 2573
.
Warning: using -h 0 may be faster
*
optimization finished, #iter = 1891
C = 320.74096634232416
obj = 151887.3187339348, rho = -0.7203617984975995
nSV = 2575, nBSV = 1763
Total nSV = 2575
.
Warning: using -h 0 may be faster
*
optimization finished, #iter = 1887
C = 344.8063547400317
obj = 165799.83077393545, rho = -2.515879569647994
nSV = 2577, nBSV = 1760
Total nSV = 2577
.
Warning: using -h 0 may be faster
*
optimization finished, #iter = 1817
C = 299.6507636013277
obj = 136669.63499011224, rho = 1.7057630374085695
nSV = 2530, nBSV = 1794
Total nSV = 2530
.
Warning: using -h 0 may be faster
*
optimization finished, #iter = 1932
C = 327.42933188514024
obj = 153860.19494148908, rho = -4.752043542232062
nSV = 2602, nBSV = 1744
Total nSV = 2602
.
Warning: using -h 0 may be faster
.
Warning: using -h 0 may be faster
*
optimization finished, #iter = 2355
C = 294.18452945348696
obj = 159565.52413652188, rho = -1.5401892017943681
nSV = 3154, nBSV = 2273
.
Warning: using -h 0 may be faster
...
Warning: using -h 0 may be faster
*
optimization finished, #iter = 4081
C = 1173.7190887704169
obj = 1110610.3220849107, rho = 27.415302926086007
nSV = 4627, nBSV = 2335
Total nSV = 4627
....
Warning: using -h 0 may be faster
*
optimization finished, #iter = 4210
C = 1258.300764966985
obj = 1217869.0979039248, rho = 39.29981525246775
nSV = 4697, nBSV = 2300
Total nSV = 4697
....
Warning: using -h 0 may be faster
*
optimization finished, #iter = 4074
C = 1219.4278347762672
obj = 1162734.0460190754, rho = 34.77916146099652
nSV = 4632, nBSV = 2317
Total nSV = 4632
....
Warning: using -h 0 may be faster
*
optimization finished, #iter = 4125
C = 1267.5192358695224
obj = 1241859.6226202752, rho = 30.625512364148662
nSV = 4665, nBSV = 2305
Total nSV = 4665
....
Warning: using -h 0 may be faster
*
optimization finished, #iter = 4061
C = 1145.8937600048741
obj = 1069506.742097594, rho = 31.68885164486732
nSV = 4615, nBSV = 2335
Total nSV = 4615
.
Warning: using -h 0 may be faster
....
Warning: using -h 0 may be faster
*
optimization finished, #iter = 5121
C = 1262.4100402541715
obj = 1434527.6329754356, rho = 35.002396402402425
nSV = 5651, nBSV = 3024
.
Warning: using -h 0 may be faster
*
optimization finished, #iter = 1997
C = 278.5882468497227
obj = 122791.03859132862, rho = -11.462460256103613
nSV = 2958, nBSV = 2111
Total nSV = 2958
.
Warning: using -h 0 may be faster
*
optimization finished, #iter = 1968
C = 260.1710849778701
obj = 112253.87661036642, rho = -17.427584913928033
nSV = 2958, nBSV = 2102
Total nSV = 2958
.
Warning: using -h 0 may be faster
*
optimization finished, #iter = 1977
C = 292.04339554892016
obj = 135390.08150386647, rho = -18.485150531982303
nSV = 2985, nBSV = 2100
Total nSV = 2985
..
Warning: using -h 0 may be faster
*
optimization finished, #iter = 2005
C = 246.2473625320569
obj = 107037.24501811615, rho = -17.482072433054675
nSV = 2921, nBSV = 2123
Total nSV = 2921
..
Warning: using -h 0 may be faster
*
optimization finished, #iter = 2016
C = 280.1249392708725
obj = 121385.56296877097, rho = -19.044643304316576
nSV = 3000, nBSV = 2090
Total nSV = 3000
.
Warning: using -h 0 may be faster
.
Warning: using -h 0 may be faster
*
optimization finished, #iter = 2363
C = 248.0399735364296
obj = 124858.05706441612, rho = 13.15447147485029
nSV = 3619, nBSV = 2694
Total nSV = 8418
.
Warning: using -h 0 may be faster
*
optimization finished, #iter = 1538
C = 340.3787009454922
obj = 138928.20747169244, rho = 6.1354656202287785
nSV = 2103, nBSV = 1374
Total nSV = 2103
.
Warning: using -h 0 may be faster
*
optimization finished, #iter = 1541
C = 357.3040639327528
obj = 145669.16061105588, rho = 7.831195911275918
nSV = 2107, nBSV = 1374
Total nSV = 2107
.
Warning: using -h 0 may be faster
*
optimization finished, #iter = 1528
C = 321.52895077878213
obj = 124616.31424799531, rho = 2.2329859721893666
nSV = 2086, nBSV = 1378
Total nSV = 2086
.
Warning: using -h 0 may be faster
*
optimization finished, #iter = 1527
C = 356.02022992730616
obj = 146563.56190255727, rho = -0.4897895955089353
nSV = 2084, nBSV = 1391
Total nSV = 2084
.
Warning: using -h 0 may be faster
*
optimization finished, #iter = 1516
C = 389.2208866941538
obj = 160387.07190068925, rho = 3.3870408021254583
nSV = 2117, nBSV = 1388
Total nSV = 2117
.
Warning: using -h 0 may be faster
*
optimization finished, #iter = 1934
C = 323.34194364732747
obj = 151197.62853505474, rho = 3.8548440837002365
nSV = 2578, nBSV = 1778
...
Warning: using -h 0 may be faster
*
optimization finished, #iter = 3233
C = 1166.8963748267938
obj = 974943.866748559, rho = -85.03688138153865
nSV = 3767, nBSV = 1811
Total nSV = 3767
...
Warning: using -h 0 may be faster
*
optimization finished, #iter = 3266
C = 1126.188957678616
obj = 920380.2677581919, rho = -83.326374623064
nSV = 3804, nBSV = 1809
Total nSV = 3804
...
Warning: using -h 0 may be faster
*
optimization finished, #iter = 3376
C = 1158.3973957613423
obj = 946309.5058282124, rho = -78.62860287438039
nSV = 3807, nBSV = 1796
Total nSV = 3807
...
Warning: using -h 0 may be faster
*
optimization finished, #iter = 3426
C = 1195.3782888059939
obj = 1009206.1057134125, rho = -94.2102346511416
nSV = 3798, nBSV = 1768
Total nSV = 3798
...
Warning: using -h 0 may be faster
*
optimization finished, #iter = 3542
C = 1242.3909794233891
obj = 1023380.1698183278, rho = -89.86465697021366
nSV = 3854, nBSV = 1759
Total nSV = 3854
....
Warning: using -h 0 may be faster
*
optimization finished, #iter = 4050
C = 1197.4419959718841
obj = 1151781.7045131638, rho = 35.820260553135576
nSV = 4634, nBSV = 2328
.
Warning: using -h 0 may be faster
*
optimization finished, #iter = 1645
C = 318.90147387803586
obj = 129824.69560621852, rho = 11.248686857760783
nSV = 2435, nBSV = 1634
Total nSV = 2435
.
Warning: using -h 0 may be faster
*
optimization finished, #iter = 1551
C = 264.8417893450686
obj = 97298.48827774951, rho = -12.340326327236697
nSV = 2385, nBSV = 1674
Total nSV = 2385
.
Warning: using -h 0 may be faster
*
optimization finished, #iter = 1632
C = 307.4647117897995
obj = 122059.06167464113, rho = -9.845692743424626
nSV = 2423, nBSV = 1630
Total nSV = 2423
.
Warning: using -h 0 may be faster
*
optimization finished, #iter = 1570
C = 273.4114711029264
obj = 103088.1120738216, rho = -8.725613144058517
nSV = 2415, nBSV = 1653
Total nSV = 2415
.
Warning: using -h 0 may be faster
*
optimization finished, #iter = 1664
C = 300.5038187871463
obj = 117033.6567540966, rho = -17.31985486329367
nSV = 2410, nBSV = 1632
Total nSV = 2410
.
Warning: using -h 0 may be faster
*
optimization finished, #iter = 1962
C = 269.6139519848504
obj = 119004.46910277379, rho = 9.356078271706071
nSV = 2944, nBSV = 2115
Total nSV = 6820
.
Warning: using -h 0 may be faster
*
optimization finished, #iter = 1617
C = 342.5247962834071
obj = 135568.71531692773, rho = -1.6093980280015716
nSV = 2110, nBSV = 1368
Total nSV = 2110
.
Warning: using -h 0 may be faster
*
optimization finished, #iter = 1569
C = 366.48869583395384
obj = 147669.47892992248, rho = 0.15816856487536707
nSV = 2126, nBSV = 1379
Total nSV = 2126
.
Warning: using -h 0 may be faster
*
optimization finished, #iter = 1585
C = 356.8574723372755
obj = 145874.16412558063, rho = 5.2584790590344355
nSV = 2106, nBSV = 1376
Total nSV = 2106
.
Warning: using -h 0 may be faster
*
optimization finished, #iter = 1542
C = 318.0343879830661
obj = 126289.18510591352, rho = -0.4040578067691793
nSV = 2077, nBSV = 1406
Total nSV = 2077
.
Warning: using -h 0 may be faster
*
optimization finished, #iter = 1525
C = 318.6988233761093
obj = 122626.85108076886, rho = -4.559320201267278
nSV = 2068, nBSV = 1405
Total nSV = 2068
.
Warning: using -h 0 may be faster
*
optimization finished, #iter = 1863
C = 312.66402731788884
obj = 142910.23998861917, rho = -0.6201298897434093
nSV = 2579, nBSV = 1798
...
Warning: using -h 0 may be faster
*
optimization finished, #iter = 3252
C = 1169.4078617290677
obj = 946920.183483238, rho = 18.950349664291487
nSV = 3811, nBSV = 1814
Total nSV = 3811
...
Warning: using -h 0 may be faster
*
optimization finished, #iter = 3289
C = 1219.959277984182
obj = 1015954.0500841371, rho = -87.19257914506807
nSV = 3813, nBSV = 1798
Total nSV = 3813
...
Warning: using -h 0 may be faster
*
optimization finished, #iter = 3399
C = 1161.4868958504287
obj = 952457.3879181186, rho = -68.07387310642052
nSV = 3783, nBSV = 1789
Total nSV = 3783
...
Warning: using -h 0 may be faster
*
optimization finished, #iter = 3464
C = 1212.642843310063
obj = 991318.9546889081, rho = -70.23074428199651
nSV = 3836, nBSV = 1794
Total nSV = 3836
...
Warning: using -h 0 may be faster
*
optimization finished, #iter = 3321
C = 1163.0388190040444
obj = 943876.346753421, rho = -66.75373638258401
nSV = 3812, nBSV = 1796
Total nSV = 3812
....
Warning: using -h 0 may be faster
*
optimization finished, #iter = 4109
C = 1196.9895212184165
obj = 1137900.7285719905, rho = 29.851262047061066
nSV = 4641, nBSV = 2316
.
Warning: using -h 0 may be faster
*
optimization finished, #iter = 1527
C = 283.64012107032
obj = 106701.21531972315, rho = -17.083161198387266
nSV = 2377, nBSV = 1663
Total nSV = 2377
.
Warning: using -h 0 may be faster
*
optimization finished, #iter = 1564
C = 283.6369549561358
obj = 106790.50526457168, rho = -15.894654240830443
nSV = 2383, nBSV = 1654
Total nSV = 2383
.
Warning: using -h 0 may be faster
*
optimization finished, #iter = 1588
C = 268.6194152167234
obj = 98466.91771836454, rho = -9.841064318476374
nSV = 2380, nBSV = 1660
Total nSV = 2380
.
Warning: using -h 0 may be faster
*
optimization finished, #iter = 1519
C = 259.175822493442
obj = 93630.82741297687, rho = -15.192572816208626
nSV = 2355, nBSV = 1681
Total nSV = 2355
.
Warning: using -h 0 may be faster
*
optimization finished, #iter = 1699
C = 280.7757985177945
obj = 104640.23613250388, rho = -15.258271618028097
nSV = 2415, nBSV = 1653
Total nSV = 2415
.
Warning: using -h 0 may be faster
*
optimization finished, #iter = 1856
C = 251.14190057991172
obj = 106253.07350518338, rho = 11.24363757081024
nSV = 2920, nBSV = 2119
Total nSV = 6843
...
Warning: using -h 0 may be faster
*
optimization finished, #iter = 3388
C = 1282.312743043063
obj = 1073260.6438658028, rho = -69.33655411007206
nSV = 3821, nBSV = 1794
Total nSV = 3821
...
Warning: using -h 0 may be faster
*
optimization finished, #iter = 3323
C = 1244.78587253562
obj = 1032179.9029751414, rho = -62.244147432883835
nSV = 3821, nBSV = 1782
Total nSV = 3821
...
Warning: using -h 0 may be faster
*
optimization finished, #iter = 3379
C = 1200.1933816776943
obj = 990973.2463926635, rho = -80.2856524413124
nSV = 3818, nBSV = 1771
Total nSV = 3818
...
Warning: using -h 0 may be faster
*
optimization finished, #iter = 3446
C = 1217.8346560013467
obj = 1003389.1091867628, rho = -72.37842605429532
nSV = 3820, nBSV = 1767
Total nSV = 3820
...
Warning: using -h 0 may be faster
*
optimization finished, #iter = 3287
C = 1231.5086237004837
obj = 1017589.4602965917, rho = -83.34559477567267
nSV = 3781, nBSV = 1764
Total nSV = 3781
.
Warning: using -h 0 may be faster
...
Warning: using -h 0 may be faster
*
optimization finished, #iter = 4085
C = 1276.4683389506222
obj = 1261600.0811300036, rho = -83.26154757958523
nSV = 4655, nBSV = 2323
.
Warning: using -h 0 may be faster
*
optimization finished, #iter = 1672
C = 326.80027907250064
obj = 128752.60959805861, rho = 6.169443246243936
nSV = 2451, nBSV = 1621
Total nSV = 2451
.
Warning: using -h 0 may be faster
*
optimization finished, #iter = 1677
C = 356.13106383809037
obj = 146151.402417516, rho = -18.768503705630785
nSV = 2445, nBSV = 1609
Total nSV = 2445
.
Warning: using -h 0 may be faster
*
optimization finished, #iter = 1723
C = 349.58168006228226
obj = 142613.58240416815, rho = -15.918847778159845
nSV = 2443, nBSV = 1613
Total nSV = 2443
.
Warning: using -h 0 may be faster
*
optimization finished, #iter = 1670
C = 316.6245357430561
obj = 126513.28374270165, rho = -14.23936316636621
nSV = 2433, nBSV = 1598
Total nSV = 2433
.
Warning: using -h 0 may be faster
*
optimization finished, #iter = 1619
C = 286.7197170363103
obj = 107740.08816914832, rho = -16.753187407208323
nSV = 2409, nBSV = 1641
Total nSV = 2409
.
Warning: using -h 0 may be faster
*
optimization finished, #iter = 1941
C = 305.86569940632063
obj = 140478.07014838632, rho = -16.813988154175266
nSV = 3002, nBSV = 2073
.
Warning: using -h 0 may be faster
*
optimization finished, #iter = 1527
C = 330.9991780529587
obj = 134170.84681407295, rho = 0.5893055257368881
nSV = 2093, nBSV = 1387
Total nSV = 2093
.
Warning: using -h 0 may be faster
*
optimization finished, #iter = 1566
C = 363.67157457079287
obj = 148674.68156592856, rho = -3.3668371806090667
nSV = 2114, nBSV = 1381
Total nSV = 2114
.
Warning: using -h 0 may be faster
*
optimization finished, #iter = 1475
C = 325.76922197642716
obj = 127037.75505669712, rho = -7.194145947153428
nSV = 2076, nBSV = 1408
Total nSV = 2076
.
Warning: using -h 0 may be faster
*
optimization finished, #iter = 1511
C = 341.21042592606057
obj = 132808.90578136354, rho = -4.396605461421037
nSV = 2096, nBSV = 1403
Total nSV = 2096
.
Warning: using -h 0 may be faster
*
optimization finished, #iter = 1483
C = 324.57014966513304
obj = 125382.92174631318, rho = -5.053050416790017
nSV = 2089, nBSV = 1404
Total nSV = 2089
Line search fails in two-class probability estimates
.
Warning: using -h 0 may be faster
*
optimization finished, #iter = 1748
C = 311.7793053708696
obj = 144017.15077333292, rho = -0.23456996638621852
nSV = 2546, nBSV = 1819
Total nSV = 6874
.
Warning: using -h 0 may be faster
*
optimization finished, #iter = 1444
C = 347.20902746808696
obj = 136880.5227579959, rho = -0.2279185220792013
nSV = 2091, nBSV = 1403
Total nSV = 2091
.
Warning: using -h 0 may be faster
*
optimization finished, #iter = 1498
C = 331.9950217709739
obj = 129350.13760502238, rho = -1.3564859189881375
nSV = 2085, nBSV = 1399
Total nSV = 2085
.
Warning: using -h 0 may be faster
*
optimization finished, #iter = 1580
C = 373.20377522892284
obj = 151232.5132282165, rho = 0.15791933322481744
nSV = 2121, nBSV = 1372
Total nSV = 2121
.
Warning: using -h 0 may be faster
*
optimization finished, #iter = 1562
C = 366.8562992892307
obj = 149781.63167219196, rho = -2.53323306611419
nSV = 2105, nBSV = 1376
Total nSV = 2105
.
Warning: using -h 0 may be faster
*
optimization finished, #iter = 1501
C = 380.67994205617697
obj = 157517.23468377237, rho = 0.05408395053076678
nSV = 2083, nBSV = 1373
Total nSV = 2083
.
Warning: using -h 0 may be faster
*
optimization finished, #iter = 1934
C = 331.333861934002
obj = 154191.45089994333, rho = -5.588856271581262
nSV = 2581, nBSV = 1770
.
Warning: using -h 0 may be faster
*
optimization finished, #iter = 1519
C = 293.228874424967
obj = 114806.23387556919, rho = -15.851369145854267
nSV = 2416, nBSV = 1635
Total nSV = 2416
.
Warning: using -h 0 may be faster
*
optimization finished, #iter = 1452
C = 221.42274933485217
obj = 72798.25845156789, rho = 3.4006121865918733
nSV = 2347, nBSV = 1711
Total nSV = 2347
.
Warning: using -h 0 may be faster
*
optimization finished, #iter = 1579
C = 319.7794825809213
obj = 129024.00957240249, rho = 6.778998418952721
nSV = 2436, nBSV = 1634
Total nSV = 2436
.
Warning: using -h 0 may be faster
*
optimization finished, #iter = 1545
C = 290.0842296091739
obj = 112033.24137805916, rho = 7.51798038276047
nSV = 2388, nBSV = 1651
Total nSV = 2388
.
Warning: using -h 0 may be faster
*
optimization finished, #iter = 1572
C = 306.61854528341587
obj = 118608.08433876175, rho = 12.046692090341608
nSV = 2401, nBSV = 1634
Total nSV = 2401
.
Warning: using -h 0 may be faster
*
optimization finished, #iter = 1927
C = 266.48550439316415
obj = 116134.26142259939, rho = 9.622698225621399
nSV = 2951, nBSV = 2104
...
Warning: using -h 0 may be faster
*
optimization finished, #iter = 3140
C = 1168.0828868583444
obj = 951977.1292484198, rho = 20.447679338472653
nSV = 3770, nBSV = 1821
Total nSV = 3770
...
Warning: using -h 0 may be faster
*
optimization finished, #iter = 3403
C = 1200.3112587320932
obj = 999560.9174315857, rho = -75.78280685221637
nSV = 3832, nBSV = 1783
Total nSV = 3832
...
Warning: using -h 0 may be faster
*
optimization finished, #iter = 3362
C = 1113.1399552468472
obj = 897078.5927302885, rho = -78.87216241812601
nSV = 3780, nBSV = 1812
Total nSV = 3780
...
Warning: using -h 0 may be faster
*
optimization finished, #iter = 3516
C = 1208.1370347977545
obj = 995606.5932855981, rho = -65.25113463304847
nSV = 3834, nBSV = 1793
Total nSV = 3834
...
Warning: using -h 0 may be faster
*
optimization finished, #iter = 3351
C = 1192.264240831714
obj = 976476.9484244675, rho = -68.17289850668038
nSV = 3811, nBSV = 1806
Total nSV = 3811
....
Warning: using -h 0 may be faster
*
optimization finished, #iter = 4192
C = 1187.3881266026874
obj = 1133875.5756356046, rho = 24.836126989975575
nSV = 4633, nBSV = 2326
Total nSV = 6822
.
Warning: using -h 0 may be faster
*
optimization finished, #iter = 1539
C = 270.72606160638543
obj = 99403.89913200651, rho = -11.460282086606446
nSV = 2381, nBSV = 1696
Total nSV = 2381
.
Warning: using -h 0 may be faster
*
optimization finished, #iter = 1660
C = 259.12757246578735
obj = 94841.07091281148, rho = 9.626292073909035
nSV = 2388, nBSV = 1654
Total nSV = 2388
.
Warning: using -h 0 may be faster
*
optimization finished, #iter = 1613
C = 304.082249404773
obj = 115677.08082210433, rho = 8.361893219665394
nSV = 2419, nBSV = 1642
Total nSV = 2419
.
Warning: using -h 0 may be faster
*
optimization finished, #iter = 1499
C = 234.15644875594845
obj = 80716.00237640526, rho = 8.32831532102419
nSV = 2347, nBSV = 1705
Total nSV = 2347
.
Warning: using -h 0 may be faster
*
optimization finished, #iter = 1549
C = 263.98096353223906
obj = 97879.95112840146, rho = 7.48799462208058
nSV = 2353, nBSV = 1650
Total nSV = 2353
.
Warning: using -h 0 may be faster
*
optimization finished, #iter = 1980
C = 243.01036105656794
obj = 101414.22252531898, rho = 10.522296444530928
nSV = 2945, nBSV = 2113
.
Warning: using -h 0 may be faster
*
optimization finished, #iter = 1556
C = 362.4696556494548
obj = 149225.95534386227, rho = -3.5518167201827358
nSV = 2122, nBSV = 1363
Total nSV = 2122
.
Warning: using -h 0 may be faster
*
optimization finished, #iter = 1534
C = 363.5471193214699
obj = 151720.80131286068, rho = -1.1760818697339674
nSV = 2122, nBSV = 1371
Total nSV = 2122
.
Warning: using -h 0 may be faster
*
optimization finished, #iter = 1549
C = 324.538850124611
obj = 125215.40503439498, rho = -1.8836124478942493
nSV = 2070, nBSV = 1399
Total nSV = 2070
.
Warning: using -h 0 may be faster
*
optimization finished, #iter = 1533
C = 340.209959426049
obj = 133713.7712277498, rho = -1.9610235306093384
nSV = 2110, nBSV = 1393
Total nSV = 2110
.
Warning: using -h 0 may be faster
*
optimization finished, #iter = 1527
C = 329.2439544360423
obj = 127273.1664621595, rho = -1.0055564069533518
nSV = 2077, nBSV = 1416
Total nSV = 2077
.
Warning: using -h 0 may be faster
*
optimization finished, #iter = 1841
C = 319.80270975881444
obj = 149685.3908331946, rho = -2.7326490206164293
nSV = 2560, nBSV = 1768
...
Warning: using -h 0 may be faster
*
optimization finished, #iter = 3301
C = 1190.727435347247
obj = 978219.5960613643, rho = 34.50404204012941
nSV = 3787, nBSV = 1780
Total nSV = 3787
...
Warning: using -h 0 may be faster
*
optimization finished, #iter = 3309
C = 1226.4109085284124
obj = 1014475.4534300381, rho = -68.7575864535747
nSV = 3822, nBSV = 1777
Total nSV = 3822
...
Warning: using -h 0 may be faster
*
optimization finished, #iter = 3255
C = 1263.9085126621148
obj = 1053968.2325462077, rho = -74.85745889280743
nSV = 3800, nBSV = 1796
Total nSV = 3800
...
Warning: using -h 0 may be faster
*
optimization finished, #iter = 3134
C = 1247.733154047904
obj = 1036174.0491646924, rho = -75.90110631487909
nSV = 3796, nBSV = 1820
Total nSV = 3796
...
Warning: using -h 0 may be faster
*
optimization finished, #iter = 3173
C = 1246.5729786901907
obj = 1041060.7200313868, rho = -71.71348346726904
nSV = 3774, nBSV = 1803
Total nSV = 3774
.
Warning: using -h 0 may be faster
...
Warning: using -h 0 may be faster
*
optimization finished, #iter = 4207
C = 1288.8874159152683
obj = 1274406.7843776385, rho = -85.22404141564306
nSV = 4653, nBSV = 2276
Total nSV = 6859


=== Predictions under cross-validation ===

 inst#     actual  predicted error distribution
     1  2:neutral  2:neutral       0.231,*0.645,0.124 
     2  2:neutral  2:neutral       0.04,*0.754,0.206 
     3  2:neutral 3:positive   +   0.076,0.337,*0.587 
     4  2:neutral  2:neutral       0.07,*0.592,0.337 
     5  2:neutral  2:neutral       0.056,*0.775,0.169 
     6  2:neutral 1:negative   +   *0.503,0.45,0.047 
     7  2:neutral  2:neutral       0.042,*0.561,0.397 
     8  2:neutral  2:neutral       0.051,*0.833,0.115 
     9  2:neutral  2:neutral       0.087,*0.653,0.26 
    10  2:neutral 1:negative   +   *0.749,0.161,0.09 
    11  2:neutral 3:positive   +   0.024,0.444,*0.532 
    12  2:neutral  2:neutral       0.056,*0.802,0.142 
    13  2:neutral  2:neutral       0.034,*0.812,0.154 
    14  2:neutral  2:neutral       0.017,*0.574,0.409 
    15  2:neutral  2:neutral       0.364,*0.482,0.154 
    16  2:neutral  2:neutral       0.025,*0.699,0.276 
    17  2:neutral  2:neutral       0.349,*0.398,0.253 
    18  2:neutral  2:neutral       0.204,*0.474,0.322 
    19  2:neutral  2:neutral       0.12,*0.744,0.136 
    20  2:neutral  2:neutral       0.022,*0.94,0.037 
    21  2:neutral 1:negative   +   *0.767,0.084,0.148 
    22  2:neutral  2:neutral       0.06,*0.601,0.339 
    23  2:neutral  2:neutral       0.084,*0.699,0.217 
    24  2:neutral  2:neutral       0.073,*0.843,0.084 
    25  2:neutral  2:neutral       0.045,*0.724,0.231 
    26  2:neutral 3:positive   +   0.058,0.217,*0.725 
    27  2:neutral  2:neutral       0.032,*0.913,0.055 
    28  2:neutral 1:negative   +   *0.715,0.21,0.075 
    29  2:neutral  2:neutral       0.016,*0.615,0.369 
    30  2:neutral 3:positive   +   0.031,0.45,*0.518 
    31  2:neutral  2:neutral       0.182,*0.715,0.103 
    32  2:neutral 1:negative   +   *0.936,0.051,0.013 
    33  2:neutral  2:neutral       0.02,*0.9,0.08 
    34  2:neutral  2:neutral       0.055,*0.816,0.13 
    35  2:neutral  2:neutral       0.07,*0.85,0.08 
    36  2:neutral  2:neutral       0.033,*0.657,0.311 
    37  2:neutral  2:neutral       0.061,*0.795,0.144 
    38  2:neutral  2:neutral       0.111,*0.733,0.155 
    39  2:neutral  2:neutral       0.052,*0.719,0.229 
    40  2:neutral  2:neutral       0.046,*0.709,0.245 
    41  2:neutral  2:neutral       0.051,*0.782,0.166 
    42  2:neutral  2:neutral       0.071,*0.774,0.155 
    43  2:neutral 3:positive   +   0.1,0.265,*0.635 
    44  2:neutral 3:positive   +   0.07,0.382,*0.548 
    45  2:neutral  2:neutral       0.086,*0.806,0.108 
    46  2:neutral  2:neutral       0.025,*0.608,0.367 
    47  2:neutral  2:neutral       0.05,*0.66,0.29 
    48  2:neutral  2:neutral       0.067,*0.535,0.397 
    49  2:neutral  2:neutral       0.042,*0.902,0.055 
    50  2:neutral  2:neutral       0.035,*0.791,0.174 
    51  2:neutral  2:neutral       0.135,*0.812,0.053 
    52  2:neutral  2:neutral       0.281,*0.497,0.223 
    53  2:neutral  2:neutral       0.078,*0.525,0.397 
    54  2:neutral  2:neutral       0.104,*0.584,0.312 
    55  2:neutral  2:neutral       0.067,*0.802,0.131 
    56  2:neutral  2:neutral       0.043,*0.932,0.025 
    57  2:neutral  2:neutral       0.272,*0.434,0.295 
    58  2:neutral  2:neutral       0.077,*0.578,0.346 
    59  2:neutral  2:neutral       0.073,*0.664,0.263 
    60  2:neutral  2:neutral       0.052,*0.521,0.427 
    61  2:neutral  2:neutral       0.301,*0.57,0.129 
    62  2:neutral  2:neutral       0.1,*0.653,0.246 
    63  2:neutral  2:neutral       0.034,*0.704,0.262 
    64  2:neutral  2:neutral       0.079,*0.562,0.359 
    65  2:neutral  2:neutral       0.209,*0.672,0.119 
    66  2:neutral 3:positive   +   0.053,0.398,*0.549 
    67  2:neutral  2:neutral       0.032,*0.5,0.468 
    68  2:neutral  2:neutral       0.284,*0.519,0.198 
    69  2:neutral 3:positive   +   0.042,0.285,*0.673 
    70  2:neutral 3:positive   +   0.067,0.403,*0.531 
    71  2:neutral  2:neutral       0.189,*0.681,0.13 
    72  2:neutral 3:positive   +   0.048,0.131,*0.82 
    73  2:neutral  2:neutral       0.199,*0.51,0.29 
    74  2:neutral 3:positive   +   0.216,0.372,*0.413 
    75  2:neutral  2:neutral       0.064,*0.779,0.157 
    76  2:neutral  2:neutral       0.058,*0.645,0.297 
    77  2:neutral  2:neutral       0.171,*0.663,0.166 
    78  2:neutral  2:neutral       0.106,*0.757,0.137 
    79  2:neutral  2:neutral       0.198,*0.719,0.083 
    80  2:neutral  2:neutral       0.044,*0.833,0.123 
    81  2:neutral 3:positive   +   0.301,0.294,*0.404 
    82  2:neutral  2:neutral       0.091,*0.864,0.046 
    83  2:neutral 3:positive   +   0.195,0.192,*0.614 
    84  2:neutral 3:positive   +   0.027,0.173,*0.8 
    85  2:neutral  2:neutral       0.305,*0.428,0.268 
    86  2:neutral  2:neutral       0.075,*0.856,0.069 
    87  2:neutral  2:neutral       0.012,*0.612,0.375 
    88  2:neutral  2:neutral       0.029,*0.782,0.189 
    89  2:neutral 1:negative   +   *0.5,0.318,0.182 
    90  2:neutral  2:neutral       0.032,*0.727,0.242 
    91  2:neutral  2:neutral       0.081,*0.738,0.181 
    92  2:neutral  2:neutral       0.121,*0.72,0.158 
    93  2:neutral  2:neutral       0.084,*0.631,0.285 
    94  2:neutral  2:neutral       0.059,*0.571,0.37 
    95  2:neutral 3:positive   +   0.043,0.364,*0.593 
    96  2:neutral  2:neutral       0.236,*0.692,0.072 
    97  2:neutral  2:neutral       0.067,*0.747,0.186 
    98  2:neutral 3:positive   +   0.055,0.396,*0.549 
    99  2:neutral  2:neutral       0.06,*0.771,0.169 
   100  2:neutral  2:neutral       0.073,*0.702,0.224 
   101  2:neutral  2:neutral       0.206,*0.53,0.263 
   102  2:neutral 3:positive   +   0.054,0.277,*0.668 
   103  2:neutral  2:neutral       0.048,*0.745,0.207 
   104  2:neutral  2:neutral       0.171,*0.564,0.264 
   105  2:neutral  2:neutral       0.054,*0.657,0.289 
   106  2:neutral 3:positive   +   0.328,0.244,*0.428 
   107  2:neutral  2:neutral       0.084,*0.699,0.217 
   108  2:neutral  2:neutral       0.038,*0.757,0.205 
   109  2:neutral  2:neutral       0.02,*0.837,0.144 
   110  2:neutral  2:neutral       0.079,*0.745,0.176 
   111  2:neutral  2:neutral       0.073,*0.731,0.196 
   112  2:neutral  2:neutral       0.016,*0.849,0.135 
   113  2:neutral  2:neutral       0.038,*0.687,0.275 
   114  2:neutral 3:positive   +   0.067,0.338,*0.595 
   115  2:neutral  2:neutral       0.06,*0.755,0.185 
   116  2:neutral  2:neutral       0.146,*0.571,0.283 
   117  2:neutral  2:neutral       0.032,*0.924,0.044 
   118  2:neutral  2:neutral       0.139,*0.457,0.404 
   119  2:neutral  2:neutral       0.036,*0.864,0.1 
   120  2:neutral 3:positive   +   0.048,0.241,*0.711 
   121  2:neutral  2:neutral       0.072,*0.662,0.266 
   122  2:neutral 3:positive   +   0.2,0.206,*0.594 
   123  2:neutral  2:neutral       0.086,*0.823,0.091 
   124  2:neutral  2:neutral       0.108,*0.748,0.144 
   125  2:neutral 1:negative   +   *0.473,0.441,0.086 
   126  2:neutral  2:neutral       0.046,*0.77,0.185 
   127  2:neutral  2:neutral       0.039,*0.869,0.092 
   128  2:neutral 3:positive   +   0.049,0.396,*0.555 
   129  2:neutral  2:neutral       0.181,*0.674,0.145 
   130  2:neutral  2:neutral       0.041,*0.806,0.153 
   131  2:neutral  2:neutral       0.255,*0.468,0.277 
   132  2:neutral  2:neutral       0.071,*0.713,0.215 
   133  2:neutral  2:neutral       0.041,*0.697,0.262 
   134  2:neutral  2:neutral       0.064,*0.852,0.083 
   135  2:neutral  2:neutral       0.035,*0.811,0.154 
   136  2:neutral  2:neutral       0.01,*0.839,0.151 
   137  2:neutral  2:neutral       0.059,*0.729,0.211 
   138  2:neutral 3:positive   +   0.029,0.399,*0.572 
   139  2:neutral  2:neutral       0.344,*0.474,0.182 
   140  2:neutral  2:neutral       0.251,*0.661,0.088 
   141  2:neutral  2:neutral       0.049,*0.695,0.257 
   142  2:neutral  2:neutral       0.127,*0.741,0.133 
   143  2:neutral  2:neutral       0.255,*0.437,0.308 
   144  2:neutral  2:neutral       0.178,*0.655,0.168 
   145  2:neutral 3:positive   +   0.285,0.242,*0.474 
   146  2:neutral  2:neutral       0.164,*0.75,0.086 
   147  2:neutral  2:neutral       0.027,*0.806,0.167 
   148  2:neutral  2:neutral       0.057,*0.788,0.155 
   149  2:neutral 3:positive   +   0.172,0.262,*0.566 
   150  2:neutral  2:neutral       0.065,*0.863,0.072 
   151  2:neutral  2:neutral       0.043,*0.61,0.348 
   152  2:neutral  2:neutral       0.049,*0.862,0.089 
   153  2:neutral  2:neutral       0.04,*0.848,0.112 
   154  2:neutral  2:neutral       0.11,*0.726,0.164 
   155  2:neutral 3:positive   +   0.029,0.336,*0.635 
   156  2:neutral 3:positive   +   0.049,0.346,*0.605 
   157  2:neutral  2:neutral       0.018,*0.66,0.322 
   158  2:neutral  2:neutral       0.057,*0.829,0.114 
   159  2:neutral  2:neutral       0.09,*0.868,0.043 
   160  2:neutral  2:neutral       0.013,*0.852,0.134 
   161  2:neutral  2:neutral       0.194,*0.534,0.272 
   162  2:neutral  2:neutral       0.028,*0.777,0.195 
   163  2:neutral  2:neutral       0.025,*0.739,0.236 
   164  2:neutral  2:neutral       0.157,*0.635,0.208 
   165  2:neutral  2:neutral       0.063,*0.873,0.065 
   166  2:neutral  2:neutral       0.068,*0.73,0.202 
   167  2:neutral  2:neutral       0.06,*0.653,0.287 
   168  2:neutral  2:neutral       0.078,*0.78,0.142 
   169  2:neutral  2:neutral       0.111,*0.704,0.185 
   170  2:neutral  2:neutral       0.058,*0.865,0.077 
   171  2:neutral  2:neutral       0.056,*0.652,0.292 
   172  2:neutral  2:neutral       0.265,*0.645,0.09 
   173  2:neutral 1:negative   +   *0.833,0.121,0.046 
   174  2:neutral  2:neutral       0.09,*0.652,0.258 
   175  2:neutral  2:neutral       0.102,*0.766,0.132 
   176  2:neutral  2:neutral       0.094,*0.733,0.174 
   177  2:neutral  2:neutral       0.032,*0.874,0.095 
   178  2:neutral  2:neutral       0.13,*0.708,0.163 
   179  2:neutral  2:neutral       0.052,*0.718,0.23 
   180  2:neutral  2:neutral       0.045,*0.782,0.173 
   181  2:neutral  2:neutral       0.049,*0.846,0.106 
   182  2:neutral  2:neutral       0.18,*0.716,0.104 
   183  2:neutral  2:neutral       0.079,*0.722,0.199 
   184  2:neutral 3:positive   +   0.041,0.361,*0.598 
   185  2:neutral  2:neutral       0.084,*0.588,0.328 
   186  2:neutral  2:neutral       0.018,*0.739,0.242 
   187  2:neutral  2:neutral       0.053,*0.517,0.43 
   188  2:neutral 3:positive   +   0.071,0.377,*0.551 
   189  2:neutral  2:neutral       0.369,*0.553,0.079 
   190  2:neutral  2:neutral       0.128,*0.776,0.097 
   191  2:neutral  2:neutral       0.096,*0.801,0.103 
   192  2:neutral  2:neutral       0.061,*0.702,0.237 
   193  2:neutral 3:positive   +   0.016,0.367,*0.617 
   194  2:neutral  2:neutral       0.067,*0.84,0.093 
   195  2:neutral  2:neutral       0.101,*0.542,0.357 
   196  2:neutral  2:neutral       0.182,*0.689,0.129 
   197  2:neutral  2:neutral       0.094,*0.8,0.106 
   198  2:neutral 1:negative   +   *0.443,0.421,0.137 
   199  2:neutral 3:positive   +   0.088,0.186,*0.726 
   200  2:neutral  2:neutral       0.08,*0.667,0.253 
   201  2:neutral  2:neutral       0.014,*0.887,0.099 
   202  2:neutral  2:neutral       0.119,*0.689,0.193 
   203  2:neutral 3:positive   +   0.061,0.368,*0.571 
   204  2:neutral  2:neutral       0.032,*0.941,0.028 
   205  2:neutral  2:neutral       0.03,*0.686,0.284 
   206  2:neutral  2:neutral       0.229,*0.543,0.228 
   207  2:neutral  2:neutral       0.078,*0.608,0.314 
   208  2:neutral  2:neutral       0.05,*0.844,0.106 
   209  2:neutral  2:neutral       0.048,*0.83,0.122 
   210  2:neutral 1:negative   +   *0.446,0.223,0.331 
   211  2:neutral  2:neutral       0.038,*0.687,0.275 
   212  2:neutral  2:neutral       0.049,*0.829,0.122 
   213  2:neutral  2:neutral       0.079,*0.777,0.144 
   214  2:neutral  2:neutral       0.104,*0.748,0.148 
   215  2:neutral  2:neutral       0.127,*0.548,0.325 
   216  2:neutral  2:neutral       0.053,*0.496,0.452 
   217  2:neutral  2:neutral       0.059,*0.86,0.082 
   218  2:neutral 3:positive   +   0.237,0.366,*0.397 
   219  2:neutral  2:neutral       0.216,*0.649,0.134 
   220  2:neutral  2:neutral       0.076,*0.794,0.13 
   221  2:neutral 1:negative   +   *0.577,0.171,0.251 
   222  2:neutral 3:positive   +   0.104,0.386,*0.509 
   223  2:neutral  2:neutral       0.065,*0.774,0.161 
   224  2:neutral  2:neutral       0.186,*0.661,0.153 
   225  2:neutral  2:neutral       0.021,*0.862,0.117 
   226  2:neutral  2:neutral       0.041,*0.771,0.188 
   227  2:neutral  2:neutral       0.045,*0.796,0.159 
   228  2:neutral 3:positive   +   0.037,0.302,*0.661 
   229  2:neutral  2:neutral       0.019,*0.569,0.413 
   230  2:neutral 1:negative   +   *0.549,0.202,0.249 
   231  2:neutral  2:neutral       0.093,*0.822,0.085 
   232  2:neutral  2:neutral       0.348,*0.449,0.203 
   233  2:neutral  2:neutral       0.159,*0.584,0.258 
   234  2:neutral 3:positive   +   0.025,0.455,*0.52 
   235  2:neutral  2:neutral       0.351,*0.565,0.084 
   236  2:neutral  2:neutral       0.115,*0.557,0.328 
   237  2:neutral  2:neutral       0.032,*0.58,0.387 
   238  2:neutral  2:neutral       0.459,*0.473,0.069 
   239  2:neutral  2:neutral       0.218,*0.486,0.296 
   240  2:neutral  2:neutral       0.214,*0.59,0.197 
   241  2:neutral 1:negative   +   *0.528,0.343,0.129 
   242  2:neutral  2:neutral       0.058,*0.838,0.104 
   243  2:neutral 3:positive   +   0.042,0.319,*0.639 
   244  2:neutral  2:neutral       0.051,*0.844,0.105 
   245  2:neutral  2:neutral       0.168,*0.659,0.174 
   246  2:neutral 3:positive   +   0.012,0.374,*0.613 
   247  2:neutral  2:neutral       0.015,*0.966,0.018 
   248  2:neutral  2:neutral       0.047,*0.655,0.298 
   249  2:neutral  2:neutral       0.095,*0.574,0.331 
   250  2:neutral  2:neutral       0.043,*0.743,0.214 
   251  2:neutral  2:neutral       0.078,*0.528,0.394 
   252  2:neutral  2:neutral       0.061,*0.775,0.164 
   253  2:neutral  2:neutral       0.119,*0.757,0.124 
   254  2:neutral  2:neutral       0.125,*0.798,0.077 
   255  2:neutral  2:neutral       0.045,*0.75,0.204 
   256  2:neutral  2:neutral       0.073,*0.605,0.322 
   257  2:neutral  2:neutral       0.084,*0.699,0.217 
   258  2:neutral  2:neutral       0.094,*0.86,0.045 
   259  2:neutral  2:neutral       0.077,*0.548,0.375 
   260  2:neutral  2:neutral       0.226,*0.694,0.08 
   261  2:neutral 3:positive   +   0.037,0.254,*0.708 
   262  2:neutral  2:neutral       0.023,*0.868,0.11 
   263  2:neutral  2:neutral       0.086,*0.728,0.186 
   264  2:neutral  2:neutral       0.074,*0.791,0.135 
   265  2:neutral  2:neutral       0.1,*0.677,0.223 
   266  2:neutral  2:neutral       0.056,*0.573,0.372 
   267  2:neutral 3:positive   +   0.052,0.318,*0.629 
   268  2:neutral  2:neutral       0.246,*0.622,0.132 
   269  2:neutral  2:neutral       0.257,*0.416,0.327 
   270  2:neutral  2:neutral       0.085,*0.507,0.409 
   271  2:neutral 1:negative   +   *0.393,0.308,0.299 
   272  2:neutral 3:positive   +   0.079,0.095,*0.826 
   273  2:neutral  2:neutral       0.119,*0.71,0.171 
   274  2:neutral  2:neutral       0.038,*0.723,0.238 
   275  2:neutral 1:negative   +   *0.702,0.092,0.206 
   276  2:neutral  2:neutral       0.012,*0.905,0.083 
   277  2:neutral  2:neutral       0.024,*0.562,0.414 
   278  2:neutral  2:neutral       0.044,*0.882,0.074 
   279  2:neutral 1:negative   +   *0.584,0.27,0.146 
   280  2:neutral 3:positive   +   0.016,0.396,*0.589 
   281  2:neutral  2:neutral       0.097,*0.753,0.151 
   282  2:neutral  2:neutral       0.04,*0.873,0.087 
   283  2:neutral 1:negative   +   *0.432,0.34,0.228 
   284  2:neutral  2:neutral       0.067,*0.617,0.316 
   285  2:neutral  2:neutral       0.025,*0.937,0.038 
   286  2:neutral 3:positive   +   0.075,0.386,*0.538 
   287  2:neutral  2:neutral       0.073,*0.818,0.109 
   288  2:neutral  2:neutral       0.048,*0.862,0.09 
   289  2:neutral  2:neutral       0.08,*0.636,0.284 
   290  2:neutral  2:neutral       0.014,*0.665,0.321 
   291  2:neutral  2:neutral       0.195,*0.595,0.209 
   292  2:neutral 1:negative   +   *0.519,0.262,0.219 
   293  2:neutral  2:neutral       0.014,*0.541,0.445 
   294  2:neutral  2:neutral       0.074,*0.682,0.244 
   295  2:neutral  2:neutral       0.298,*0.666,0.036 
   296  2:neutral  2:neutral       0.071,*0.713,0.215 
   297  2:neutral  2:neutral       0.11,*0.532,0.357 
   298  2:neutral  2:neutral       0.074,*0.714,0.212 
   299  2:neutral  2:neutral       0.104,*0.763,0.133 
   300  2:neutral  2:neutral       0.04,*0.909,0.051 
   301  2:neutral  2:neutral       0.017,*0.854,0.129 
   302  2:neutral  2:neutral       0.075,*0.711,0.214 
   303  2:neutral 3:positive   +   0.132,0.25,*0.618 
   304  2:neutral 3:positive   +   0.195,0.305,*0.501 
   305  2:neutral  2:neutral       0.024,*0.761,0.215 
   306  2:neutral  2:neutral       0.069,*0.742,0.189 
   307  2:neutral  2:neutral       0.321,*0.498,0.181 
   308  2:neutral  2:neutral       0.043,*0.944,0.013 
   309  2:neutral 3:positive   +   0.058,0.227,*0.715 
   310  2:neutral  2:neutral       0.067,*0.896,0.037 
   311  2:neutral  2:neutral       0.135,*0.518,0.347 
   312  2:neutral  2:neutral       0.092,*0.673,0.235 
   313  2:neutral  2:neutral       0.181,*0.704,0.115 
   314  2:neutral  2:neutral       0.078,*0.773,0.149 
   315  2:neutral  2:neutral       0.021,*0.679,0.3 
   316  2:neutral 3:positive   +   0.034,0.236,*0.729 
   317  2:neutral  2:neutral       0.071,*0.71,0.219 
   318  2:neutral  2:neutral       0.079,*0.782,0.14 
   319  2:neutral  2:neutral       0.07,*0.573,0.357 
   320  2:neutral  2:neutral       0.082,*0.748,0.17 
   321  2:neutral  2:neutral       0.105,*0.778,0.117 
   322  2:neutral  2:neutral       0.042,*0.853,0.104 
   323  2:neutral  2:neutral       0.086,*0.62,0.294 
   324  2:neutral  2:neutral       0.113,*0.785,0.102 
   325  2:neutral  2:neutral       0.048,*0.735,0.217 
   326  2:neutral  2:neutral       0.066,*0.738,0.195 
   327  2:neutral 1:negative   +   *0.703,0.137,0.161 
   328  2:neutral 1:negative   +   *0.562,0.363,0.075 
   329  2:neutral  2:neutral       0.177,*0.614,0.208 
   330  2:neutral  2:neutral       0.028,*0.921,0.051 
   331  2:neutral 3:positive   +   0.036,0.287,*0.677 
   332  2:neutral  2:neutral       0.092,*0.737,0.171 
   333  2:neutral  2:neutral       0.02,*0.854,0.126 
   334  2:neutral 3:positive   +   0.218,0.336,*0.446 
   335  2:neutral  2:neutral       0.028,*0.651,0.321 
   336  2:neutral  2:neutral       0.078,*0.644,0.278 
   337  2:neutral  2:neutral       0.072,*0.832,0.096 
   338  2:neutral  2:neutral       0.109,*0.547,0.345 
   339  2:neutral  2:neutral       0.055,*0.834,0.111 
   340  2:neutral  2:neutral       0.298,*0.554,0.149 
   341  2:neutral  2:neutral       0.058,*0.772,0.17 
   342  2:neutral 3:positive   +   0.121,0.081,*0.798 
   343  2:neutral  2:neutral       0.095,*0.564,0.341 
   344  2:neutral  2:neutral       0.029,*0.57,0.4 
   345  2:neutral  2:neutral       0.022,*0.86,0.118 
   346  2:neutral  2:neutral       0.059,*0.522,0.419 
   347  2:neutral  2:neutral       0.084,*0.699,0.217 
   348  2:neutral 1:negative   +   *0.436,0.358,0.206 
   349  2:neutral  2:neutral       0.175,*0.678,0.147 
   350  2:neutral  2:neutral       0.032,*0.662,0.306 
   351  2:neutral  2:neutral       0.052,*0.823,0.125 
   352  2:neutral  2:neutral       0.084,*0.751,0.165 
   353  2:neutral  2:neutral       0.338,*0.584,0.079 
   354  2:neutral 1:negative   +   *0.822,0.062,0.116 
