Zero Weights processed. Default weights will be used
..
Warning: using -h 0 may be faster
*
optimization finished, #iter = 2130
C = 321.5860903040042
obj = 150975.26398415506, rho = -0.6142750163203751
nSV = 2632, nBSV = 1753
Total nSV = 2632
..
Warning: using -h 0 may be faster
*
optimization finished, #iter = 2013
C = 382.10560337082995
obj = 190552.43221851534, rho = 5.855151381160445
nSV = 2627, nBSV = 1721
Total nSV = 2627
.
Warning: using -h 0 may be faster
*
optimization finished, #iter = 1919
C = 303.2332160076992
obj = 137525.67052134205, rho = 1.3684653506717797
nSV = 2562, nBSV = 1764
Total nSV = 2562
..
Warning: using -h 0 may be faster
*
optimization finished, #iter = 2061
C = 371.56343270256116
obj = 183615.6981354593, rho = 0.2130895598644821
nSV = 2632, nBSV = 1714
Total nSV = 2632
..
Warning: using -h 0 may be faster
*
optimization finished, #iter = 2056
C = 387.17471853311474
obj = 190829.16822700232, rho = -3.6690581902629242
nSV = 2637, nBSV = 1703
Total nSV = 2637
.
Warning: using -h 0 may be faster
.
Warning: using -h 0 may be faster
*
optimization finished, #iter = 2588
C = 327.50246950441357
obj = 184229.64817499084, rho = -0.7018966516533369
nSV = 3190, nBSV = 2236
....
Warning: using -h 0 may be faster
*
optimization finished, #iter = 4669
C = 1349.6834224656197
obj = 1303444.6042276463, rho = -84.36025712808973
nSV = 4730, nBSV = 2248
Total nSV = 4730
....
Warning: using -h 0 may be faster
*
optimization finished, #iter = 4609
C = 1378.2719634163932
obj = 1356455.0177590733, rho = -65.85889003356134
nSV = 4708, nBSV = 2242
Total nSV = 4708
....
Warning: using -h 0 may be faster
*
optimization finished, #iter = 4566
C = 1336.7822439702516
obj = 1282336.1264179128, rho = -84.35601010686982
nSV = 4716, nBSV = 2277
Total nSV = 4716
....
Warning: using -h 0 may be faster
*
optimization finished, #iter = 4673
C = 1457.2652072375715
obj = 1438804.95801879, rho = -79.67765481467633
nSV = 4784, nBSV = 2227
Total nSV = 4784
....
Warning: using -h 0 may be faster
*.
Warning: using -h 0 may be faster
*
optimization finished, #iter = 4276
C = 1323.6578972875702
obj = 1295078.5153483402, rho = -86.43460576888346
nSV = 4692, nBSV = 2306
Total nSV = 4692
.
Warning: using -h 0 may be faster
....
Warning: using -h 0 may be faster
*.
Warning: using -h 0 may be faster
*
optimization finished, #iter = 5622
C = 1384.910230167208
obj = 1560575.134883893, rho = 15.843549138611788
nSV = 5774, nBSV = 2942
.
Warning: using -h 0 may be faster
*
optimization finished, #iter = 1956
C = 257.57212107316974
obj = 111280.24583406288, rho = -20.352000973687996
nSV = 2935, nBSV = 2107
Total nSV = 2935
..
Warning: using -h 0 may be faster
*
optimization finished, #iter = 2040
C = 236.31847279707952
obj = 99627.7144217892, rho = -16.301967337791005
nSV = 2948, nBSV = 2131
Total nSV = 2948
.
Warning: using -h 0 may be faster
*
optimization finished, #iter = 1986
C = 266.64577616005147
obj = 117646.9420778688, rho = -16.129968205649355
nSV = 2933, nBSV = 2125
Total nSV = 2933
.
Warning: using -h 0 may be faster
.
Warning: using -h 0 may be faster
*
optimization finished, #iter = 2082
C = 272.6154352858578
obj = 123299.93453897531, rho = -16.34464984449223
nSV = 2965, nBSV = 2091
Total nSV = 2965
..
Warning: using -h 0 may be faster
*
optimization finished, #iter = 2004
C = 245.55678927286638
obj = 104168.44009695605, rho = -7.770497388807139
nSV = 2922, nBSV = 2125
Total nSV = 2922
.
Warning: using -h 0 may be faster
.
Warning: using -h 0 may be faster
*
optimization finished, #iter = 2422
C = 235.42010549631158
obj = 117415.07084398252, rho = 9.785413209770521
nSV = 3584, nBSV = 2688
Total nSV = 8500
.
Warning: using -h 0 may be faster
*
optimization finished, #iter = 1675
C = 401.471560675809
obj = 170359.615402909, rho = 10.50944106606192
nSV = 2134, nBSV = 1353
Total nSV = 2134
.
Warning: using -h 0 may be faster
*
optimization finished, #iter = 1646
C = 345.9441887627949
obj = 138773.0021955073, rho = -1.1596533322872211
nSV = 2126, nBSV = 1390
Total nSV = 2126
.
Warning: using -h 0 may be faster
*
optimization finished, #iter = 1740
C = 375.64381912354565
obj = 153897.39963900397, rho = 4.617517798970934
nSV = 2142, nBSV = 1355
Total nSV = 2142
.
Warning: using -h 0 may be faster
*
optimization finished, #iter = 1707
C = 392.66604076445066
obj = 167871.33391618566, rho = 2.9355481554545495
nSV = 2151, nBSV = 1359
Total nSV = 2151
.
Warning: using -h 0 may be faster
*
optimization finished, #iter = 1733
C = 378.39550644130935
obj = 158976.49360380368, rho = 3.4683638083933195
nSV = 2154, nBSV = 1350
Total nSV = 2154
..
Warning: using -h 0 may be faster
*
optimization finished, #iter = 2084
C = 353.38686479368874
obj = 170540.90678403314, rho = 5.609077926027503
nSV = 2613, nBSV = 1738
...
Warning: using -h 0 may be faster
*
optimization finished, #iter = 3781
C = 1294.6582627174548
obj = 1051503.565266757, rho = -74.64617514938837
nSV = 3897, nBSV = 1726
Total nSV = 3897
...
Warning: using -h 0 may be faster
*
optimization finished, #iter = 3760
C = 1295.6304983907244
obj = 1067925.2644543452, rho = -78.12497585819017
nSV = 3880, nBSV = 1694
Total nSV = 3880
...
Warning: using -h 0 may be faster
*
optimization finished, #iter = 3690
C = 1253.221591627764
obj = 1021448.8887840331, rho = -75.97353048753297
nSV = 3868, nBSV = 1741
Total nSV = 3868
...
Warning: using -h 0 may be faster
*
optimization finished, #iter = 3796
C = 1331.103371097008
obj = 1114424.4935075974, rho = -95.45275602296465
nSV = 3879, nBSV = 1707
Total nSV = 3879
...
Warning: using -h 0 may be faster
*
optimization finished, #iter = 3720
C = 1318.9198303917883
obj = 1097059.5569889846, rho = -78.76546459799475
nSV = 3905, nBSV = 1716
Total nSV = 3905
....
Warning: using -h 0 may be faster
*.
Warning: using -h 0 may be faster
*
optimization finished, #iter = 4471
C = 1300.5556637874258
obj = 1237523.2911533876, rho = 32.05531803060148
nSV = 4730, nBSV = 2277
.
Warning: using -h 0 may be faster
*
optimization finished, #iter = 1664
C = 289.0973430801344
obj = 114122.09867780909, rho = 7.320000981911137
nSV = 2437, nBSV = 1626
Total nSV = 2437
.
Warning: using -h 0 may be faster
*
optimization finished, #iter = 1666
C = 276.3724455485432
obj = 104644.95579760373, rho = -15.203198172787921
nSV = 2387, nBSV = 1678
Total nSV = 2387
.
Warning: using -h 0 may be faster
*
optimization finished, #iter = 1613
C = 262.95110809225383
obj = 98542.50913541464, rho = -10.961168299832963
nSV = 2398, nBSV = 1685
Total nSV = 2398
.
Warning: using -h 0 may be faster
*
optimization finished, #iter = 1637
C = 250.1871020235612
obj = 90892.477217082, rho = -20.25813383879621
nSV = 2365, nBSV = 1669
Total nSV = 2365
.
Warning: using -h 0 may be faster
*
optimization finished, #iter = 1720
C = 281.6915118226574
obj = 104909.80827179711, rho = -15.88553948196735
nSV = 2412, nBSV = 1658
Total nSV = 2412
.
Warning: using -h 0 may be faster
*
optimization finished, #iter = 1959
C = 253.8405305170155
obj = 110447.55496194515, rho = 9.512876827554622
nSV = 2932, nBSV = 2122
Total nSV = 6914
.
Warning: using -h 0 may be faster
*
optimization finished, #iter = 1730
C = 380.4599966809641
obj = 155919.04943723063, rho = 0.0037031372040879666
nSV = 2139, nBSV = 1355
Total nSV = 2139
.
Warning: using -h 0 may be faster
*
optimization finished, #iter = 1688
C = 385.749353500342
obj = 161295.6405007416, rho = -6.916281759589328
nSV = 2145, nBSV = 1368
Total nSV = 2145
.
Warning: using -h 0 may be faster
*
optimization finished, #iter = 1646
C = 357.447394965351
obj = 143605.5846943312, rho = -13.317490976333632
nSV = 2117, nBSV = 1377
Total nSV = 2117
.
Warning: using -h 0 may be faster
*
optimization finished, #iter = 1644
C = 375.3917710745694
obj = 154236.02142777017, rho = -7.439346912231341
nSV = 2130, nBSV = 1365
Total nSV = 2130
.
Warning: using -h 0 may be faster
*
optimization finished, #iter = 1677
C = 362.0139233339384
obj = 143341.95478177228, rho = -9.658601394604162
nSV = 2112, nBSV = 1382
Total nSV = 2112
..*
optimization finished, #iter = 2060
C = 347.39063742247527
obj = 164733.27618053133, rho = 2.404508936440081
nSV = 2607, nBSV = 1742
...
Warning: using -h 0 may be faster
*
optimization finished, #iter = 3701
C = 1285.1473966482097
obj = 1061910.9069485553, rho = -0.19591780204251585
nSV = 3843, nBSV = 1743
Total nSV = 3843
...
Warning: using -h 0 may be faster
*
optimization finished, #iter = 3449
C = 1315.8083140720694
obj = 1081920.505852277, rho = -79.65742633141733
nSV = 3840, nBSV = 1748
Total nSV = 3840
...
Warning: using -h 0 may be faster
*
optimization finished, #iter = 3858
C = 1242.1118196990847
obj = 1018378.2684012351, rho = -71.90630507757047
nSV = 3887, nBSV = 1725
Total nSV = 3887
....
Warning: using -h 0 may be faster
*
optimization finished, #iter = 4043
C = 1281.1626863294578
obj = 1039904.8478452965, rho = -59.778078565818525
nSV = 3890, nBSV = 1715
Total nSV = 3890
.
Warning: using -h 0 may be faster
..
Warning: using -h 0 may be faster
*
optimization finished, #iter = 3828
C = 1255.075366069072
obj = 1018390.4548073441, rho = -72.3358155887034
nSV = 3874, nBSV = 1745
Total nSV = 3874
.
Warning: using -h 0 may be faster
...
Warning: using -h 0 may be faster
*
optimization finished, #iter = 4474
C = 1302.036563612007
obj = 1235982.1859701537, rho = 3.6164413767134445
nSV = 4728, nBSV = 2277
.
Warning: using -h 0 may be faster
*
optimization finished, #iter = 1604
C = 265.4735694501238
obj = 100365.46985315542, rho = -15.815571307458118
nSV = 2370, nBSV = 1660
Total nSV = 2370
.
Warning: using -h 0 may be faster
*
optimization finished, #iter = 1679
C = 265.14706628845954
obj = 96759.00038707591, rho = 10.945277238549327
nSV = 2383, nBSV = 1660
Total nSV = 2383
.
Warning: using -h 0 may be faster
*
optimization finished, #iter = 1581
C = 245.29188186768886
obj = 87682.79497284842, rho = 13.449564785451765
nSV = 2351, nBSV = 1683
Total nSV = 2351
.
Warning: using -h 0 may be faster
*
optimization finished, #iter = 1570
C = 257.1288162269785
obj = 90768.22104879477, rho = 10.819439721654662
nSV = 2363, nBSV = 1678
Total nSV = 2363
.
Warning: using -h 0 may be faster
*
optimization finished, #iter = 1578
C = 265.704948782286
obj = 96842.6006761131, rho = 8.715841127564033
nSV = 2394, nBSV = 1652
Total nSV = 2394
.
Warning: using -h 0 may be faster
*
optimization finished, #iter = 1894
C = 237.28945832974046
obj = 98360.11000755233, rho = 12.04925911260161
nSV = 2907, nBSV = 2147
Total nSV = 6888
.
Warning: using -h 0 may be faster
..
Warning: using -h 0 may be faster
*
optimization finished, #iter = 3611
C = 1386.1261397839714
obj = 1153635.3792376646, rho = -86.768951909811
nSV = 3914, nBSV = 1767
Total nSV = 3914
....
Warning: using -h 0 may be faster
*
optimization finished, #iter = 4030
C = 1362.035225109216
obj = 1122789.5685903665, rho = 30.63298293186575
nSV = 3910, nBSV = 1684
Total nSV = 3910
...
Warning: using -h 0 may be faster
*
optimization finished, #iter = 3723
C = 1362.2952710403201
obj = 1147798.1514139518, rho = 1.1047177410189029
nSV = 3898, nBSV = 1729
Total nSV = 3898
...
Warning: using -h 0 may be faster
*
optimization finished, #iter = 3654
C = 1376.3465873281284
obj = 1152884.9434732387, rho = 24.67964246823141
nSV = 3906, nBSV = 1717
Total nSV = 3906
...
Warning: using -h 0 may be faster
*
optimization finished, #iter = 3730
C = 1334.5914322501187
obj = 1103894.3677803662, rho = 28.521061993244647
nSV = 3900, nBSV = 1744
Total nSV = 3900
....
Warning: using -h 0 may be faster
*
optimization finished, #iter = 4607
C = 1400.761988493456
obj = 1369340.8269384054, rho = -86.8988951563328
nSV = 4773, nBSV = 2226
.
Warning: using -h 0 may be faster
*
optimization finished, #iter = 1829
C = 322.7390391865576
obj = 126543.60375241595, rho = 8.356321908555854
nSV = 2433, nBSV = 1611
Total nSV = 2433
.
Warning: using -h 0 may be faster
*
optimization finished, #iter = 1639
C = 292.7141158390041
obj = 112205.7555703614, rho = -7.413118770199097
nSV = 2405, nBSV = 1648
Total nSV = 2405
.
Warning: using -h 0 may be faster
*
optimization finished, #iter = 1780
C = 341.47905793144326
obj = 143257.08419378605, rho = -21.158115848331075
nSV = 2459, nBSV = 1609
Total nSV = 2459
.
Warning: using -h 0 may be faster
*
optimization finished, #iter = 1665
C = 261.80117636515484
obj = 96259.40775494132, rho = -16.8703418126916
nSV = 2409, nBSV = 1649
Total nSV = 2409
.
Warning: using -h 0 may be faster
*
optimization finished, #iter = 1737
C = 321.39795457469404
obj = 128643.3651224967, rho = -19.9453528871153
nSV = 2422, nBSV = 1639
Total nSV = 2422
..
Warning: using -h 0 may be faster
*
optimization finished, #iter = 2089
C = 289.4139526386743
obj = 131443.59290816495, rho = -18.114678160909396
nSV = 2978, nBSV = 2069
.
Warning: using -h 0 may be faster
*
optimization finished, #iter = 1770
C = 360.6542896276291
obj = 148532.4011779022, rho = -2.7166917490832225
nSV = 2133, nBSV = 1356
Total nSV = 2133
.
Warning: using -h 0 may be faster
*
optimization finished, #iter = 1670
C = 375.04702495113156
obj = 151422.60052552415, rho = -4.423132744713337
nSV = 2137, nBSV = 1338
Total nSV = 2137
.
Warning: using -h 0 may be faster
*
optimization finished, #iter = 1584
C = 337.3411687333806
obj = 132325.19532113112, rho = -7.870965788858308
nSV = 2130, nBSV = 1369
Total nSV = 2130
.
Warning: using -h 0 may be faster
*
optimization finished, #iter = 1605
C = 369.7670695723315
obj = 153300.58312076275, rho = 0.36104262796810244
nSV = 2111, nBSV = 1354
Total nSV = 2111
.
Warning: using -h 0 may be faster
*
optimization finished, #iter = 1745
C = 411.5345522386565
obj = 174752.01255180774, rho = -11.230327626988839
nSV = 2176, nBSV = 1344
Total nSV = 2176
..
Warning: using -h 0 may be faster
*
optimization finished, #iter = 2046
C = 343.0078912249616
obj = 162179.2576203817, rho = -2.7773338576013438
nSV = 2619, nBSV = 1761
Total nSV = 6979
.
Warning: using -h 0 may be faster
*
optimization finished, #iter = 1587
C = 413.43544647933373
obj = 177084.85917345225, rho = -18.78314967322355
nSV = 2142, nBSV = 1353
Total nSV = 2142
.
Warning: using -h 0 may be faster
*
optimization finished, #iter = 1681
C = 382.5834944504462
obj = 157959.22986015142, rho = 4.974093439286137
nSV = 2108, nBSV = 1375
Total nSV = 2108
.
Warning: using -h 0 may be faster
*
optimization finished, #iter = 1686
C = 388.4951896964539
obj = 161627.29489044158, rho = -7.1914448242609925
nSV = 2156, nBSV = 1350
Total nSV = 2156
.
Warning: using -h 0 may be faster
*
optimization finished, #iter = 1671
C = 403.2465999483184
obj = 168379.22357453636, rho = -4.350758679637532
nSV = 2176, nBSV = 1331
Total nSV = 2176
.
Warning: using -h 0 may be faster
*
optimization finished, #iter = 1739
C = 400.83014605293226
obj = 171829.99571471117, rho = -8.10799841963677
nSV = 2152, nBSV = 1338
Total nSV = 2152
..
Warning: using -h 0 may be faster
*
optimization finished, #iter = 2037
C = 369.49136886430193
obj = 180135.00373452582, rho = -10.115636440949212
nSV = 2633, nBSV = 1733
.
Warning: using -h 0 may be faster
*
optimization finished, #iter = 1681
C = 251.1600817756121
obj = 90820.13197999816, rho = -10.774988373853937
nSV = 2373, nBSV = 1661
Total nSV = 2373
.
Warning: using -h 0 may be faster
*
optimization finished, #iter = 1589
C = 267.04033564849846
obj = 100803.11515385812, rho = -16.551201793236217
nSV = 2376, nBSV = 1655
Total nSV = 2376
.
Warning: using -h 0 may be faster
*
optimization finished, #iter = 1702
C = 282.8304642807411
obj = 110317.70808654743, rho = -10.015201419348344
nSV = 2408, nBSV = 1652
Total nSV = 2408
.
Warning: using -h 0 may be faster
*
optimization finished, #iter = 1656
C = 249.69481786274076
obj = 88975.32219825541, rho = -7.3483011668730684
nSV = 2370, nBSV = 1673
Total nSV = 2370
.
Warning: using -h 0 may be faster
*
optimization finished, #iter = 1722
C = 297.82850505438734
obj = 116012.04335839469, rho = -9.79006463732962
nSV = 2426, nBSV = 1635
Total nSV = 2426
.
Warning: using -h 0 may be faster
*
optimization finished, #iter = 1993
C = 250.29500937234374
obj = 107237.7506298719, rho = 5.207279264704278
nSV = 2937, nBSV = 2109
...
Warning: using -h 0 may be faster
*
optimization finished, #iter = 3647
C = 1313.2558132774423
obj = 1093074.2919132889, rho = -65.27303630797381
nSV = 3892, nBSV = 1751
Total nSV = 3892
...
Warning: using -h 0 may be faster
*
optimization finished, #iter = 3509
C = 1290.632305126509
obj = 1077499.0121781458, rho = 7.058804104302067
nSV = 3856, nBSV = 1778
Total nSV = 3856
...
Warning: using -h 0 may be faster
*
optimization finished, #iter = 3960
C = 1233.0194018775467
obj = 980490.2438416859, rho = 12.53736532922665
nSV = 3874, nBSV = 1741
Total nSV = 3874
...
Warning: using -h 0 may be faster
*
optimization finished, #iter = 3769
C = 1346.2199465052408
obj = 1131433.729693932, rho = 10.780666012414555
nSV = 3846, nBSV = 1743
Total nSV = 3846
...
Warning: using -h 0 may be faster
*
optimization finished, #iter = 3802
C = 1322.471265449027
obj = 1108899.8404196396, rho = -0.3573541183996951
nSV = 3887, nBSV = 1747
Total nSV = 3887
....
Warning: using -h 0 may be faster
*
optimization finished, #iter = 4398
C = 1329.3721532819036
obj = 1312128.8823320612, rho = 10.553278193531993
nSV = 4700, nBSV = 2289
Total nSV = 6888
.
Warning: using -h 0 may be faster
*
optimization finished, #iter = 1571
C = 211.9729876563036
obj = 71350.77310693038, rho = 2.588131534695946
nSV = 2337, nBSV = 1703
Total nSV = 2337
.
Warning: using -h 0 may be faster
*
optimization finished, #iter = 1737
C = 262.1607100764214
obj = 98149.46289777898, rho = -10.408376707351946
nSV = 2385, nBSV = 1650
Total nSV = 2385
.
Warning: using -h 0 may be faster
*
optimization finished, #iter = 1661
C = 263.9622493416318
obj = 95544.00115140568, rho = -11.02579479188604
nSV = 2387, nBSV = 1665
Total nSV = 2387
.
Warning: using -h 0 may be faster
*
optimization finished, #iter = 1542
C = 251.13842722811748
obj = 90713.20889045748, rho = -9.605392835352841
nSV = 2356, nBSV = 1691
Total nSV = 2356
.
Warning: using -h 0 may be faster
*
optimization finished, #iter = 1663
C = 270.01607124807765
obj = 101095.43718355056, rho = -11.14933618502344
nSV = 2390, nBSV = 1656
Total nSV = 2390
.
Warning: using -h 0 may be faster
*
optimization finished, #iter = 1888
C = 234.05600481423747
obj = 98717.75278673646, rho = 7.026280879835179
nSV = 2908, nBSV = 2145
.
Warning: using -h 0 may be faster
*
optimization finished, #iter = 1675
C = 410.4880733107631
obj = 174063.03833405906, rho = -2.971466752050072
nSV = 2158, nBSV = 1323
Total nSV = 2158
.
Warning: using -h 0 may be faster
*
optimization finished, #iter = 1636
C = 358.3371174603081
obj = 143323.82886656068, rho = -6.096574576186426
nSV = 2137, nBSV = 1354
Total nSV = 2137
.
Warning: using -h 0 may be faster
*
optimization finished, #iter = 1602
C = 363.9580328605464
obj = 149002.5612192106, rho = -3.9050162864933355
nSV = 2107, nBSV = 1393
Total nSV = 2107
.
Warning: using -h 0 may be faster
*
optimization finished, #iter = 1602
C = 350.3666250242643
obj = 143425.23631189644, rho = -9.889622996253424
nSV = 2086, nBSV = 1382
Total nSV = 2086
.
Warning: using -h 0 may be faster
*
optimization finished, #iter = 1649
C = 379.0747290280118
obj = 156298.1589934566, rho = -8.860877632609093
nSV = 2113, nBSV = 1357
Total nSV = 2113
Line search fails in two-class probability estimates
..*
optimization finished, #iter = 2011
C = 346.9120975665402
obj = 166834.16726238254, rho = -5.161073502373087
nSV = 2611, nBSV = 1747
...
Warning: using -h 0 may be faster
*
optimization finished, #iter = 3574
C = 1437.2544736730745
obj = 1242334.933203497, rho = -60.05937239690637
nSV = 3897, nBSV = 1734
Total nSV = 3897
...
Warning: using -h 0 may be faster
*
optimization finished, #iter = 3878
C = 1341.4076454886454
obj = 1090474.4455115702, rho = -65.94771641300002
nSV = 3890, nBSV = 1686
Total nSV = 3890
...
Warning: using -h 0 may be faster
*
optimization finished, #iter = 3719
C = 1357.6873618934746
obj = 1120670.6859367425, rho = -70.80282441169341
nSV = 3919, nBSV = 1744
Total nSV = 3919
...
Warning: using -h 0 may be faster
*
optimization finished, #iter = 3748
C = 1292.9779143175856
obj = 1044612.3924394937, rho = -60.428892986254574
nSV = 3886, nBSV = 1732
Total nSV = 3886
...
Warning: using -h 0 may be faster
*
optimization finished, #iter = 3562
C = 1315.286773718997
obj = 1078966.4577297517, rho = -60.71739451030451
nSV = 3869, nBSV = 1741
Total nSV = 3869
....
Warning: using -h 0 may be faster
*
optimization finished, #iter = 4612
C = 1382.092156034178
obj = 1326279.2040149046, rho = -73.30369855684725
nSV = 4761, nBSV = 2254
Total nSV = 6936


=== Predictions under cross-validation ===

 inst#     actual  predicted error distribution
     1  2:neutral  2:neutral       0.122,*0.564,0.314 
     2  2:neutral  2:neutral       0.026,*0.849,0.124 
     3  2:neutral 3:positive   +   0.039,0.206,*0.756 
     4  2:neutral  2:neutral       0.069,*0.638,0.293 
     5  2:neutral  2:neutral       0.049,*0.694,0.256 
     6  2:neutral 1:negative   +   *0.515,0.44,0.044 
     7  2:neutral 3:positive   +   0.036,0.363,*0.601 
     8  2:neutral  2:neutral       0.05,*0.8,0.15 
     9  2:neutral  2:neutral       0.096,*0.587,0.316 
    10  2:neutral 1:negative   +   *0.805,0.122,0.072 
    11  2:neutral 3:positive   +   0.022,0.253,*0.725 
    12  2:neutral  2:neutral       0.058,*0.799,0.144 
    13  2:neutral  2:neutral       0.03,*0.804,0.166 
    14  2:neutral  2:neutral       0.02,*0.626,0.354 
    15  2:neutral  2:neutral       0.3,*0.495,0.204 
    16  2:neutral  2:neutral       0.019,*0.538,0.443 
    17  2:neutral 3:positive   +   0.283,0.328,*0.389 
    18  2:neutral  2:neutral       0.227,*0.489,0.285 
    19  2:neutral  2:neutral       0.125,*0.71,0.166 
    20  2:neutral  2:neutral       0.016,*0.907,0.076 
    21  2:neutral 1:negative   +   *0.729,0.099,0.172 
    22  2:neutral  2:neutral       0.057,*0.594,0.349 
    23  2:neutral  2:neutral       0.071,*0.702,0.227 
    24  2:neutral  2:neutral       0.057,*0.826,0.117 
    25  2:neutral  2:neutral       0.064,*0.677,0.26 
    26  2:neutral 3:positive   +   0.164,0.278,*0.559 
    27  2:neutral  2:neutral       0.021,*0.86,0.119 
    28  2:neutral 1:negative   +   *0.704,0.216,0.08 
    29  2:neutral  2:neutral       0.018,*0.544,0.437 
    30  2:neutral  2:neutral       0.043,*0.518,0.439 
    31  2:neutral  2:neutral       0.19,*0.714,0.096 
    32  2:neutral 1:negative   +   *0.941,0.048,0.01 
    33  2:neutral  2:neutral       0.022,*0.846,0.133 
    34  2:neutral  2:neutral       0.057,*0.782,0.161 
    35  2:neutral  2:neutral       0.056,*0.858,0.086 
    36  2:neutral  2:neutral       0.022,*0.787,0.191 
    37  2:neutral  2:neutral       0.094,*0.709,0.197 
    38  2:neutral  2:neutral       0.094,*0.716,0.19 
    39  2:neutral  2:neutral       0.038,*0.787,0.175 
    40  2:neutral  2:neutral       0.036,*0.621,0.343 
    41  2:neutral  2:neutral       0.055,*0.761,0.184 
    42  2:neutral  2:neutral       0.032,*0.787,0.182 
    43  2:neutral 3:positive   +   0.121,0.292,*0.587 
    44  2:neutral  2:neutral       0.094,*0.559,0.347 
    45  2:neutral  2:neutral       0.053,*0.828,0.119 
    46  2:neutral  2:neutral       0.012,*0.713,0.275 
    47  2:neutral  2:neutral       0.045,*0.677,0.278 
    48  2:neutral 3:positive   +   0.086,0.342,*0.572 
    49  2:neutral  2:neutral       0.037,*0.808,0.155 
    50  2:neutral  2:neutral       0.032,*0.839,0.129 
    51  2:neutral  2:neutral       0.125,*0.82,0.055 
    52  2:neutral  2:neutral       0.278,*0.47,0.252 
    53  2:neutral  2:neutral       0.082,*0.484,0.434 
    54  2:neutral  2:neutral       0.107,*0.54,0.354 
    55  2:neutral  2:neutral       0.065,*0.728,0.207 
    56  2:neutral  2:neutral       0.059,*0.912,0.029 
    57  2:neutral  2:neutral       0.203,*0.48,0.317 
    58  2:neutral  2:neutral       0.068,*0.564,0.367 
    59  2:neutral  2:neutral       0.081,*0.552,0.367 
    60  2:neutral 3:positive   +   0.074,0.454,*0.472 
    61  2:neutral  2:neutral       0.266,*0.585,0.149 
    62  2:neutral  2:neutral       0.104,*0.599,0.297 
    63  2:neutral  2:neutral       0.027,*0.746,0.226 
    64  2:neutral 3:positive   +   0.07,0.409,*0.521 
    65  2:neutral  2:neutral       0.211,*0.669,0.12 
    66  2:neutral 3:positive   +   0.051,0.332,*0.616 
    67  2:neutral 3:positive   +   0.044,0.347,*0.608 
    68  2:neutral  2:neutral       0.206,*0.47,0.324 
    69  2:neutral 3:positive   +   0.051,0.297,*0.651 
    70  2:neutral 3:positive   +   0.074,0.343,*0.584 
    71  2:neutral  2:neutral       0.124,*0.78,0.096 
    72  2:neutral 3:positive   +   0.059,0.108,*0.834 
    73  2:neutral  2:neutral       0.207,*0.415,0.378 
    74  2:neutral 3:positive   +   0.145,0.346,*0.509 
    75  2:neutral  2:neutral       0.057,*0.754,0.19 
    76  2:neutral  2:neutral       0.087,*0.538,0.375 
    77  2:neutral  2:neutral       0.196,*0.608,0.197 
    78  2:neutral  2:neutral       0.076,*0.721,0.202 
    79  2:neutral  2:neutral       0.258,*0.642,0.101 
    80  2:neutral  2:neutral       0.073,*0.839,0.088 
    81  2:neutral 3:positive   +   0.307,0.28,*0.413 
    82  2:neutral  2:neutral       0.112,*0.837,0.051 
    83  2:neutral 3:positive   +   0.182,0.157,*0.661 
    84  2:neutral 3:positive   +   0.038,0.156,*0.806 
    85  2:neutral  2:neutral       0.305,*0.458,0.237 
    86  2:neutral  2:neutral       0.081,*0.803,0.116 
    87  2:neutral  2:neutral       0.02,*0.537,0.443 
    88  2:neutral  2:neutral       0.028,*0.619,0.353 
    89  2:neutral 1:negative   +   *0.452,0.331,0.216 
    90  2:neutral  2:neutral       0.03,*0.766,0.203 
    91  2:neutral  2:neutral       0.068,*0.557,0.376 
    92  2:neutral  2:neutral       0.136,*0.62,0.244 
    93  2:neutral  2:neutral       0.078,*0.639,0.283 
    94  2:neutral  2:neutral       0.053,*0.51,0.437 
    95  2:neutral 3:positive   +   0.051,0.442,*0.506 
    96  2:neutral  2:neutral       0.139,*0.749,0.111 
    97  2:neutral  2:neutral       0.082,*0.656,0.262 
    98  2:neutral 3:positive   +   0.083,0.282,*0.636 
    99  2:neutral  2:neutral       0.058,*0.784,0.159 
   100  2:neutral  2:neutral       0.112,*0.703,0.185 
   101  2:neutral  2:neutral       0.285,*0.488,0.227 
   102  2:neutral 3:positive   +   0.047,0.246,*0.707 
   103  2:neutral  2:neutral       0.047,*0.758,0.195 
   104  2:neutral  2:neutral       0.205,*0.503,0.292 
   105  2:neutral  2:neutral       0.078,*0.647,0.275 
   106  2:neutral 3:positive   +   0.24,0.177,*0.583 
   107  2:neutral  2:neutral       0.083,*0.67,0.247 
   108  2:neutral  2:neutral       0.065,*0.695,0.24 
   109  2:neutral  2:neutral       0.018,*0.87,0.112 
   110  2:neutral  2:neutral       0.083,*0.721,0.196 
   111  2:neutral  2:neutral       0.094,*0.562,0.344 
   112  2:neutral  2:neutral       0.014,*0.812,0.175 
   113  2:neutral  2:neutral       0.037,*0.627,0.336 
   114  2:neutral 3:positive   +   0.064,0.282,*0.654 
   115  2:neutral  2:neutral       0.048,*0.69,0.262 
   116  2:neutral  2:neutral       0.245,*0.535,0.219 
   117  2:neutral  2:neutral       0.033,*0.922,0.046 
   118  2:neutral  2:neutral       0.129,*0.451,0.421 
   119  2:neutral  2:neutral       0.034,*0.795,0.171 
   120  2:neutral 3:positive   +   0.043,0.209,*0.748 
   121  2:neutral  2:neutral       0.078,*0.598,0.325 
   122  2:neutral 3:positive   +   0.227,0.222,*0.55 
   123  2:neutral  2:neutral       0.096,*0.825,0.079 
   124  2:neutral  2:neutral       0.106,*0.755,0.139 
   125  2:neutral  2:neutral       0.448,*0.468,0.084 
   126  2:neutral  2:neutral       0.041,*0.76,0.199 
   127  2:neutral  2:neutral       0.037,*0.81,0.153 
   128  2:neutral 3:positive   +   0.031,0.439,*0.53 
   129  2:neutral  2:neutral       0.188,*0.548,0.264 
   130  2:neutral  2:neutral       0.027,*0.776,0.197 
   131  2:neutral  2:neutral       0.269,*0.418,0.313 
   132  2:neutral  2:neutral       0.062,*0.714,0.224 
   133  2:neutral  2:neutral       0.06,*0.784,0.156 
   134  2:neutral  2:neutral       0.078,*0.707,0.215 
   135  2:neutral  2:neutral       0.028,*0.708,0.264 
   136  2:neutral  2:neutral       0.009,*0.76,0.232 
   137  2:neutral  2:neutral       0.062,*0.75,0.188 
   138  2:neutral 3:positive   +   0.02,0.486,*0.494 
   139  2:neutral  2:neutral       0.247,*0.554,0.199 
   140  2:neutral  2:neutral       0.212,*0.6,0.189 
   141  2:neutral  2:neutral       0.055,*0.645,0.3 
   142  2:neutral  2:neutral       0.118,*0.715,0.167 
   143  2:neutral  2:neutral       0.324,*0.357,0.319 
   144  2:neutral  2:neutral       0.124,*0.746,0.129 
   145  2:neutral 3:positive   +   0.337,0.298,*0.365 
   146  2:neutral  2:neutral       0.186,*0.69,0.124 
   147  2:neutral  2:neutral       0.035,*0.773,0.192 
   148  2:neutral  2:neutral       0.07,*0.817,0.113 
   149  2:neutral 3:positive   +   0.137,0.264,*0.598 
   150  2:neutral  2:neutral       0.058,*0.778,0.164 
   151  2:neutral  2:neutral       0.079,*0.755,0.166 
   152  2:neutral  2:neutral       0.033,*0.908,0.058 
   153  2:neutral  2:neutral       0.037,*0.833,0.131 
   154  2:neutral  2:neutral       0.115,*0.708,0.178 
   155  2:neutral 3:positive   +   0.053,0.378,*0.569 
   156  2:neutral 3:positive   +   0.047,0.402,*0.551 
   157  2:neutral  2:neutral       0.024,*0.723,0.253 
   158  2:neutral  2:neutral       0.038,*0.874,0.088 
   159  2:neutral  2:neutral       0.147,*0.807,0.047 
   160  2:neutral  2:neutral       0.014,*0.724,0.262 
   161  2:neutral  2:neutral       0.175,*0.539,0.286 
   162  2:neutral  2:neutral       0.034,*0.72,0.246 
   163  2:neutral  2:neutral       0.023,*0.55,0.427 
   164  2:neutral  2:neutral       0.142,*0.598,0.261 
   165  2:neutral  2:neutral       0.064,*0.842,0.093 
   166  2:neutral  2:neutral       0.054,*0.719,0.227 
   167  2:neutral  2:neutral       0.053,*0.706,0.241 
   168  2:neutral  2:neutral       0.046,*0.736,0.217 
   169  2:neutral  2:neutral       0.097,*0.655,0.248 
   170  2:neutral  2:neutral       0.058,*0.831,0.112 
   171  2:neutral  2:neutral       0.04,*0.564,0.396 
   172  2:neutral  2:neutral       0.251,*0.585,0.164 
   173  2:neutral 1:negative   +   *0.815,0.127,0.058 
   174  2:neutral  2:neutral       0.099,*0.531,0.371 
   175  2:neutral  2:neutral       0.038,*0.806,0.156 
   176  2:neutral  2:neutral       0.102,*0.693,0.205 
   177  2:neutral  2:neutral       0.041,*0.796,0.163 
   178  2:neutral  2:neutral       0.128,*0.735,0.137 
   179  2:neutral  2:neutral       0.072,*0.792,0.136 
   180  2:neutral  2:neutral       0.053,*0.766,0.181 
   181  2:neutral  2:neutral       0.05,*0.828,0.122 
   182  2:neutral  2:neutral       0.183,*0.678,0.139 
   183  2:neutral  2:neutral       0.084,*0.709,0.208 
   184  2:neutral 3:positive   +   0.051,0.39,*0.559 
   185  2:neutral  2:neutral       0.053,*0.523,0.424 
   186  2:neutral  2:neutral       0.02,*0.696,0.284 
   187  2:neutral  2:neutral       0.053,*0.581,0.366 
   188  2:neutral 3:positive   +   0.064,0.432,*0.504 
   189  2:neutral  2:neutral       0.371,*0.544,0.085 
   190  2:neutral  2:neutral       0.138,*0.729,0.133 
   191  2:neutral  2:neutral       0.072,*0.84,0.088 
   192  2:neutral  2:neutral       0.053,*0.792,0.155 
   193  2:neutral  2:neutral       0.018,*0.551,0.431 
   194  2:neutral  2:neutral       0.069,*0.844,0.087 
   195  2:neutral  2:neutral       0.082,*0.493,0.426 
   196  2:neutral  2:neutral       0.209,*0.613,0.177 
   197  2:neutral  2:neutral       0.076,*0.696,0.227 
   198  2:neutral  2:neutral       0.42,*0.459,0.121 
   199  2:neutral 3:positive   +   0.066,0.171,*0.763 
   200  2:neutral  2:neutral       0.088,*0.578,0.333 
   201  2:neutral  2:neutral       0.016,*0.81,0.174 
   202  2:neutral  2:neutral       0.109,*0.664,0.227 
   203  2:neutral  2:neutral       0.033,*0.486,0.481 
   204  2:neutral  2:neutral       0.021,*0.933,0.047 
   205  2:neutral  2:neutral       0.026,*0.691,0.283 
   206  2:neutral  2:neutral       0.178,*0.551,0.271 
   207  2:neutral  2:neutral       0.029,*0.502,0.469 
   208  2:neutral  2:neutral       0.049,*0.834,0.117 
   209  2:neutral  2:neutral       0.037,*0.86,0.103 
   210  2:neutral 1:negative   +   *0.411,0.209,0.379 
   211  2:neutral  2:neutral       0.046,*0.714,0.24 
   212  2:neutral  2:neutral       0.041,*0.784,0.175 
   213  2:neutral  2:neutral       0.092,*0.622,0.286 
   214  2:neutral  2:neutral       0.105,*0.715,0.18 
   215  2:neutral  2:neutral       0.192,*0.569,0.239 
   216  2:neutral  2:neutral       0.069,*0.589,0.343 
   217  2:neutral  2:neutral       0.045,*0.822,0.133 
   218  2:neutral 3:positive   +   0.203,0.349,*0.448 
   219  2:neutral  2:neutral       0.187,*0.663,0.149 
   220  2:neutral  2:neutral       0.079,*0.664,0.257 
   221  2:neutral 1:negative   +   *0.544,0.212,0.244 
   222  2:neutral 3:positive   +   0.151,0.359,*0.49 
   223  2:neutral  2:neutral       0.033,*0.694,0.273 
   224  2:neutral  2:neutral       0.11,*0.628,0.262 
   225  2:neutral  2:neutral       0.019,*0.84,0.141 
   226  2:neutral  2:neutral       0.059,*0.763,0.178 
   227  2:neutral  2:neutral       0.039,*0.72,0.241 
   228  2:neutral 3:positive   +   0.056,0.346,*0.599 
   229  2:neutral  2:neutral       0.022,*0.618,0.36 
   230  2:neutral 1:negative   +   *0.477,0.273,0.25 
   231  2:neutral  2:neutral       0.091,*0.795,0.115 
   232  2:neutral  2:neutral       0.393,*0.446,0.161 
   233  2:neutral  2:neutral       0.192,*0.535,0.273 
   234  2:neutral  2:neutral       0.057,*0.592,0.352 
   235  2:neutral  2:neutral       0.392,*0.511,0.098 
   236  2:neutral  2:neutral       0.087,*0.507,0.406 
   237  2:neutral  2:neutral       0.04,*0.562,0.398 
   238  2:neutral  2:neutral       0.378,*0.52,0.102 
   239  2:neutral  2:neutral       0.212,*0.603,0.185 
   240  2:neutral  2:neutral       0.198,*0.57,0.233 
   241  2:neutral 1:negative   +   *0.429,0.373,0.197 
   242  2:neutral  2:neutral       0.041,*0.85,0.109 
   243  2:neutral 3:positive   +   0.04,0.249,*0.71 
   244  2:neutral  2:neutral       0.036,*0.78,0.184 
   245  2:neutral  2:neutral       0.162,*0.66,0.178 
   246  2:neutral 3:positive   +   0.015,0.373,*0.612 
   247  2:neutral  2:neutral       0.015,*0.961,0.024 
   248  2:neutral  2:neutral       0.043,*0.74,0.218 
   249  2:neutral  2:neutral       0.142,*0.49,0.368 
   250  2:neutral  2:neutral       0.042,*0.685,0.273 
   251  2:neutral  2:neutral       0.068,*0.56,0.372 
   252  2:neutral  2:neutral       0.039,*0.513,0.448 
   253  2:neutral  2:neutral       0.095,*0.748,0.157 
   254  2:neutral  2:neutral       0.145,*0.75,0.105 
   255  2:neutral  2:neutral       0.087,*0.778,0.135 
   256  2:neutral  2:neutral       0.071,*0.563,0.366 
   257  2:neutral  2:neutral       0.083,*0.67,0.247 
   258  2:neutral  2:neutral       0.077,*0.874,0.048 
   259  2:neutral 3:positive   +   0.09,0.438,*0.472 
   260  2:neutral  2:neutral       0.212,*0.696,0.092 
   261  2:neutral 3:positive   +   0.034,0.29,*0.676 
   262  2:neutral  2:neutral       0.034,*0.836,0.13 
   263  2:neutral  2:neutral       0.069,*0.642,0.289 
   264  2:neutral  2:neutral       0.078,*0.739,0.183 
   265  2:neutral  2:neutral       0.093,*0.627,0.28 
   266  2:neutral  2:neutral       0.031,*0.819,0.149 
   267  2:neutral 3:positive   +   0.07,0.223,*0.707 
   268  2:neutral  2:neutral       0.326,*0.488,0.187 
   269  2:neutral 3:positive   +   0.2,0.367,*0.434 
   270  2:neutral  2:neutral       0.046,*0.645,0.309 
   271  2:neutral  2:neutral       0.284,*0.377,0.339 
   272  2:neutral  2:neutral       0.073,*0.562,0.365 
   273  2:neutral  2:neutral       0.126,*0.696,0.178 
   274  2:neutral  2:neutral       0.055,*0.61,0.335 
   275  2:neutral 1:negative   +   *0.74,0.087,0.172 
   276  2:neutral  2:neutral       0.022,*0.869,0.108 
   277  2:neutral 3:positive   +   0.016,0.49,*0.494 
   278  2:neutral  2:neutral       0.049,*0.812,0.138 
   279  2:neutral 1:negative   +   *0.554,0.257,0.189 
   280  2:neutral  2:neutral       0.029,*0.502,0.469 
   281  2:neutral  2:neutral       0.099,*0.736,0.166 
   282  2:neutral  2:neutral       0.033,*0.858,0.108 
   283  2:neutral 1:negative   +   *0.391,0.31,0.299 
   284  2:neutral  2:neutral       0.064,*0.503,0.433 
   285  2:neutral  2:neutral       0.015,*0.951,0.034 
   286  2:neutral  2:neutral       0.063,*0.519,0.417 
   287  2:neutral  2:neutral       0.091,*0.773,0.136 
   288  2:neutral  2:neutral       0.063,*0.796,0.142 
   289  2:neutral  2:neutral       0.08,*0.603,0.317 
   290  2:neutral 3:positive   +   0.012,0.475,*0.513 
   291  2:neutral  2:neutral       0.207,*0.612,0.181 
   292  2:neutral 1:negative   +   *0.523,0.288,0.188 
   293  2:neutral  2:neutral       0.025,*0.6,0.375 
   294  2:neutral  2:neutral       0.063,*0.611,0.326 
   295  2:neutral  2:neutral       0.283,*0.672,0.045 
   296  2:neutral  2:neutral       0.062,*0.714,0.224 
   297  2:neutral 3:positive   +   0.108,0.319,*0.573 
   298  2:neutral  2:neutral       0.068,*0.816,0.115 
   299  2:neutral  2:neutral       0.118,*0.728,0.154 
   300  2:neutral  2:neutral       0.046,*0.868,0.086 
   301  2:neutral  2:neutral       0.022,*0.728,0.249 
   302  2:neutral  2:neutral       0.083,*0.776,0.141 
   303  2:neutral 3:positive   +   0.105,0.177,*0.718 
   304  2:neutral 3:positive   +   0.186,0.368,*0.446 
   305  2:neutral  2:neutral       0.022,*0.746,0.231 
   306  2:neutral  2:neutral       0.044,*0.685,0.271 
   307  2:neutral  2:neutral       0.293,*0.572,0.135 
   308  2:neutral  2:neutral       0.048,*0.94,0.012 
   309  2:neutral 3:positive   +   0.045,0.14,*0.815 
   310  2:neutral  2:neutral       0.073,*0.888,0.039 
   311  2:neutral  2:neutral       0.155,*0.52,0.325 
   312  2:neutral  2:neutral       0.104,*0.664,0.232 
   313  2:neutral  2:neutral       0.162,*0.706,0.133 
   314  2:neutral  2:neutral       0.046,*0.766,0.188 
   315  2:neutral  2:neutral       0.029,*0.677,0.294 
   316  2:neutral 3:positive   +   0.034,0.399,*0.566 
   317  2:neutral  2:neutral       0.069,*0.654,0.277 
   318  2:neutral  2:neutral       0.075,*0.77,0.156 
   319  2:neutral 3:positive   +   0.103,0.435,*0.462 
   320  2:neutral  2:neutral       0.082,*0.686,0.231 
   321  2:neutral  2:neutral       0.119,*0.728,0.153 
   322  2:neutral  2:neutral       0.038,*0.859,0.103 
   323  2:neutral  2:neutral       0.063,*0.632,0.305 
   324  2:neutral  2:neutral       0.099,*0.763,0.138 
   325  2:neutral  2:neutral       0.037,*0.648,0.315 
   326  2:neutral  2:neutral       0.08,*0.686,0.234 
   327  2:neutral 1:negative   +   *0.74,0.112,0.148 
   328  2:neutral 1:negative   +   *0.565,0.317,0.118 
   329  2:neutral  2:neutral       0.171,*0.656,0.173 
   330  2:neutral  2:neutral       0.027,*0.9,0.074 
   331  2:neutral  2:neutral       0.087,*0.732,0.181 
   332  2:neutral  2:neutral       0.074,*0.763,0.164 
   333  2:neutral  2:neutral       0.023,*0.889,0.088 
   334  2:neutral 1:negative   +   *0.405,0.251,0.345 
   335  2:neutral 3:positive   +   0.02,0.344,*0.635 
   336  2:neutral  2:neutral       0.075,*0.606,0.32 
   337  2:neutral  2:neutral       0.075,*0.826,0.1 
   338  2:neutral  2:neutral       0.118,*0.529,0.353 
   339  2:neutral  2:neutral       0.051,*0.823,0.125 
   340  2:neutral  2:neutral       0.32,*0.477,0.203 
   341  2:neutral  2:neutral       0.069,*0.7,0.232 
   342  2:neutral 3:positive   +   0.133,0.096,*0.772 
   343  2:neutral  2:neutral       0.088,*0.697,0.215 
   344  2:neutral  2:neutral       0.03,*0.532,0.438 
   345  2:neutral  2:neutral       0.012,*0.825,0.164 
   346  2:neutral  2:neutral       0.07,*0.519,0.411 
   347  2:neutral  2:neutral       0.083,*0.67,0.247 
   348  2:neutral 1:negative   +   *0.392,0.325,0.284 
   349  2:neutral  2:neutral       0.145,*0.638,0.218 
   350  2:neutral  2:neutral       0.039,*0.722,0.239 
   351  2:neutral  2:neutral       0.031,*0.776,0.192 
   352  2:neutral  2:neutral       0.056,*0.723,0.222 
