Zero Weights processed. Default weights will be used
..
Warning: using -h 0 may be faster
*
optimization finished, #iter = 2398
C = 629.4444941992818
obj = 328980.110216335, rho = -9.870597848119866
nSV = 2513, nBSV = 1316
Total nSV = 2513
..
Warning: using -h 0 may be faster
*
optimization finished, #iter = 2346
C = 713.197074867147
obj = 385840.3527906401, rho = -9.374620747710003
nSV = 2546, nBSV = 1310
Total nSV = 2546
..
Warning: using -h 0 may be faster
*
optimization finished, #iter = 2222
C = 588.3409864616378
obj = 298023.30691237043, rho = -5.888031902462866
nSV = 2501, nBSV = 1361
Total nSV = 2501
..
Warning: using -h 0 may be faster
*
optimization finished, #iter = 2291
C = 651.2636797122694
obj = 334235.4946627639, rho = -1.8450623044003327
nSV = 2500, nBSV = 1328
Total nSV = 2500
..
Warning: using -h 0 may be faster
*
optimization finished, #iter = 2336
C = 638.3698957961594
obj = 333886.9545350636, rho = -6.0775169205199155
nSV = 2544, nBSV = 1364
Total nSV = 2544
..
Warning: using -h 0 may be faster
*
optimization finished, #iter = 2742
C = 627.2542705514359
obj = 384209.7163741788, rho = -5.329317913771303
nSV = 3070, nBSV = 1749
....
Warning: using -h 0 may be faster
*
optimization finished, #iter = 4513
C = 2031.6035342881278
obj = 2033398.2872595089, rho = -90.45979120938566
nSV = 4483, nBSV = 1731
Total nSV = 4483
.
Warning: using -h 0 may be faster
...
Warning: using -h 0 may be faster
*
optimization finished, #iter = 4459
C = 2049.9656356609394
obj = 1992932.4882592733, rho = -116.03816596871212
nSV = 4515, nBSV = 1737
Total nSV = 4515
.
Warning: using -h 0 may be faster
...
Warning: using -h 0 may be faster
*
optimization finished, #iter = 4184
C = 2024.4133907898254
obj = 2006606.092732966, rho = -111.78960812259395
nSV = 4417, nBSV = 1755
Total nSV = 4417
.
Warning: using -h 0 may be faster
...
Warning: using -h 0 may be faster
*
optimization finished, #iter = 4364
C = 1923.1462664295022
obj = 1886672.485014627, rho = -99.69438807865883
nSV = 4485, nBSV = 1721
Total nSV = 4485
....
Warning: using -h 0 may be faster
*
optimization finished, #iter = 4427
C = 2027.4488936651364
obj = 2039454.0542939522, rho = -101.81539403481251
nSV = 4461, nBSV = 1756
Total nSV = 4461
.
Warning: using -h 0 may be faster
....
Warning: using -h 0 may be faster
*
optimization finished, #iter = 5447
C = 2080.7870258796215
obj = 2361201.804881098, rho = 5.677757955265064
nSV = 5435, nBSV = 2281
..
Warning: using -h 0 may be faster
*
optimization finished, #iter = 2390
C = 583.3162772795354
obj = 312476.98362326797, rho = -30.676611871558247
nSV = 2892, nBSV = 1610
Total nSV = 2892
..
Warning: using -h 0 may be faster
*
optimization finished, #iter = 2403
C = 616.6925351397484
obj = 333806.20421404974, rho = 12.572598919671266
nSV = 2884, nBSV = 1572
Total nSV = 2884
..
Warning: using -h 0 may be faster
*
optimization finished, #iter = 2523
C = 559.9749355529165
obj = 296400.15434002253, rho = 6.678877193816518
nSV = 2879, nBSV = 1603
Total nSV = 2879
..
Warning: using -h 0 may be faster
*
optimization finished, #iter = 2377
C = 605.8061944694134
obj = 327113.2982000247, rho = 4.859237103348928
nSV = 2899, nBSV = 1602
Total nSV = 2899
..
Warning: using -h 0 may be faster
*
optimization finished, #iter = 2289
C = 611.6948311472917
obj = 332198.5897891877, rho = 5.948910171019125
nSV = 2869, nBSV = 1601
Total nSV = 2869
.
Warning: using -h 0 may be faster
.
Warning: using -h 0 may be faster
*
optimization finished, #iter = 2923
C = 581.7667845713286
obj = 362780.4857970362, rho = 9.582692012281287
nSV = 3494, nBSV = 2051
Total nSV = 8174
.
Warning: using -h 0 may be faster
*
optimization finished, #iter = 1911
C = 595.5827096136198
obj = 256079.94889056557, rho = -20.54451941131915
nSV = 2040, nBSV = 1030
Total nSV = 2040
.
Warning: using -h 0 may be faster
*
optimization finished, #iter = 1866
C = 732.1588640595143
obj = 339754.2622545792, rho = -5.638361713721227
nSV = 2075, nBSV = 1004
Total nSV = 2075
.
Warning: using -h 0 may be faster
*
optimization finished, #iter = 1833
C = 701.9195937091878
obj = 317642.7794460778, rho = 4.23660921265483
nSV = 2096, nBSV = 1020
Total nSV = 2096
.
Warning: using -h 0 may be faster
*
optimization finished, #iter = 1839
C = 652.1014918249974
obj = 291178.92025723873, rho = 10.36086360782917
nSV = 2066, nBSV = 1033
Total nSV = 2066
.
Warning: using -h 0 may be faster
*
optimization finished, #iter = 1843
C = 646.9007363498025
obj = 284926.16130885563, rho = -1.7335155655841632
nSV = 2070, nBSV = 1043
Total nSV = 2070
..
Warning: using -h 0 may be faster
*
optimization finished, #iter = 2326
C = 647.089657321255
obj = 338554.3533101611, rho = 1.424868770441176
nSV = 2531, nBSV = 1328
...
Warning: using -h 0 may be faster
*
optimization finished, #iter = 3501
C = 1844.238066109124
obj = 1528262.9352054494, rho = -122.9527465461246
nSV = 3682, nBSV = 1332
Total nSV = 3682
...
Warning: using -h 0 may be faster
*
optimization finished, #iter = 3594
C = 1929.8697319918685
obj = 1638347.8973198824, rho = -100.9085857111885
nSV = 3717, nBSV = 1302
Total nSV = 3717
...
Warning: using -h 0 may be faster
*
optimization finished, #iter = 3335
C = 1834.02128938341
obj = 1557710.6062539187, rho = -103.7669168465495
nSV = 3604, nBSV = 1370
Total nSV = 3604
.
Warning: using -h 0 may be faster
..
Warning: using -h 0 may be faster
*
optimization finished, #iter = 3575
C = 1955.7437365194473
obj = 1640111.839679938, rho = -99.09423803470902
nSV = 3710, nBSV = 1294
Total nSV = 3710
...
Warning: using -h 0 may be faster
*
optimization finished, #iter = 3573
C = 1880.96291624609
obj = 1568205.0297273076, rho = -96.78576701127902
nSV = 3667, nBSV = 1337
Total nSV = 3667
....
Warning: using -h 0 may be faster
*
optimization finished, #iter = 4495
C = 1969.2512224785696
obj = 1931493.5296330194, rho = 21.908321741678776
nSV = 4484, nBSV = 1732
.
Warning: using -h 0 may be faster
*
optimization finished, #iter = 1874
C = 581.8026253735205
obj = 265121.68325924315, rho = -25.29770077043537
nSV = 2341, nBSV = 1261
Total nSV = 2341
..
Warning: using -h 0 may be faster
*
optimization finished, #iter = 2048
C = 642.415984414033
obj = 312469.92232371203, rho = -32.067853077314034
nSV = 2355, nBSV = 1229
Total nSV = 2355
..
Warning: using -h 0 may be faster
*
optimization finished, #iter = 2064
C = 624.0807309483009
obj = 299106.8831242829, rho = -26.307543126882816
nSV = 2387, nBSV = 1231
Total nSV = 2387
.
Warning: using -h 0 may be faster
*
optimization finished, #iter = 1970
C = 614.0358120410837
obj = 287437.78255995834, rho = -34.7870673204998
nSV = 2339, nBSV = 1231
Total nSV = 2339
.
Warning: using -h 0 may be faster
*
optimization finished, #iter = 1967
C = 594.4379742264928
obj = 277891.317779379, rho = -25.908905079496652
nSV = 2327, nBSV = 1238
Total nSV = 2327
..
Warning: using -h 0 may be faster
*
optimization finished, #iter = 2284
C = 593.461701920513
obj = 324428.6248036305, rho = 13.532616169609161
nSV = 2852, nBSV = 1617
Total nSV = 6682
.
Warning: using -h 0 may be faster
*
optimization finished, #iter = 1886
C = 635.3329040708185
obj = 273211.99231953407, rho = 0.803951222016525
nSV = 2080, nBSV = 1034
Total nSV = 2080
.
Warning: using -h 0 may be faster
*
optimization finished, #iter = 1906
C = 669.875803813036
obj = 295220.43632534513, rho = 1.6815182234003874
nSV = 2073, nBSV = 1025
Total nSV = 2073
.
Warning: using -h 0 may be faster
*
optimization finished, #iter = 1903
C = 688.6995716462379
obj = 306247.68614266417, rho = -5.590974601671264
nSV = 2079, nBSV = 1020
Total nSV = 2079
.
Warning: using -h 0 may be faster
*
optimization finished, #iter = 1835
C = 661.9733703997302
obj = 292186.0838845276, rho = -4.77379425592209
nSV = 2063, nBSV = 1027
Total nSV = 2063
.
Warning: using -h 0 may be faster
*
optimization finished, #iter = 1923
C = 659.851757597377
obj = 292146.2651323791, rho = -1.3743971480714003
nSV = 2068, nBSV = 1033
Total nSV = 2068
Line search fails in two-class probability estimates
..
Warning: using -h 0 may be faster
*
optimization finished, #iter = 2303
C = 641.6773392546315
obj = 327709.53617990145, rho = -0.0886944658787762
nSV = 2502, nBSV = 1342
...
Warning: using -h 0 may be faster
*
optimization finished, #iter = 3838
C = 1935.1986634018542
obj = 1608073.6499532878, rho = -92.09115064269251
nSV = 3685, nBSV = 1336
Total nSV = 3685
.
Warning: using -h 0 may be faster
..
Warning: using -h 0 may be faster
*
optimization finished, #iter = 3640
C = 1909.9214067834728
obj = 1590233.7989875334, rho = -97.78108311188161
nSV = 3672, nBSV = 1344
Total nSV = 3672
...
Warning: using -h 0 may be faster
*
optimization finished, #iter = 3583
C = 1847.7501245182557
obj = 1517221.2467338818, rho = -77.16228285783384
nSV = 3646, nBSV = 1331
Total nSV = 3646
...
Warning: using -h 0 may be faster
*
optimization finished, #iter = 3496
C = 1817.482693183249
obj = 1505279.3127203453, rho = -94.62186290044258
nSV = 3637, nBSV = 1362
Total nSV = 3637
...
Warning: using -h 0 may be faster
*
optimization finished, #iter = 3335
C = 1789.2955603280977
obj = 1474643.4778310496, rho = -90.29902649903308
nSV = 3640, nBSV = 1376
Total nSV = 3640
....
Warning: using -h 0 may be faster
*
optimization finished, #iter = 4896
C = 1976.680584366375
obj = 1883453.2035643538, rho = -10.589316862973348
nSV = 4523, nBSV = 1730
.
Warning: using -h 0 may be faster
*
optimization finished, #iter = 1914
C = 551.9219503719199
obj = 245191.58833880236, rho = -17.324987575738476
nSV = 2326, nBSV = 1292
Total nSV = 2326
.
Warning: using -h 0 may be faster
*
optimization finished, #iter = 1913
C = 579.7888515492924
obj = 261323.2200050269, rho = -34.594551834660734
nSV = 2335, nBSV = 1260
Total nSV = 2335
..
Warning: using -h 0 may be faster
*
optimization finished, #iter = 2000
C = 587.3326119165231
obj = 269750.27561570524, rho = -34.0093162245194
nSV = 2333, nBSV = 1258
Total nSV = 2333
.
Warning: using -h 0 may be faster
*
optimization finished, #iter = 1968
C = 607.893597719168
obj = 279839.0390648523, rho = -28.256789681868863
nSV = 2344, nBSV = 1225
Total nSV = 2344
..
Warning: using -h 0 may be faster
*
optimization finished, #iter = 2043
C = 648.4938361781931
obj = 301432.1204918512, rho = -35.797072385363464
nSV = 2397, nBSV = 1214
Total nSV = 2397
..
Warning: using -h 0 may be faster
*
optimization finished, #iter = 2325
C = 575.4530112127222
obj = 301760.3983689009, rho = 12.296393757269268
nSV = 2838, nBSV = 1614
Total nSV = 6696
.
Warning: using -h 0 may be faster
..
Warning: using -h 0 may be faster
*
optimization finished, #iter = 3468
C = 1959.2931127102847
obj = 1666542.173303669, rho = -111.60226177493632
nSV = 3691, nBSV = 1344
Total nSV = 3691
...
Warning: using -h 0 may be faster
*
optimization finished, #iter = 3363
C = 1923.0837590743513
obj = 1641152.6123176857, rho = -0.9695658840840785
nSV = 3626, nBSV = 1359
Total nSV = 3626
...
Warning: using -h 0 may be faster
*
optimization finished, #iter = 3515
C = 1980.9653833037426
obj = 1698611.0602196273, rho = -8.455854826724734
nSV = 3634, nBSV = 1304
Total nSV = 3634
...
Warning: using -h 0 may be faster
*
optimization finished, #iter = 3911
C = 2015.236153574282
obj = 1674627.099208004, rho = 22.953294765403175
nSV = 3735, nBSV = 1302
Total nSV = 3735
...
Warning: using -h 0 may be faster
*
optimization finished, #iter = 3386
C = 1937.5495244734734
obj = 1627307.6268235606, rho = 12.881802450581363
nSV = 3680, nBSV = 1335
Total nSV = 3680
....
Warning: using -h 0 may be faster
*
optimization finished, #iter = 4324
C = 2077.150631255497
obj = 2100644.307755025, rho = -118.77365126332477
nSV = 4486, nBSV = 1746
..
Warning: using -h 0 may be faster
*
optimization finished, #iter = 2146
C = 692.79880165634
obj = 331428.6482449079, rho = -35.8585502632022
nSV = 2437, nBSV = 1171
Total nSV = 2437
.
Warning: using -h 0 may be faster
*
optimization finished, #iter = 1927
C = 634.4748142743044
obj = 299519.64617560647, rho = -35.295380722099225
nSV = 2346, nBSV = 1229
Total nSV = 2346
.
Warning: using -h 0 may be faster
*
optimization finished, #iter = 1965
C = 636.9143466944464
obj = 304467.60905834043, rho = -34.80779700570976
nSV = 2372, nBSV = 1221
Total nSV = 2372
..
Warning: using -h 0 may be faster
*
optimization finished, #iter = 2087
C = 690.6475647528874
obj = 331803.5726874131, rho = -24.46519268774578
nSV = 2401, nBSV = 1212
Total nSV = 2401
.
Warning: using -h 0 may be faster
*
optimization finished, #iter = 1963
C = 619.1789916164423
obj = 278746.2337918153, rho = -28.461336976336348
nSV = 2381, nBSV = 1231
Total nSV = 2381
..
Warning: using -h 0 may be faster
*
optimization finished, #iter = 2393
C = 641.7149993125478
obj = 351326.78084059875, rho = -32.597027259734546
nSV = 2894, nBSV = 1559
.
Warning: using -h 0 may be faster
*
optimization finished, #iter = 1909
C = 675.0857932557516
obj = 298558.8609679178, rho = -17.66672573564462
nSV = 2073, nBSV = 1020
Total nSV = 2073
.
Warning: using -h 0 may be faster
*
optimization finished, #iter = 1923
C = 654.1187576918405
obj = 287026.0678553073, rho = -17.93727862181559
nSV = 2078, nBSV = 1037
Total nSV = 2078
.
Warning: using -h 0 may be faster
*
optimization finished, #iter = 1845
C = 661.9004509584506
obj = 293542.372846115, rho = -10.130775370981297
nSV = 2075, nBSV = 1024
Total nSV = 2075
.
Warning: using -h 0 may be faster
*
optimization finished, #iter = 1852
C = 627.8538652571613
obj = 273832.9775982567, rho = -9.772419982152034
nSV = 2039, nBSV = 1044
Total nSV = 2039
.
Warning: using -h 0 may be faster
*
optimization finished, #iter = 1866
C = 668.712758601519
obj = 297870.0923534843, rho = -3.8039316501330367
nSV = 2086, nBSV = 1042
Total nSV = 2086
Line search fails in two-class probability estimates
..
Warning: using -h 0 may be faster
*
optimization finished, #iter = 2335
C = 650.8722513888379
obj = 341588.8765671442, rho = -12.267911624710528
nSV = 2522, nBSV = 1360
Total nSV = 6712
.
Warning: using -h 0 may be faster
*
optimization finished, #iter = 1866
C = 711.3308176254207
obj = 330700.0475943724, rho = -21.254489754074967
nSV = 2088, nBSV = 1018
Total nSV = 2088
.
Warning: using -h 0 may be faster
*
optimization finished, #iter = 1787
C = 662.4100489506321
obj = 298098.02790360356, rho = -6.6938213013187475
nSV = 2051, nBSV = 1031
Total nSV = 2051
.
Warning: using -h 0 may be faster
*
optimization finished, #iter = 1884
C = 730.9542115870607
obj = 345520.8552899794, rho = -0.3506315642295527
nSV = 2097, nBSV = 994
Total nSV = 2097
.
Warning: using -h 0 may be faster
*
optimization finished, #iter = 1818
C = 680.5442157203457
obj = 304902.6939639322, rho = -14.025999708919349
nSV = 2075, nBSV = 1037
Total nSV = 2075
.
Warning: using -h 0 may be faster
*
optimization finished, #iter = 1847
C = 732.9549763147753
obj = 341335.47260735364, rho = -11.023344574708743
nSV = 2094, nBSV = 999
Total nSV = 2094
..
Warning: using -h 0 may be faster
*
optimization finished, #iter = 2443
C = 689.833897790206
obj = 373549.87458756915, rho = -18.582618188522776
nSV = 2530, nBSV = 1305
.
Warning: using -h 0 may be faster
*
optimization finished, #iter = 1947
C = 583.1727326422733
obj = 263891.11063648894, rho = 4.759896910721885
nSV = 2318, nBSV = 1267
Total nSV = 2318
.
Warning: using -h 0 may be faster
*
optimization finished, #iter = 1995
C = 598.2736066110921
obj = 272196.3592301454, rho = 2.5157729650253042
nSV = 2364, nBSV = 1243
Total nSV = 2364
.
Warning: using -h 0 may be faster
*
optimization finished, #iter = 1937
C = 615.7647016815058
obj = 286807.8054881878, rho = 3.301376169857789
nSV = 2346, nBSV = 1223
Total nSV = 2346
.
Warning: using -h 0 may be faster
*
optimization finished, #iter = 1854
C = 629.8439954364278
obj = 305371.53202916344, rho = -0.45379116500682143
nSV = 2335, nBSV = 1236
Total nSV = 2335
.
Warning: using -h 0 may be faster
*
optimization finished, #iter = 1937
C = 575.8002295157538
obj = 266929.05462714855, rho = 0.24866841622821553
nSV = 2351, nBSV = 1243
Total nSV = 2351
..
Warning: using -h 0 may be faster
*
optimization finished, #iter = 2409
C = 595.523432016111
obj = 323641.0240842658, rho = 3.432711228608327
nSV = 2880, nBSV = 1583
...
Warning: using -h 0 may be faster
*
optimization finished, #iter = 3453
C = 1907.0511185010075
obj = 1632852.2025946255, rho = -104.59159498682249
nSV = 3652, nBSV = 1331
Total nSV = 3652
...
Warning: using -h 0 may be faster
*
optimization finished, #iter = 3862
C = 1940.8099703768166
obj = 1652502.76209827, rho = -92.4478185960902
nSV = 3729, nBSV = 1311
Total nSV = 3729
...
Warning: using -h 0 may be faster
*
optimization finished, #iter = 3721
C = 1857.0763949727375
obj = 1535591.0875797311, rho = -100.85770245407784
nSV = 3687, nBSV = 1327
Total nSV = 3687
...
Warning: using -h 0 may be faster
*
optimization finished, #iter = 3588
C = 1854.7344423624033
obj = 1579337.2488566232, rho = -96.98982711970766
nSV = 3684, nBSV = 1323
Total nSV = 3684
...
Warning: using -h 0 may be faster
*
optimization finished, #iter = 3516
C = 1881.3104303589728
obj = 1555475.31759132, rho = -105.36397652648128
nSV = 3636, nBSV = 1372
Total nSV = 3636
....
Warning: using -h 0 may be faster
*
optimization finished, #iter = 4350
C = 1981.8911498514153
obj = 1989767.7474244474, rho = 2.5208308528484134
nSV = 4422, nBSV = 1773
Total nSV = 6650
.
Warning: using -h 0 may be faster
*
optimization finished, #iter = 1818
C = 542.0539604262393
obj = 238203.43386593641, rho = 9.290023974639501
nSV = 2284, nBSV = 1269
Total nSV = 2284
.
Warning: using -h 0 may be faster
*
optimization finished, #iter = 1925
C = 626.8910725438632
obj = 291859.193854262, rho = -19.382953668421244
nSV = 2352, nBSV = 1247
Total nSV = 2352
.
Warning: using -h 0 may be faster
*
optimization finished, #iter = 1922
C = 547.206024458873
obj = 244072.60235981923, rho = -20.903249219090522
nSV = 2316, nBSV = 1261
Total nSV = 2316
.
Warning: using -h 0 may be faster
*
optimization finished, #iter = 1839
C = 544.9865240837399
obj = 244554.2618377374, rho = -14.63134062693873
nSV = 2321, nBSV = 1273
Total nSV = 2321
.
Warning: using -h 0 may be faster
*.
Warning: using -h 0 may be faster
*
optimization finished, #iter = 1908
C = 632.9725563973212
obj = 297104.12922676763, rho = -13.136541549925239
nSV = 2366, nBSV = 1209
Total nSV = 2366
..
Warning: using -h 0 may be faster
*
optimization finished, #iter = 2312
C = 553.3864158425785
obj = 289278.94237661007, rho = 6.1836426609002215
nSV = 2842, nBSV = 1598
.
Warning: using -h 0 may be faster
*
optimization finished, #iter = 1803
C = 598.5842218301652
obj = 257932.14033238322, rho = -9.487507774327385
nSV = 2028, nBSV = 1058
Total nSV = 2028
.
Warning: using -h 0 may be faster
*
optimization finished, #iter = 1882
C = 689.5478204787507
obj = 304139.77572436346, rho = -10.696114927624892
nSV = 2079, nBSV = 1038
Total nSV = 2079
.
Warning: using -h 0 may be faster
*
optimization finished, #iter = 1857
C = 705.6533699553303
obj = 319220.6086926115, rho = -8.720857323656741
nSV = 2079, nBSV = 1033
Total nSV = 2079
.
Warning: using -h 0 may be faster
*
optimization finished, #iter = 1827
C = 637.6100659905973
obj = 285522.1222632949, rho = -5.823553286786626
nSV = 2054, nBSV = 1049
Total nSV = 2054
.
Warning: using -h 0 may be faster
*
optimization finished, #iter = 1867
C = 680.0306686710245
obj = 306733.2073277252, rho = -14.854604500382491
nSV = 2078, nBSV = 1036
Total nSV = 2078
..
Warning: using -h 0 may be faster
*
optimization finished, #iter = 2311
C = 630.8818675275077
obj = 323313.5655402274, rho = -11.0389432378809
nSV = 2549, nBSV = 1360
...
Warning: using -h 0 may be faster
*
optimization finished, #iter = 3620
C = 1948.2498377130353
obj = 1607033.3362645034, rho = 13.162861985824193
nSV = 3685, nBSV = 1319
Total nSV = 3685
...
Warning: using -h 0 may be faster
*
optimization finished, #iter = 3651
C = 1893.9954623327699
obj = 1560171.571500691, rho = -88.24498526718038
nSV = 3690, nBSV = 1309
Total nSV = 3690
...
Warning: using -h 0 may be faster
*
optimization finished, #iter = 3549
C = 2043.1023964947772
obj = 1781913.0962157445, rho = -95.0206418089919
nSV = 3693, nBSV = 1328
Total nSV = 3693
...
Warning: using -h 0 may be faster
*
optimization finished, #iter = 3416
C = 1977.8522937609894
obj = 1694420.9919615597, rho = -89.01279721400208
nSV = 3654, nBSV = 1336
Total nSV = 3654
...
Warning: using -h 0 may be faster
*
optimization finished, #iter = 3625
C = 1933.961425666842
obj = 1607741.6394687418, rho = -81.0410741492992
nSV = 3663, nBSV = 1356
Total nSV = 3663
....
Warning: using -h 0 may be faster
*
optimization finished, #iter = 4647
C = 2088.2708955146104
obj = 2055889.2616907689, rho = -97.89285527543802
nSV = 4527, nBSV = 1719
Total nSV = 6726


=== Predictions under cross-validation ===

 inst#     actual  predicted error distribution
     1  2:neutral  2:neutral       0.16,*0.524,0.316 
     2  2:neutral  2:neutral       0.016,*0.843,0.141 
     3  2:neutral 3:positive   +   0.049,0.146,*0.805 
     4  2:neutral  2:neutral       0.084,*0.595,0.321 
     5  2:neutral  2:neutral       0.051,*0.71,0.239 
     6  2:neutral 1:negative   +   *0.576,0.379,0.045 
     7  2:neutral 3:positive   +   0.033,0.267,*0.7 
     8  2:neutral  2:neutral       0.06,*0.781,0.158 
     9  2:neutral  2:neutral       0.1,*0.555,0.345 
    10  2:neutral 1:negative   +   *0.789,0.125,0.086 
    11  2:neutral 3:positive   +   0.014,0.311,*0.675 
    12  2:neutral  2:neutral       0.057,*0.807,0.137 
    13  2:neutral  2:neutral       0.034,*0.778,0.188 
    14  2:neutral  2:neutral       0.018,*0.693,0.289 
    15  2:neutral  2:neutral       0.293,*0.487,0.22 
    16  2:neutral  2:neutral       0.023,*0.601,0.376 
    17  2:neutral 3:positive   +   0.292,0.33,*0.379 
    18  2:neutral  2:neutral       0.248,*0.47,0.282 
    19  2:neutral  2:neutral       0.104,*0.662,0.234 
    20  2:neutral  2:neutral       0.011,*0.936,0.052 
    21  2:neutral 1:negative   +   *0.55,0.17,0.28 
    22  2:neutral  2:neutral       0.058,*0.599,0.344 
    23  2:neutral  2:neutral       0.077,*0.675,0.248 
    24  2:neutral  2:neutral       0.06,*0.778,0.162 
    25  2:neutral  2:neutral       0.065,*0.625,0.31 
    26  2:neutral 3:positive   +   0.252,0.207,*0.54 
    27  2:neutral  2:neutral       0.038,*0.851,0.111 
    28  2:neutral 1:negative   +   *0.523,0.326,0.151 
    29  2:neutral  2:neutral       0.019,*0.668,0.313 
    30  2:neutral 3:positive   +   0.031,0.416,*0.553 
    31  2:neutral  2:neutral       0.282,*0.607,0.111 
    32  2:neutral 1:negative   +   *0.963,0.029,0.008 
    33  2:neutral  2:neutral       0.015,*0.845,0.14 
    34  2:neutral  2:neutral       0.047,*0.772,0.181 
    35  2:neutral  2:neutral       0.054,*0.859,0.087 
    36  2:neutral  2:neutral       0.011,*0.822,0.167 
    37  2:neutral  2:neutral       0.115,*0.713,0.172 
    38  2:neutral  2:neutral       0.102,*0.676,0.221 
    39  2:neutral  2:neutral       0.04,*0.785,0.174 
    40  2:neutral  2:neutral       0.047,*0.651,0.303 
    41  2:neutral  2:neutral       0.075,*0.716,0.209 
    42  2:neutral  2:neutral       0.03,*0.8,0.17 
    43  2:neutral 3:positive   +   0.208,0.206,*0.586 
    44  2:neutral  2:neutral       0.092,*0.574,0.334 
    45  2:neutral  2:neutral       0.073,*0.815,0.112 
    46  2:neutral  2:neutral       0.018,*0.686,0.296 
    47  2:neutral  2:neutral       0.05,*0.659,0.291 
    48  2:neutral  2:neutral       0.074,*0.502,0.424 
    49  2:neutral  2:neutral       0.046,*0.793,0.161 
    50  2:neutral  2:neutral       0.037,*0.82,0.142 
    51  2:neutral  2:neutral       0.207,*0.733,0.061 
    52  2:neutral  2:neutral       0.275,*0.436,0.289 
    53  2:neutral 3:positive   +   0.084,0.435,*0.48 
    54  2:neutral  2:neutral       0.117,*0.491,0.392 
    55  2:neutral  2:neutral       0.046,*0.77,0.184 
    56  2:neutral  2:neutral       0.062,*0.908,0.03 
    57  2:neutral  2:neutral       0.195,*0.435,0.37 
    58  2:neutral  2:neutral       0.071,*0.512,0.416 
    59  2:neutral  2:neutral       0.091,*0.57,0.339 
    60  2:neutral  2:neutral       0.039,*0.547,0.414 
    61  2:neutral  2:neutral       0.28,*0.525,0.195 
    62  2:neutral  2:neutral       0.167,*0.548,0.285 
    63  2:neutral  2:neutral       0.027,*0.686,0.287 
    64  2:neutral 3:positive   +   0.049,0.47,*0.482 
    65  2:neutral  2:neutral       0.174,*0.71,0.116 
    66  2:neutral 3:positive   +   0.072,0.282,*0.646 
    67  2:neutral 3:positive   +   0.059,0.328,*0.613 
    68  2:neutral  2:neutral       0.202,*0.442,0.356 
    69  2:neutral 3:positive   +   0.055,0.311,*0.634 
    70  2:neutral 3:positive   +   0.11,0.286,*0.605 
    71  2:neutral  2:neutral       0.137,*0.722,0.14 
    72  2:neutral 3:positive   +   0.052,0.087,*0.86 
    73  2:neutral 3:positive   +   0.164,0.314,*0.522 
    74  2:neutral 3:positive   +   0.105,0.348,*0.547 
    75  2:neutral  2:neutral       0.078,*0.771,0.15 
    76  2:neutral  2:neutral       0.096,*0.664,0.241 
    77  2:neutral  2:neutral       0.142,*0.629,0.228 
    78  2:neutral  2:neutral       0.072,*0.684,0.244 
    79  2:neutral  2:neutral       0.386,*0.504,0.11 
    80  2:neutral  2:neutral       0.07,*0.85,0.079 
    81  2:neutral  2:neutral       0.292,*0.386,0.322 
    82  2:neutral  2:neutral       0.078,*0.876,0.047 
    83  2:neutral 3:positive   +   0.255,0.181,*0.564 
    84  2:neutral 3:positive   +   0.031,0.17,*0.798 
    85  2:neutral 1:negative   +   *0.467,0.335,0.198 
    86  2:neutral  2:neutral       0.076,*0.787,0.137 
    87  2:neutral  2:neutral       0.018,*0.569,0.413 
    88  2:neutral  2:neutral       0.022,*0.665,0.313 
    89  2:neutral 1:negative   +   *0.631,0.158,0.211 
    90  2:neutral  2:neutral       0.02,*0.787,0.193 
    91  2:neutral  2:neutral       0.115,*0.523,0.361 
    92  2:neutral  2:neutral       0.138,*0.625,0.237 
    93  2:neutral  2:neutral       0.079,*0.587,0.334 
    94  2:neutral 3:positive   +   0.068,0.414,*0.519 
    95  2:neutral  2:neutral       0.061,*0.549,0.39 
    96  2:neutral  2:neutral       0.113,*0.77,0.117 
    97  2:neutral  2:neutral       0.081,*0.655,0.263 
    98  2:neutral 3:positive   +   0.093,0.245,*0.662 
    99  2:neutral  2:neutral       0.066,*0.787,0.147 
   100  2:neutral  2:neutral       0.1,*0.704,0.196 
   101  2:neutral  2:neutral       0.255,*0.447,0.298 
   102  2:neutral 3:positive   +   0.06,0.299,*0.642 
   103  2:neutral  2:neutral       0.069,*0.655,0.276 
   104  2:neutral  2:neutral       0.184,*0.538,0.278 
   105  2:neutral  2:neutral       0.073,*0.605,0.321 
   106  2:neutral 3:positive   +   0.173,0.172,*0.655 
   107  2:neutral  2:neutral       0.088,*0.635,0.277 
   108  2:neutral  2:neutral       0.064,*0.625,0.31 
   109  2:neutral  2:neutral       0.023,*0.833,0.144 
   110  2:neutral  2:neutral       0.083,*0.706,0.211 
   111  2:neutral  2:neutral       0.082,*0.527,0.391 
   112  2:neutral  2:neutral       0.013,*0.806,0.181 
   113  2:neutral  2:neutral       0.035,*0.648,0.317 
   114  2:neutral 3:positive   +   0.085,0.268,*0.647 
   115  2:neutral  2:neutral       0.057,*0.564,0.38 
   116  2:neutral  2:neutral       0.212,*0.69,0.098 
   117  2:neutral  2:neutral       0.035,*0.914,0.051 
   118  2:neutral  2:neutral       0.11,*0.498,0.391 
   119  2:neutral  2:neutral       0.033,*0.807,0.161 
   120  2:neutral 3:positive   +   0.043,0.136,*0.822 
   121  2:neutral  2:neutral       0.082,*0.58,0.339 
   122  2:neutral 3:positive   +   0.179,0.138,*0.683 
   123  2:neutral  2:neutral       0.105,*0.799,0.096 
   124  2:neutral  2:neutral       0.078,*0.835,0.087 
   125  2:neutral  2:neutral       0.325,*0.589,0.085 
   126  2:neutral  2:neutral       0.05,*0.704,0.246 
   127  2:neutral  2:neutral       0.043,*0.763,0.193 
   128  2:neutral 3:positive   +   0.022,0.413,*0.565 
   129  2:neutral  2:neutral       0.203,*0.499,0.298 
   130  2:neutral  2:neutral       0.029,*0.748,0.222 
   131  2:neutral  2:neutral       0.32,*0.448,0.231 
   132  2:neutral  2:neutral       0.069,*0.664,0.267 
   133  2:neutral  2:neutral       0.077,*0.788,0.135 
   134  2:neutral  2:neutral       0.064,*0.684,0.253 
   135  2:neutral  2:neutral       0.024,*0.837,0.139 
   136  2:neutral  2:neutral       0.009,*0.726,0.266 
   137  2:neutral  2:neutral       0.087,*0.659,0.254 
   138  2:neutral 3:positive   +   0.016,0.479,*0.505 
   139  2:neutral  2:neutral       0.262,*0.547,0.191 
   140  2:neutral  2:neutral       0.178,*0.641,0.181 
   141  2:neutral  2:neutral       0.065,*0.679,0.256 
   142  2:neutral  2:neutral       0.129,*0.681,0.19 
   143  2:neutral  2:neutral       0.311,*0.413,0.276 
   144  2:neutral  2:neutral       0.134,*0.708,0.158 
   145  2:neutral 1:negative   +   *0.354,0.317,0.33 
   146  2:neutral  2:neutral       0.288,*0.629,0.084 
   147  2:neutral  2:neutral       0.034,*0.702,0.264 
   148  2:neutral  2:neutral       0.091,*0.755,0.155 
   149  2:neutral 3:positive   +   0.146,0.249,*0.605 
   150  2:neutral  2:neutral       0.079,*0.745,0.176 
   151  2:neutral  2:neutral       0.078,*0.768,0.155 
   152  2:neutral  2:neutral       0.035,*0.853,0.112 
   153  2:neutral  2:neutral       0.034,*0.849,0.116 
   154  2:neutral  2:neutral       0.122,*0.7,0.179 
   155  2:neutral 3:positive   +   0.034,0.477,*0.489 
   156  2:neutral 3:positive   +   0.046,0.342,*0.612 
   157  2:neutral  2:neutral       0.033,*0.702,0.265 
   158  2:neutral  2:neutral       0.043,*0.872,0.085 
   159  2:neutral  2:neutral       0.127,*0.833,0.04 
   160  2:neutral  2:neutral       0.009,*0.681,0.31 
   161  2:neutral  2:neutral       0.205,*0.511,0.284 
   162  2:neutral  2:neutral       0.035,*0.662,0.303 
   163  2:neutral  2:neutral       0.015,*0.664,0.321 
   164  2:neutral  2:neutral       0.132,*0.539,0.329 
   165  2:neutral  2:neutral       0.042,*0.872,0.086 
   166  2:neutral  2:neutral       0.078,*0.689,0.232 
   167  2:neutral  2:neutral       0.062,*0.614,0.324 
   168  2:neutral  2:neutral       0.047,*0.726,0.228 
   169  2:neutral  2:neutral       0.119,*0.578,0.303 
   170  2:neutral  2:neutral       0.042,*0.867,0.091 
   171  2:neutral  2:neutral       0.042,*0.606,0.352 
   172  2:neutral  2:neutral       0.17,*0.548,0.283 
   173  2:neutral 1:negative   +   *0.75,0.196,0.054 
   174  2:neutral  2:neutral       0.095,*0.513,0.392 
   175  2:neutral  2:neutral       0.028,*0.83,0.142 
   176  2:neutral  2:neutral       0.152,*0.603,0.245 
   177  2:neutral  2:neutral       0.027,*0.786,0.188 
   178  2:neutral  2:neutral       0.203,*0.616,0.182 
   179  2:neutral  2:neutral       0.096,*0.718,0.186 
   180  2:neutral  2:neutral       0.053,*0.766,0.18 
   181  2:neutral  2:neutral       0.061,*0.794,0.145 
   182  2:neutral  2:neutral       0.388,*0.486,0.126 
   183  2:neutral  2:neutral       0.071,*0.6,0.329 
   184  2:neutral 3:positive   +   0.067,0.447,*0.486 
   185  2:neutral  2:neutral       0.047,*0.567,0.386 
   186  2:neutral  2:neutral       0.017,*0.685,0.298 
   187  2:neutral  2:neutral       0.053,*0.518,0.429 
   188  2:neutral 3:positive   +   0.071,0.361,*0.569 
   189  2:neutral 1:negative   +   *0.615,0.312,0.072 
   190  2:neutral  2:neutral       0.223,*0.664,0.113 
   191  2:neutral  2:neutral       0.102,*0.721,0.176 
   192  2:neutral  2:neutral       0.043,*0.807,0.15 
   193  2:neutral  2:neutral       0.014,*0.624,0.362 
   194  2:neutral  2:neutral       0.089,*0.84,0.071 
   195  2:neutral 3:positive   +   0.13,0.236,*0.634 
   196  2:neutral  2:neutral       0.133,*0.727,0.14 
   197  2:neutral  2:neutral       0.087,*0.681,0.233 
   198  2:neutral 1:negative   +   *0.437,0.422,0.141 
   199  2:neutral 3:positive   +   0.091,0.17,*0.74 
   200  2:neutral  2:neutral       0.106,*0.5,0.394 
   201  2:neutral  2:neutral       0.012,*0.862,0.126 
   202  2:neutral  2:neutral       0.097,*0.7,0.203 
   203  2:neutral  2:neutral       0.031,*0.507,0.462 
   204  2:neutral  2:neutral       0.02,*0.934,0.046 
   205  2:neutral  2:neutral       0.021,*0.692,0.287 
   206  2:neutral  2:neutral       0.304,*0.414,0.282 
   207  2:neutral 3:positive   +   0.033,0.439,*0.528 
   208  2:neutral  2:neutral       0.038,*0.863,0.099 
   209  2:neutral  2:neutral       0.037,*0.892,0.071 
   210  2:neutral 3:positive   +   0.327,0.298,*0.375 
   211  2:neutral  2:neutral       0.031,*0.762,0.207 
   212  2:neutral  2:neutral       0.033,*0.756,0.211 
   213  2:neutral  2:neutral       0.075,*0.671,0.254 
   214  2:neutral  2:neutral       0.115,*0.705,0.18 
   215  2:neutral  2:neutral       0.168,*0.518,0.314 
   216  2:neutral  2:neutral       0.072,*0.524,0.404 
   217  2:neutral  2:neutral       0.048,*0.743,0.209 
   218  2:neutral 3:positive   +   0.162,0.35,*0.489 
   219  2:neutral  2:neutral       0.174,*0.691,0.135 
   220  2:neutral  2:neutral       0.078,*0.622,0.3 
   221  2:neutral 1:negative   +   *0.518,0.248,0.234 
   222  2:neutral 3:positive   +   0.152,0.359,*0.489 
   223  2:neutral  2:neutral       0.043,*0.606,0.351 
   224  2:neutral  2:neutral       0.12,*0.571,0.309 
   225  2:neutral  2:neutral       0.018,*0.871,0.11 
   226  2:neutral  2:neutral       0.061,*0.729,0.21 
   227  2:neutral  2:neutral       0.042,*0.745,0.213 
   228  2:neutral 3:positive   +   0.053,0.415,*0.532 
   229  2:neutral  2:neutral       0.023,*0.531,0.446 
   230  2:neutral 1:negative   +   *0.496,0.242,0.262 
   231  2:neutral  2:neutral       0.082,*0.819,0.1 
   232  2:neutral  2:neutral       0.362,*0.447,0.19 
   233  2:neutral  2:neutral       0.184,*0.494,0.322 
   234  2:neutral  2:neutral       0.065,*0.56,0.375 
   235  2:neutral  2:neutral       0.319,*0.583,0.098 
   236  2:neutral  2:neutral       0.079,*0.561,0.36 
   237  2:neutral 3:positive   +   0.041,0.374,*0.586 
   238  2:neutral  2:neutral       0.318,*0.533,0.149 
   239  2:neutral  2:neutral       0.25,*0.562,0.189 
   240  2:neutral  2:neutral       0.158,*0.51,0.332 
   241  2:neutral  2:neutral       0.38,*0.397,0.224 
   242  2:neutral  2:neutral       0.053,*0.827,0.12 
   243  2:neutral 3:positive   +   0.034,0.231,*0.734 
   244  2:neutral  2:neutral       0.033,*0.72,0.247 
   245  2:neutral  2:neutral       0.219,*0.625,0.156 
   246  2:neutral 3:positive   +   0.014,0.392,*0.594 
   247  2:neutral  2:neutral       0.008,*0.975,0.017 
   248  2:neutral  2:neutral       0.056,*0.694,0.25 
   249  2:neutral 3:positive   +   0.191,0.397,*0.412 
   250  2:neutral  2:neutral       0.036,*0.703,0.261 
   251  2:neutral  2:neutral       0.062,*0.59,0.348 
   252  2:neutral  2:neutral       0.045,*0.479,0.476 
   253  2:neutral  2:neutral       0.144,*0.71,0.146 
   254  2:neutral  2:neutral       0.127,*0.748,0.125 
   255  2:neutral  2:neutral       0.068,*0.813,0.119 
   256  2:neutral  2:neutral       0.057,*0.571,0.372 
   257  2:neutral  2:neutral       0.088,*0.635,0.277 
   258  2:neutral  2:neutral       0.069,*0.88,0.052 
   259  2:neutral  2:neutral       0.079,*0.469,0.452 
   260  2:neutral  2:neutral       0.202,*0.718,0.08 
   261  2:neutral 3:positive   +   0.035,0.293,*0.671 
   262  2:neutral  2:neutral       0.037,*0.72,0.243 
   263  2:neutral  2:neutral       0.073,*0.553,0.373 
   264  2:neutral  2:neutral       0.071,*0.722,0.207 
   265  2:neutral  2:neutral       0.111,*0.599,0.289 
   266  2:neutral  2:neutral       0.033,*0.857,0.11 
   267  2:neutral 3:positive   +   0.148,0.309,*0.543 
   268  2:neutral  2:neutral       0.276,*0.574,0.15 
   269  2:neutral  2:neutral       0.218,*0.403,0.378 
   270  2:neutral 3:positive   +   0.09,0.452,*0.458 
   271  2:neutral 3:positive   +   0.295,0.291,*0.414 
   272  2:neutral  2:neutral       0.074,*0.719,0.207 
   273  2:neutral  2:neutral       0.158,*0.624,0.218 
   274  2:neutral  2:neutral       0.047,*0.569,0.384 
   275  2:neutral 1:negative   +   *0.697,0.093,0.21 
   276  2:neutral  2:neutral       0.024,*0.835,0.141 
   277  2:neutral  2:neutral       0.009,*0.534,0.456 
   278  2:neutral  2:neutral       0.034,*0.837,0.129 
   279  2:neutral 1:negative   +   *0.539,0.239,0.223 
   280  2:neutral  2:neutral       0.03,*0.504,0.466 
   281  2:neutral  2:neutral       0.104,*0.674,0.222 
   282  2:neutral  2:neutral       0.041,*0.835,0.124 
   283  2:neutral 3:positive   +   0.283,0.345,*0.372 
   284  2:neutral 3:positive   +   0.051,0.454,*0.494 
   285  2:neutral  2:neutral       0.011,*0.96,0.028 
   286  2:neutral  2:neutral       0.076,*0.498,0.426 
   287  2:neutral  2:neutral       0.086,*0.765,0.149 
   288  2:neutral  2:neutral       0.079,*0.783,0.138 
   289  2:neutral  2:neutral       0.064,*0.586,0.349 
   290  2:neutral  2:neutral       0.015,*0.618,0.367 
   291  2:neutral  2:neutral       0.187,*0.686,0.128 
   292  2:neutral 1:negative   +   *0.608,0.231,0.161 
   293  2:neutral  2:neutral       0.023,*0.651,0.325 
   294  2:neutral 3:positive   +   0.085,0.35,*0.565 
   295  2:neutral  2:neutral       0.1,*0.866,0.034 
   296  2:neutral  2:neutral       0.069,*0.664,0.267 
   297  2:neutral 3:positive   +   0.092,0.202,*0.706 
   298  2:neutral  2:neutral       0.086,*0.794,0.121 
   299  2:neutral  2:neutral       0.158,*0.688,0.154 
   300  2:neutral  2:neutral       0.036,*0.86,0.105 
   301  2:neutral  2:neutral       0.015,*0.652,0.333 
   302  2:neutral  2:neutral       0.069,*0.74,0.191 
   303  2:neutral 3:positive   +   0.101,0.211,*0.688 
   304  2:neutral 3:positive   +   0.129,0.351,*0.52 
   305  2:neutral  2:neutral       0.029,*0.736,0.235 
   306  2:neutral  2:neutral       0.067,*0.68,0.253 
   307  2:neutral  2:neutral       0.207,*0.627,0.166 
   308  2:neutral  2:neutral       0.07,*0.909,0.021 
   309  2:neutral 3:positive   +   0.03,0.138,*0.832 
   310  2:neutral  2:neutral       0.069,*0.88,0.051 
   311  2:neutral  2:neutral       0.197,*0.456,0.347 
   312  2:neutral  2:neutral       0.083,*0.676,0.241 
   313  2:neutral  2:neutral       0.179,*0.735,0.086 
   314  2:neutral  2:neutral       0.046,*0.825,0.128 
   315  2:neutral  2:neutral       0.034,*0.54,0.426 
   316  2:neutral 3:positive   +   0.022,0.14,*0.838 
   317  2:neutral  2:neutral       0.087,*0.66,0.252 
   318  2:neutral  2:neutral       0.084,*0.731,0.185 
   319  2:neutral 3:positive   +   0.093,0.386,*0.521 
   320  2:neutral  2:neutral       0.104,*0.68,0.216 
   321  2:neutral  2:neutral       0.106,*0.801,0.094 
   322  2:neutral  2:neutral       0.042,*0.868,0.09 
   323  2:neutral  2:neutral       0.078,*0.493,0.43 
   324  2:neutral  2:neutral       0.106,*0.758,0.137 
   325  2:neutral  2:neutral       0.039,*0.702,0.259 
   326  2:neutral  2:neutral       0.081,*0.661,0.258 
   327  2:neutral 1:negative   +   *0.635,0.195,0.17 
   328  2:neutral 1:negative   +   *0.618,0.276,0.107 
   329  2:neutral  2:neutral       0.174,*0.67,0.156 
   330  2:neutral  2:neutral       0.033,*0.899,0.068 
   331  2:neutral  2:neutral       0.084,*0.759,0.157 
   332  2:neutral  2:neutral       0.1,*0.715,0.185 
   333  2:neutral  2:neutral       0.016,*0.868,0.115 
   334  2:neutral 1:negative   +   *0.491,0.238,0.271 
   335  2:neutral 3:positive   +   0.023,0.42,*0.557 
   336  2:neutral  2:neutral       0.084,*0.589,0.327 
   337  2:neutral  2:neutral       0.057,*0.861,0.082 
   338  2:neutral  2:neutral       0.108,*0.588,0.303 
   339  2:neutral  2:neutral       0.049,*0.811,0.14 
   340  2:neutral  2:neutral       0.295,*0.497,0.208 
   341  2:neutral  2:neutral       0.071,*0.653,0.277 
   342  2:neutral 3:positive   +   0.093,0.119,*0.788 
   343  2:neutral  2:neutral       0.109,*0.67,0.221 
   344  2:neutral 3:positive   +   0.027,0.46,*0.513 
   345  2:neutral  2:neutral       0.021,*0.819,0.159 
   346  2:neutral  2:neutral       0.076,*0.591,0.333 
   347  2:neutral  2:neutral       0.088,*0.635,0.277 
   348  2:neutral 1:negative   +   *0.379,0.286,0.335 
   349  2:neutral  2:neutral       0.175,*0.595,0.23 
   350  2:neutral  2:neutral       0.054,*0.642,0.305 
   351  2:neutral  2:neutral       0.032,*0.661,0.306 
   352  2:neutral  2:neutral       0.05,*0.785,0.165 
