Zero Weights processed. Default weights will be used
..
Warning: using -h 0 may be faster
*
optimization finished, #iter = 2393
C = 1505.896317383385
obj = 761684.4336622002, rho = -16.92863515043201
nSV = 2273, nBSV = 671
Total nSV = 2273
..
Warning: using -h 0 may be faster
*
optimization finished, #iter = 2703
C = 1405.6727793353477
obj = 669885.033793741, rho = -22.614657871548662
nSV = 2256, nBSV = 678
Total nSV = 2256
..
Warning: using -h 0 may be faster
*
optimization finished, #iter = 2510
C = 1542.8841498782003
obj = 769196.2633651191, rho = -30.736003101728265
nSV = 2255, nBSV = 676
Total nSV = 2255
..
Warning: using -h 0 may be faster
*
optimization finished, #iter = 2609
C = 1522.9160939827311
obj = 763886.9354407003, rho = -43.333165514423754
nSV = 2269, nBSV = 659
Total nSV = 2269
..
Warning: using -h 0 may be faster
*
optimization finished, #iter = 2550
C = 1597.7984590144586
obj = 800269.9037258873, rho = -52.268891095804875
nSV = 2266, nBSV = 665
Total nSV = 2266
...
Warning: using -h 0 may be faster
*
optimization finished, #iter = 3071
C = 1598.8775292254431
obj = 966497.6216316962, rho = -33.535227791436036
nSV = 2732, nBSV = 899
....
Warning: using -h 0 may be faster
*
optimization finished, #iter = 4217
C = 4088.6602645733597
obj = 3837927.9987047613, rho = -192.06805269472216
nSV = 3863, nBSV = 948
Total nSV = 3863
....
Warning: using -h 0 may be faster
*
optimization finished, #iter = 4067
C = 3750.710082906723
obj = 3385447.083914217, rho = -20.619164566776206
nSV = 3791, nBSV = 953
Total nSV = 3791
....
Warning: using -h 0 may be faster
*
optimization finished, #iter = 4005
C = 3719.705893922271
obj = 3385770.5713184616, rho = -30.108626329081524
nSV = 3776, nBSV = 960
Total nSV = 3776
....
Warning: using -h 0 may be faster
*
optimization finished, #iter = 4002
C = 3818.16901957474
obj = 3579524.1259388775, rho = -1.2209584296580933
nSV = 3791, nBSV = 949
Total nSV = 3791
....
Warning: using -h 0 may be faster
*
optimization finished, #iter = 4196
C = 3743.7708548472583
obj = 3407072.7197176316, rho = -18.810427808874362
nSV = 3756, nBSV = 922
Total nSV = 3756
Line search fails in two-class probability estimates
.....
Warning: using -h 0 may be faster
*
optimization finished, #iter = 5370
C = 4300.725605565241
obj = 4755573.7978848545, rho = -13.362311644512753
nSV = 4585, nBSV = 1249
..
Warning: using -h 0 may be faster
*
optimization finished, #iter = 2837
C = 1644.2136561891598
obj = 950070.2667181576, rho = -79.5108242499573
nSV = 2650, nBSV = 783
Total nSV = 2650
..
Warning: using -h 0 may be faster
*
optimization finished, #iter = 2853
C = 1742.973820279003
obj = 1005135.491769266, rho = -67.36084821145079
nSV = 2631, nBSV = 789
Total nSV = 2631
..
Warning: using -h 0 may be faster
*
optimization finished, #iter = 2778
C = 1599.161310247588
obj = 904739.8242038283, rho = -70.31375999888012
nSV = 2595, nBSV = 794
Total nSV = 2595
..
Warning: using -h 0 may be faster
*
optimization finished, #iter = 2774
C = 1570.6888518130322
obj = 898398.5609235847, rho = -55.10755408365947
nSV = 2600, nBSV = 792
Total nSV = 2600
..
Warning: using -h 0 may be faster
*
optimization finished, #iter = 2736
C = 1722.46278901651
obj = 999945.1169273636, rho = -65.39078966719498
nSV = 2617, nBSV = 773
Total nSV = 2617
...
Warning: using -h 0 may be faster
*
optimization finished, #iter = 3366
C = 1764.5793458015914
obj = 1203225.6187094299, rho = -0.44181340570729316
nSV = 3168, nBSV = 1040
Total nSV = 7388
..
Warning: using -h 0 may be faster
*
optimization finished, #iter = 2042
C = 1344.6515637257585
obj = 555321.6766462578, rho = -1.2620120322432138
nSV = 1842, nBSV = 515
Total nSV = 1842
..
Warning: using -h 0 may be faster
*
optimization finished, #iter = 2104
C = 1426.95555807221
obj = 592755.4212594803, rho = -47.1516503644314
nSV = 1867, nBSV = 483
Total nSV = 1867
..
Warning: using -h 0 may be faster
*
optimization finished, #iter = 2104
C = 1471.3150741089867
obj = 615097.0843076879, rho = -38.54953538856748
nSV = 1877, nBSV = 510
Total nSV = 1877
..
Warning: using -h 0 may be faster
*
optimization finished, #iter = 2077
C = 1409.0730076930554
obj = 573860.8804621345, rho = -35.99635610645115
nSV = 1873, nBSV = 508
Total nSV = 1873
..
Warning: using -h 0 may be faster
*
optimization finished, #iter = 2034
C = 1454.335522437842
obj = 614643.7857443879, rho = -36.32685963049978
nSV = 1874, nBSV = 498
Total nSV = 1874
..
Warning: using -h 0 may be faster
*
optimization finished, #iter = 2585
C = 1505.3443791383086
obj = 743596.5732204069, rho = -15.230683966681553
nSV = 2264, nBSV = 658
...
Warning: using -h 0 may be faster
*
optimization finished, #iter = 3258
C = 3312.705917408789
obj = 2529027.179362407, rho = -128.70087409217487
nSV = 3104, nBSV = 699
Total nSV = 3104
...
Warning: using -h 0 may be faster
*
optimization finished, #iter = 3369
C = 3296.1515752278024
obj = 2398958.0920275687, rho = -20.069526037200017
nSV = 3144, nBSV = 675
Total nSV = 3144
...
Warning: using -h 0 may be faster
*
optimization finished, #iter = 3285
C = 3338.8938983322737
obj = 2494230.6286268085, rho = -16.351110287336947
nSV = 3147, nBSV = 713
Total nSV = 3147
...
Warning: using -h 0 may be faster
*
optimization finished, #iter = 3159
C = 3329.323771192937
obj = 2584326.7491267063, rho = -22.910734674496393
nSV = 3089, nBSV = 717
Total nSV = 3089
...
Warning: using -h 0 may be faster
*
optimization finished, #iter = 3274
C = 3369.431272694161
obj = 2561793.4735185443, rho = -27.68220823218609
nSV = 3156, nBSV = 713
Total nSV = 3156
....
Warning: using -h 0 may be faster
*
optimization finished, #iter = 4135
C = 3754.087850683463
obj = 3345779.14350048, rho = -7.718336536493199
nSV = 3796, nBSV = 977
..
Warning: using -h 0 may be faster
*
optimization finished, #iter = 2230
C = 1508.2983907205
obj = 740509.6357794193, rho = -66.7318047722519
nSV = 2128, nBSV = 581
Total nSV = 2128
..
Warning: using -h 0 may be faster
*
optimization finished, #iter = 2302
C = 1546.532789377019
obj = 743426.117895906, rho = -69.19081201899043
nSV = 2132, nBSV = 584
Total nSV = 2132
..
Warning: using -h 0 may be faster
*
optimization finished, #iter = 2260
C = 1417.461764012222
obj = 657892.5261523504, rho = -69.46777602598576
nSV = 2132, nBSV = 587
Total nSV = 2132
..
Warning: using -h 0 may be faster
*
optimization finished, #iter = 2325
C = 1555.7615176039494
obj = 756367.0505149297, rho = -52.26734055677151
nSV = 2176, nBSV = 597
Total nSV = 2176
..
Warning: using -h 0 may be faster
*
optimization finished, #iter = 2207
C = 1456.2449379375128
obj = 696323.730826207, rho = -55.166133874606
nSV = 2150, nBSV = 588
Total nSV = 2150
..
Warning: using -h 0 may be faster
*
optimization finished, #iter = 2927
C = 1568.0823463272475
obj = 877013.7261212855, rho = 5.210841007683429
nSV = 2623, nBSV = 787
Total nSV = 6043
..
Warning: using -h 0 may be faster
*
optimization finished, #iter = 2066
C = 1489.420677469197
obj = 625810.7784776505, rho = -15.437942921824856
nSV = 1874, nBSV = 521
Total nSV = 1874
..
Warning: using -h 0 may be faster
*
optimization finished, #iter = 2180
C = 1445.7624064875263
obj = 594967.5824942628, rho = -16.10164020601485
nSV = 1856, nBSV = 510
Total nSV = 1856
..
Warning: using -h 0 may be faster
*
optimization finished, #iter = 2128
C = 1402.2988896490217
obj = 578800.607017207, rho = -25.444170146509723
nSV = 1858, nBSV = 521
Total nSV = 1858
..
Warning: using -h 0 may be faster
*
optimization finished, #iter = 2193
C = 1500.1676349238078
obj = 629499.0993443044, rho = -2.8086430361475436
nSV = 1890, nBSV = 497
Total nSV = 1890
..
Warning: using -h 0 may be faster
*
optimization finished, #iter = 2189
C = 1534.6454598416574
obj = 646113.4273412337, rho = -0.6677802519544314
nSV = 1911, nBSV = 464
Total nSV = 1911
..
Warning: using -h 0 may be faster
*
optimization finished, #iter = 2397
C = 1534.5496852627418
obj = 769041.8609749783, rho = -13.460687083077413
nSV = 2251, nBSV = 683
...
Warning: using -h 0 may be faster
*
optimization finished, #iter = 3593
C = 3556.1858400076267
obj = 2576986.219580907, rho = -8.393017628241404
nSV = 3213, nBSV = 699
Total nSV = 3213
...
Warning: using -h 0 may be faster
*
optimization finished, #iter = 3358
C = 3409.505962367542
obj = 2551455.1230269647, rho = -23.459851349233055
nSV = 3160, nBSV = 700
Total nSV = 3160
...
Warning: using -h 0 may be faster
*
optimization finished, #iter = 3251
C = 3228.350561950303
obj = 2406338.0073149367, rho = -1.5064967097803628
nSV = 3083, nBSV = 682
Total nSV = 3083
...
Warning: using -h 0 may be faster
*
optimization finished, #iter = 3337
C = 3382.813478584393
obj = 2514365.6110876244, rho = -8.192185325151238
nSV = 3117, nBSV = 705
Total nSV = 3117
...
Warning: using -h 0 may be faster
*
optimization finished, #iter = 3239
C = 3425.789131382141
obj = 2615480.058018342, rho = -25.111584754977034
nSV = 3115, nBSV = 710
Total nSV = 3115
...
Warning: using -h 0 may be faster
*
optimization finished, #iter = 3894
C = 3906.1779023713293
obj = 3717326.6813436938, rho = -50.4600072405165
nSV = 3773, nBSV = 956
..
Warning: using -h 0 may be faster
*
optimization finished, #iter = 2599
C = 1569.7803921313748
obj = 736821.471027907, rho = -64.69049388351583
nSV = 2197, nBSV = 577
Total nSV = 2197
..
Warning: using -h 0 may be faster
*
optimization finished, #iter = 2187
C = 1471.8701620598506
obj = 692640.1613351454, rho = -66.63223274408749
nSV = 2138, nBSV = 584
Total nSV = 2138
..
Warning: using -h 0 may be faster
*
optimization finished, #iter = 2283
C = 1484.4862239576903
obj = 701015.6133071859, rho = -62.89428521599799
nSV = 2162, nBSV = 578
Total nSV = 2162
..
Warning: using -h 0 may be faster
*
optimization finished, #iter = 2393
C = 1604.4219531820358
obj = 771291.257235349, rho = -51.678703520318585
nSV = 2176, nBSV = 560
Total nSV = 2176
..
Warning: using -h 0 may be faster
*
optimization finished, #iter = 2289
C = 1478.1310984168526
obj = 705026.5637921146, rho = -65.23505994295789
nSV = 2167, nBSV = 590
Total nSV = 2167
..
Warning: using -h 0 may be faster
*
optimization finished, #iter = 2742
C = 1586.3311654931392
obj = 877517.5390133924, rho = 1.8475407229936898
nSV = 2604, nBSV = 784
Total nSV = 6015
...
Warning: using -h 0 may be faster
*
optimization finished, #iter = 3250
C = 3534.6475951474386
obj = 2772879.744958924, rho = -184.51324587047108
nSV = 3114, nBSV = 685
Total nSV = 3114
...
Warning: using -h 0 may be faster
*
optimization finished, #iter = 3414
C = 3579.392811056988
obj = 2726797.9144163034, rho = -14.319539833788134
nSV = 3165, nBSV = 699
Total nSV = 3165
...
Warning: using -h 0 may be faster
*
optimization finished, #iter = 3574
C = 3420.293555134328
obj = 2578674.7574371686, rho = -3.786632586439814
nSV = 3205, nBSV = 669
Total nSV = 3205
...
Warning: using -h 0 may be faster
*
optimization finished, #iter = 3244
C = 3299.104136171902
obj = 2534460.2937693996, rho = -0.05145025978456883
nSV = 3115, nBSV = 688
Total nSV = 3115
...
Warning: using -h 0 may be faster
*
optimization finished, #iter = 3686
C = 3527.4009666362454
obj = 2632051.221745093, rho = -13.312085326504063
nSV = 3186, nBSV = 646
Total nSV = 3186
....
Warning: using -h 0 may be faster
*
optimization finished, #iter = 4041
C = 3803.0309961504963
obj = 3514796.2975694165, rho = -198.88272181598427
nSV = 3822, nBSV = 940
..
Warning: using -h 0 may be faster
*
optimization finished, #iter = 2133
C = 1577.674779009752
obj = 757415.7445273291, rho = -65.44123364268219
nSV = 2152, nBSV = 598
Total nSV = 2152
..
Warning: using -h 0 may be faster
*
optimization finished, #iter = 2380
C = 1508.5705578603736
obj = 698557.5345500221, rho = 11.16328506917255
nSV = 2209, nBSV = 589
Total nSV = 2209
..
Warning: using -h 0 may be faster
*
optimization finished, #iter = 2348
C = 1494.0702702317028
obj = 702721.6470750346, rho = 20.620486690918053
nSV = 2168, nBSV = 580
Total nSV = 2168
..
Warning: using -h 0 may be faster
*
optimization finished, #iter = 2385
C = 1647.2088191969203
obj = 798800.6614587235, rho = 4.104872231576198
nSV = 2167, nBSV = 585
Total nSV = 2167
..
Warning: using -h 0 may be faster
*
optimization finished, #iter = 2384
C = 1690.1337557016716
obj = 811791.3078817518, rho = -2.7608413252097193
nSV = 2183, nBSV = 574
Total nSV = 2183
..
Warning: using -h 0 may be faster
*
optimization finished, #iter = 2768
C = 1704.4733138601568
obj = 985072.4564129426, rho = -77.53780545925811
nSV = 2592, nBSV = 781
..
Warning: using -h 0 may be faster
*
optimization finished, #iter = 2178
C = 1391.7140642642482
obj = 565814.1792353494, rho = -25.846271000932447
nSV = 1880, nBSV = 500
Total nSV = 1880
..
Warning: using -h 0 may be faster
*
optimization finished, #iter = 2181
C = 1395.3346039012265
obj = 575628.2167692446, rho = -19.703069221338165
nSV = 1891, nBSV = 484
Total nSV = 1891
..
Warning: using -h 0 may be faster
*
optimization finished, #iter = 2203
C = 1415.1454241671952
obj = 573847.318244017, rho = -18.27941728468076
nSV = 1901, nBSV = 505
Total nSV = 1901
..
Warning: using -h 0 may be faster
*
optimization finished, #iter = 2208
C = 1460.7047973178446
obj = 612055.239792974, rho = -26.26388881489797
nSV = 1913, nBSV = 502
Total nSV = 1913
..
Warning: using -h 0 may be faster
*
optimization finished, #iter = 2090
C = 1388.5411615928208
obj = 563952.6315391844, rho = -23.325925395831554
nSV = 1859, nBSV = 502
Total nSV = 1859
..
Warning: using -h 0 may be faster
*
optimization finished, #iter = 2727
C = 1499.8027161656
obj = 745927.485091892, rho = -34.043275074817586
nSV = 2300, nBSV = 648
Total nSV = 6077
..
Warning: using -h 0 may be faster
*
optimization finished, #iter = 2130
C = 1374.81655450101
obj = 582135.0292368706, rho = -22.889812661284232
nSV = 1858, nBSV = 508
Total nSV = 1858
..
Warning: using -h 0 may be faster
*
optimization finished, #iter = 2038
C = 1566.1830527630214
obj = 679756.3707771015, rho = -17.081585626789646
nSV = 1888, nBSV = 482
Total nSV = 1888
..
Warning: using -h 0 may be faster
*
optimization finished, #iter = 2000
C = 1497.781320695013
obj = 624860.9108212935, rho = -12.274485969533396
nSV = 1870, nBSV = 499
Total nSV = 1870
..
Warning: using -h 0 may be faster
*
optimization finished, #iter = 2053
C = 1511.2440918367872
obj = 641727.6416838787, rho = -15.018811818800017
nSV = 1918, nBSV = 498
Total nSV = 1918
..
Warning: using -h 0 may be faster
*
optimization finished, #iter = 2019
C = 1482.05048168936
obj = 635948.2509761686, rho = -19.921799250034635
nSV = 1908, nBSV = 501
Total nSV = 1908
..
Warning: using -h 0 may be faster
*
optimization finished, #iter = 2613
C = 1578.9809504156397
obj = 817403.7458000573, rho = -44.671833520854115
nSV = 2262, nBSV = 646
..
Warning: using -h 0 may be faster
*
optimization finished, #iter = 2297
C = 1543.3421520596623
obj = 751028.3730722385, rho = -46.778684623555364
nSV = 2158, nBSV = 579
Total nSV = 2158
..
Warning: using -h 0 may be faster
*
optimization finished, #iter = 2658
C = 1493.427003262683
obj = 680959.0280940345, rho = -54.52922598400031
nSV = 2196, nBSV = 575
Total nSV = 2196
..
Warning: using -h 0 may be faster
*
optimization finished, #iter = 2659
C = 1566.257839731009
obj = 729930.6908967809, rho = -54.09708314228091
nSV = 2202, nBSV = 561
Total nSV = 2202
..
Warning: using -h 0 may be faster
*
optimization finished, #iter = 2445
C = 1506.6294334494933
obj = 709975.5731006359, rho = -51.66642060263208
nSV = 2189, nBSV = 576
Total nSV = 2189
..
Warning: using -h 0 may be faster
*
optimization finished, #iter = 2678
C = 1600.168293805029
obj = 768437.3322268513, rho = -62.3200276535604
nSV = 2217, nBSV = 557
Total nSV = 2217
..
Warning: using -h 0 may be faster
*
optimization finished, #iter = 2784
C = 1604.1684228909799
obj = 898464.3961891558, rho = -8.015290174033362
nSV = 2582, nBSV = 796
...
Warning: using -h 0 may be faster
*
optimization finished, #iter = 3475
C = 3382.529323818437
obj = 2498711.8943796093, rho = -8.038107764519825
nSV = 3151, nBSV = 675
Total nSV = 3151
...
Warning: using -h 0 may be faster
*
optimization finished, #iter = 3374
C = 3428.5846127251707
obj = 2587352.6074058446, rho = -158.42308718864712
nSV = 3132, nBSV = 712
Total nSV = 3132
...
Warning: using -h 0 may be faster
*
optimization finished, #iter = 3229
C = 3444.9229448702995
obj = 2641585.975021099, rho = -171.486638617843
nSV = 3139, nBSV = 728
Total nSV = 3139
...
Warning: using -h 0 may be faster
*
optimization finished, #iter = 3256
C = 3431.2459440469624
obj = 2632112.9896248, rho = -133.30612634355765
nSV = 3118, nBSV = 702
Total nSV = 3118
...
Warning: using -h 0 may be faster
*
optimization finished, #iter = 3174
C = 3263.134808539622
obj = 2512546.220742037, rho = -174.91271197968166
nSV = 3116, nBSV = 744
Total nSV = 3116
...
Warning: using -h 0 may be faster
*
optimization finished, #iter = 3996
C = 3730.372496011566
obj = 3498963.8197303093, rho = -12.098680036707705
nSV = 3782, nBSV = 964
Total nSV = 6010
..
Warning: using -h 0 may be faster
*
optimization finished, #iter = 2291
C = 1505.9576383285203
obj = 701998.9920640737, rho = -36.921033597061026
nSV = 2150, nBSV = 595
Total nSV = 2150
..
Warning: using -h 0 may be faster
*
optimization finished, #iter = 2194
C = 1472.79196912089
obj = 673143.5904587911, rho = -8.458347366108631
nSV = 2129, nBSV = 599
Total nSV = 2129
..
Warning: using -h 0 may be faster
*
optimization finished, #iter = 2185
C = 1474.6457829192127
obj = 692274.7393306233, rho = -24.186896330298488
nSV = 2114, nBSV = 615
Total nSV = 2114
..
Warning: using -h 0 may be faster
*
optimization finished, #iter = 2170
C = 1456.6505556550335
obj = 671403.1172587387, rho = -4.593548018420317
nSV = 2133, nBSV = 615
Total nSV = 2133
..
Warning: using -h 0 may be faster
*
optimization finished, #iter = 2154
C = 1454.141646813004
obj = 666682.6895637918, rho = -16.247031551300154
nSV = 2110, nBSV = 607
Total nSV = 2110
..
Warning: using -h 0 may be faster
*
optimization finished, #iter = 2737
C = 1549.4133067474597
obj = 852565.1786265675, rho = -9.750225576425533
nSV = 2591, nBSV = 811
..
Warning: using -h 0 may be faster
*
optimization finished, #iter = 2019
C = 1487.1487098980228
obj = 626404.0653152257, rho = -41.7723028009344
nSV = 1876, nBSV = 478
Total nSV = 1876
..
Warning: using -h 0 may be faster
*
optimization finished, #iter = 2034
C = 1400.5627753474773
obj = 567320.215182092, rho = -20.27066149952325
nSV = 1862, nBSV = 496
Total nSV = 1862
..
Warning: using -h 0 may be faster
*
optimization finished, #iter = 2173
C = 1397.7965291381458
obj = 577891.8218309127, rho = -37.34509925128446
nSV = 1877, nBSV = 498
Total nSV = 1877
..
Warning: using -h 0 may be faster
*
optimization finished, #iter = 2062
C = 1441.5605992438932
obj = 595961.9088125072, rho = -23.057419507935055
nSV = 1856, nBSV = 507
Total nSV = 1856
..
Warning: using -h 0 may be faster
*
optimization finished, #iter = 2070
C = 1470.8849135279934
obj = 609755.5618749601, rho = -40.139145302788926
nSV = 1839, nBSV = 512
Total nSV = 1839
..
Warning: using -h 0 may be faster
*
optimization finished, #iter = 2693
C = 1504.1156920997357
obj = 728422.1157458654, rho = -27.964013694762688
nSV = 2275, nBSV = 662
...
Warning: using -h 0 may be faster
*
optimization finished, #iter = 3188
C = 3689.828429217499
obj = 2924613.7281664307, rho = -140.71385368078296
nSV = 3082, nBSV = 723
Total nSV = 3082
...
Warning: using -h 0 may be faster
*
optimization finished, #iter = 3572
C = 3493.219111536793
obj = 2623586.2949793087, rho = -36.058474815521876
nSV = 3187, nBSV = 689
Total nSV = 3187
...
Warning: using -h 0 may be faster
*
optimization finished, #iter = 3484
C = 3539.46856018609
obj = 2679989.3088066564, rho = -51.40493403725222
nSV = 3160, nBSV = 689
Total nSV = 3160
...
Warning: using -h 0 may be faster
*
optimization finished, #iter = 3428
C = 3520.2600600220094
obj = 2637415.6664503473, rho = -4.689745812790244
nSV = 3128, nBSV = 703
Total nSV = 3128
...
Warning: using -h 0 may be faster
*
optimization finished, #iter = 3324
C = 3321.1076893229706
obj = 2444848.9009360643, rho = -15.806625578273746
nSV = 3125, nBSV = 711
Total nSV = 3125
...
Warning: using -h 0 may be faster
*
optimization finished, #iter = 3919
C = 3764.543335099634
obj = 3473703.618617904, rho = -145.74074822052359
nSV = 3791, nBSV = 971
Total nSV = 6029


=== Predictions under cross-validation ===

 inst#     actual  predicted error distribution
     1  2:neutral  2:neutral       0.228,*0.569,0.203 
     2  2:neutral  2:neutral       0.026,*0.853,0.122 
     3  2:neutral 3:positive   +   0.356,0.234,*0.409 
     4  2:neutral  2:neutral       0.125,*0.618,0.256 
     5  2:neutral  2:neutral       0.049,*0.598,0.353 
     6  2:neutral 1:negative   +   *0.668,0.25,0.081 
     7  2:neutral 3:positive   +   0.034,0.47,*0.496 
     8  2:neutral  2:neutral       0.055,*0.825,0.12 
     9  2:neutral  2:neutral       0.12,*0.471,0.409 
    10  2:neutral 1:negative   +   *0.597,0.222,0.181 
    11  2:neutral 3:positive   +   0.023,0.364,*0.613 
    12  2:neutral  2:neutral       0.087,*0.678,0.234 
    13  2:neutral  2:neutral       0.059,*0.623,0.318 
    14  2:neutral  2:neutral       0.038,*0.718,0.244 
    15  2:neutral  2:neutral       0.159,*0.631,0.21 
    16  2:neutral  2:neutral       0.045,*0.601,0.354 
    17  2:neutral  2:neutral       0.308,*0.37,0.322 
    18  2:neutral  2:neutral       0.281,*0.394,0.325 
    19  2:neutral  2:neutral       0.133,*0.642,0.225 
    20  2:neutral  2:neutral       0.023,*0.875,0.102 
    21  2:neutral  2:neutral       0.288,*0.36,0.352 
    22  2:neutral 3:positive   +   0.082,0.333,*0.585 
    23  2:neutral  2:neutral       0.101,*0.587,0.312 
    24  2:neutral  2:neutral       0.055,*0.582,0.363 
    25  2:neutral  2:neutral       0.1,*0.593,0.307 
    26  2:neutral  2:neutral       0.358,*0.396,0.247 
    27  2:neutral  2:neutral       0.049,*0.644,0.307 
    28  2:neutral  2:neutral       0.274,*0.441,0.285 
    29  2:neutral  2:neutral       0.051,*0.595,0.355 
    30  2:neutral 3:positive   +   0.038,0.448,*0.515 
    31  2:neutral  2:neutral       0.353,*0.432,0.215 
    32  2:neutral 1:negative   +   *0.957,0.018,0.024 
    33  2:neutral  2:neutral       0.022,*0.79,0.188 
    34  2:neutral  2:neutral       0.082,*0.706,0.213 
    35  2:neutral  2:neutral       0.098,*0.764,0.139 
    36  2:neutral  2:neutral       0.007,*0.912,0.081 
    37  2:neutral  2:neutral       0.214,*0.622,0.164 
    38  2:neutral  2:neutral       0.176,*0.64,0.184 
    39  2:neutral  2:neutral       0.071,*0.659,0.27 
    40  2:neutral  2:neutral       0.052,*0.588,0.36 
    41  2:neutral  2:neutral       0.08,*0.649,0.271 
    42  2:neutral  2:neutral       0.015,*0.746,0.239 
    43  2:neutral 1:negative   +   *0.583,0.107,0.309 
    44  2:neutral  2:neutral       0.122,*0.479,0.399 
    45  2:neutral  2:neutral       0.086,*0.823,0.092 
    46  2:neutral  2:neutral       0.014,*0.635,0.35 
    47  2:neutral  2:neutral       0.05,*0.588,0.362 
    48  2:neutral 3:positive   +   0.062,0.253,*0.685 
    49  2:neutral  2:neutral       0.051,*0.812,0.137 
    50  2:neutral  2:neutral       0.127,*0.628,0.245 
    51  2:neutral  2:neutral       0.169,*0.746,0.085 
    52  2:neutral  2:neutral       0.224,*0.591,0.185 
    53  2:neutral  2:neutral       0.109,*0.574,0.317 
    54  2:neutral  2:neutral       0.077,*0.58,0.343 
    55  2:neutral 3:positive   +   0.082,0.407,*0.511 
    56  2:neutral  2:neutral       0.11,*0.791,0.098 
    57  2:neutral  2:neutral       0.102,*0.635,0.263 
    58  2:neutral 3:positive   +   0.086,0.442,*0.473 
    59  2:neutral 3:positive   +   0.123,0.436,*0.441 
    60  2:neutral  2:neutral       0.038,*0.57,0.392 
    61  2:neutral  2:neutral       0.421,*0.44,0.139 
    62  2:neutral  2:neutral       0.179,*0.489,0.332 
    63  2:neutral  2:neutral       0.057,*0.655,0.288 
    64  2:neutral  2:neutral       0.074,*0.709,0.218 
    65  2:neutral  2:neutral       0.378,*0.483,0.139 
    66  2:neutral 3:positive   +   0.303,0.129,*0.568 
    67  2:neutral  2:neutral       0.092,*0.671,0.237 
    68  2:neutral  2:neutral       0.297,*0.435,0.268 
    69  2:neutral 3:positive   +   0.073,0.379,*0.548 
    70  2:neutral  2:neutral       0.167,*0.536,0.296 
    71  2:neutral  2:neutral       0.132,*0.722,0.146 
    72  2:neutral 3:positive   +   0.049,0.154,*0.797 
    73  2:neutral 3:positive   +   0.133,0.251,*0.616 
    74  2:neutral 3:positive   +   0.095,0.426,*0.479 
    75  2:neutral  2:neutral       0.07,*0.728,0.201 
    76  2:neutral  2:neutral       0.176,*0.58,0.244 
    77  2:neutral  2:neutral       0.068,*0.561,0.371 
    78  2:neutral  2:neutral       0.063,*0.61,0.327 
    79  2:neutral 1:negative   +   *0.471,0.376,0.153 
    80  2:neutral  2:neutral       0.095,*0.824,0.081 
    81  2:neutral 1:negative   +   *0.411,0.246,0.343 
    82  2:neutral  2:neutral       0.049,*0.917,0.035 
    83  2:neutral 3:positive   +   0.336,0.174,*0.489 
    84  2:neutral 3:positive   +   0.039,0.215,*0.746 
    85  2:neutral 1:negative   +   *0.59,0.3,0.11 
    86  2:neutral  2:neutral       0.062,*0.734,0.203 
    87  2:neutral  2:neutral       0.025,*0.601,0.373 
    88  2:neutral  2:neutral       0.047,*0.597,0.356 
    89  2:neutral 3:positive   +   0.28,0.144,*0.576 
    90  2:neutral  2:neutral       0.027,*0.689,0.284 
    91  2:neutral  2:neutral       0.056,*0.603,0.342 
    92  2:neutral  2:neutral       0.138,*0.665,0.197 
    93  2:neutral  2:neutral       0.111,*0.516,0.374 
    94  2:neutral 3:positive   +   0.017,0.459,*0.523 
    95  2:neutral 3:positive   +   0.099,0.333,*0.568 
    96  2:neutral  2:neutral       0.076,*0.811,0.113 
    97  2:neutral  2:neutral       0.049,*0.719,0.232 
    98  2:neutral 3:positive   +   0.054,0.391,*0.554 
    99  2:neutral  2:neutral       0.087,*0.735,0.179 
   100  2:neutral  2:neutral       0.095,*0.726,0.179 
   101  2:neutral  2:neutral       0.093,*0.753,0.155 
   102  2:neutral 3:positive   +   0.146,0.354,*0.5 
   103  2:neutral  2:neutral       0.069,*0.717,0.213 
   104  2:neutral  2:neutral       0.126,*0.489,0.385 
   105  2:neutral  2:neutral       0.09,*0.556,0.354 
   106  2:neutral 3:positive   +   0.119,0.361,*0.52 
   107  2:neutral  2:neutral       0.109,*0.559,0.332 
   108  2:neutral  2:neutral       0.162,*0.736,0.102 
   109  2:neutral  2:neutral       0.028,*0.71,0.262 
   110  2:neutral  2:neutral       0.081,*0.679,0.24 
   111  2:neutral  2:neutral       0.079,*0.512,0.408 
   112  2:neutral  2:neutral       0.025,*0.702,0.272 
   113  2:neutral  2:neutral       0.035,*0.516,0.449 
   114  2:neutral 3:positive   +   0.137,0.273,*0.59 
   115  2:neutral 3:positive   +   0.043,0.443,*0.514 
   116  2:neutral  2:neutral       0.119,*0.605,0.276 
   117  2:neutral  2:neutral       0.054,*0.846,0.1 
   118  2:neutral  2:neutral       0.083,*0.541,0.376 
   119  2:neutral  2:neutral       0.076,*0.67,0.254 
   120  2:neutral 3:positive   +   0.041,0.273,*0.686 
   121  2:neutral  2:neutral       0.128,*0.59,0.283 
   122  2:neutral 3:positive   +   0.086,0.332,*0.582 
   123  2:neutral  2:neutral       0.057,*0.804,0.138 
   124  2:neutral  2:neutral       0.166,*0.711,0.123 
   125  2:neutral  2:neutral       0.29,*0.574,0.136 
   126  2:neutral 3:positive   +   0.068,0.442,*0.49 
   127  2:neutral  2:neutral       0.023,*0.872,0.105 
   128  2:neutral 3:positive   +   0.023,0.41,*0.567 
   129  2:neutral  2:neutral       0.162,*0.609,0.23 
   130  2:neutral  2:neutral       0.089,*0.55,0.361 
   131  2:neutral  2:neutral       0.243,*0.467,0.289 
   132  2:neutral  2:neutral       0.092,*0.601,0.307 
   133  2:neutral  2:neutral       0.057,*0.843,0.099 
   134  2:neutral  2:neutral       0.057,*0.511,0.432 
   135  2:neutral  2:neutral       0.047,*0.591,0.363 
   136  2:neutral  2:neutral       0.01,*0.786,0.204 
   137  2:neutral  2:neutral       0.167,*0.507,0.326 
   138  2:neutral 3:positive   +   0.044,0.294,*0.662 
   139  2:neutral  2:neutral       0.182,*0.657,0.161 
   140  2:neutral 3:positive   +   0.241,0.37,*0.389 
   141  2:neutral  2:neutral       0.026,*0.777,0.198 
   142  2:neutral  2:neutral       0.295,*0.516,0.189 
   143  2:neutral  2:neutral       0.267,*0.517,0.216 
   144  2:neutral  2:neutral       0.17,*0.555,0.275 
   145  2:neutral 3:positive   +   0.304,0.294,*0.402 
   146  2:neutral  2:neutral       0.283,*0.609,0.108 
   147  2:neutral  2:neutral       0.047,*0.76,0.193 
   148  2:neutral  2:neutral       0.216,*0.524,0.26 
   149  2:neutral 3:positive   +   0.056,0.311,*0.633 
   150  2:neutral  2:neutral       0.08,*0.734,0.186 
   151  2:neutral  2:neutral       0.075,*0.772,0.153 
   152  2:neutral  2:neutral       0.017,*0.929,0.054 
   153  2:neutral  2:neutral       0.035,*0.765,0.201 
   154  2:neutral  2:neutral       0.083,*0.755,0.162 
   155  2:neutral 3:positive   +   0.143,0.385,*0.472 
   156  2:neutral 3:positive   +   0.147,0.271,*0.582 
   157  2:neutral  2:neutral       0.035,*0.772,0.193 
   158  2:neutral  2:neutral       0.043,*0.687,0.27 
   159  2:neutral  2:neutral       0.075,*0.86,0.064 
   160  2:neutral  2:neutral       0.037,*0.607,0.356 
   161  2:neutral  2:neutral       0.14,*0.592,0.268 
   162  2:neutral  2:neutral       0.02,*0.891,0.089 
   163  2:neutral  2:neutral       0.017,*0.738,0.245 
   164  2:neutral  2:neutral       0.136,*0.482,0.382 
   165  2:neutral  2:neutral       0.093,*0.763,0.144 
   166  2:neutral  2:neutral       0.124,*0.707,0.169 
   167  2:neutral 3:positive   +   0.075,0.451,*0.474 
   168  2:neutral  2:neutral       0.057,*0.555,0.388 
   169  2:neutral  2:neutral       0.148,*0.518,0.334 
   170  2:neutral  2:neutral       0.102,*0.777,0.122 
   171  2:neutral 3:positive   +   0.099,0.334,*0.567 
   172  2:neutral 3:positive   +   0.156,0.348,*0.496 
   173  2:neutral 1:negative   +   *0.642,0.31,0.048 
   174  2:neutral  2:neutral       0.101,*0.626,0.274 
   175  2:neutral  2:neutral       0.064,*0.714,0.222 
   176  2:neutral  2:neutral       0.199,*0.514,0.287 
   177  2:neutral  2:neutral       0.059,*0.652,0.289 
   178  2:neutral  2:neutral       0.21,*0.629,0.16 
   179  2:neutral  2:neutral       0.117,*0.642,0.24 
   180  2:neutral  2:neutral       0.051,*0.715,0.234 
   181  2:neutral  2:neutral       0.129,*0.64,0.231 
   182  2:neutral  2:neutral       0.33,*0.459,0.211 
   183  2:neutral  2:neutral       0.057,*0.789,0.154 
   184  2:neutral  2:neutral       0.098,*0.499,0.403 
   185  2:neutral  2:neutral       0.079,*0.585,0.336 
   186  2:neutral  2:neutral       0.027,*0.849,0.125 
   187  2:neutral  2:neutral       0.089,*0.564,0.347 
   188  2:neutral  2:neutral       0.091,*0.523,0.387 
   189  2:neutral 1:negative   +   *0.626,0.289,0.085 
   190  2:neutral  2:neutral       0.182,*0.655,0.163 
   191  2:neutral  2:neutral       0.193,*0.595,0.212 
   192  2:neutral  2:neutral       0.063,*0.807,0.13 
   193  2:neutral  2:neutral       0.015,*0.611,0.374 
   194  2:neutral  2:neutral       0.138,*0.603,0.258 
   195  2:neutral 3:positive   +   0.096,0.357,*0.547 
   196  2:neutral  2:neutral       0.135,*0.555,0.311 
   197  2:neutral  2:neutral       0.071,*0.643,0.286 
   198  2:neutral  2:neutral       0.23,*0.541,0.229 
   199  2:neutral 3:positive   +   0.064,0.277,*0.659 
   200  2:neutral  2:neutral       0.051,*0.576,0.373 
   201  2:neutral  2:neutral       0.074,*0.774,0.152 
   202  2:neutral  2:neutral       0.179,*0.485,0.336 
   203  2:neutral  2:neutral       0.043,*0.502,0.455 
   204  2:neutral  2:neutral       0.024,*0.928,0.048 
   205  2:neutral  2:neutral       0.015,*0.618,0.367 
   206  2:neutral  2:neutral       0.322,*0.418,0.26 
   207  2:neutral 3:positive   +   0.085,0.325,*0.589 
   208  2:neutral  2:neutral       0.017,*0.811,0.172 
   209  2:neutral  2:neutral       0.04,*0.803,0.157 
   210  2:neutral 3:positive   +   0.264,0.303,*0.433 
   211  2:neutral  2:neutral       0.023,*0.909,0.068 
   212  2:neutral  2:neutral       0.056,*0.82,0.124 
   213  2:neutral 3:positive   +   0.11,0.407,*0.483 
   214  2:neutral  2:neutral       0.048,*0.622,0.33 
   215  2:neutral  2:neutral       0.189,*0.648,0.163 
   216  2:neutral  2:neutral       0.087,*0.568,0.345 
   217  2:neutral  2:neutral       0.037,*0.842,0.122 
   218  2:neutral  2:neutral       0.104,*0.553,0.343 
   219  2:neutral 3:positive   +   0.08,0.457,*0.463 
   220  2:neutral 3:positive   +   0.093,0.397,*0.51 
   221  2:neutral 1:negative   +   *0.47,0.333,0.197 
   222  2:neutral  2:neutral       0.144,*0.554,0.302 
   223  2:neutral  2:neutral       0.043,*0.549,0.408 
   224  2:neutral  2:neutral       0.148,*0.714,0.138 
   225  2:neutral  2:neutral       0.054,*0.893,0.053 
   226  2:neutral  2:neutral       0.046,*0.767,0.187 
   227  2:neutral  2:neutral       0.066,*0.746,0.188 
   228  2:neutral 3:positive   +   0.034,0.318,*0.648 
   229  2:neutral 3:positive   +   0.04,0.318,*0.642 
   230  2:neutral 3:positive   +   0.335,0.314,*0.352 
   231  2:neutral  2:neutral       0.045,*0.843,0.112 
   232  2:neutral  2:neutral       0.362,*0.457,0.18 
   233  2:neutral 3:positive   +   0.242,0.36,*0.398 
   234  2:neutral  2:neutral       0.067,*0.6,0.333 
   235  2:neutral  2:neutral       0.206,*0.65,0.144 
   236  2:neutral  2:neutral       0.074,*0.538,0.388 
   237  2:neutral 3:positive   +   0.051,0.221,*0.727 
   238  2:neutral  2:neutral       0.168,*0.698,0.134 
   239  2:neutral  2:neutral       0.135,*0.466,0.399 
   240  2:neutral  2:neutral       0.118,*0.678,0.205 
   241  2:neutral 3:positive   +   0.304,0.266,*0.43 
   242  2:neutral  2:neutral       0.051,*0.511,0.438 
   243  2:neutral 3:positive   +   0.051,0.228,*0.721 
   244  2:neutral  2:neutral       0.031,*0.773,0.196 
   245  2:neutral  2:neutral       0.249,*0.571,0.18 
   246  2:neutral  2:neutral       0.012,*0.522,0.466 
   247  2:neutral  2:neutral       0.008,*0.949,0.043 
   248  2:neutral  2:neutral       0.088,*0.554,0.357 
   249  2:neutral 3:positive   +   0.266,0.228,*0.506 
   250  2:neutral  2:neutral       0.048,*0.686,0.266 
   251  2:neutral  2:neutral       0.103,*0.449,0.448 
   252  2:neutral 3:positive   +   0.066,0.333,*0.601 
   253  2:neutral  2:neutral       0.175,*0.537,0.288 
   254  2:neutral  2:neutral       0.097,*0.673,0.23 
   255  2:neutral  2:neutral       0.059,*0.662,0.279 
   256  2:neutral  2:neutral       0.081,*0.688,0.231 
   257  2:neutral  2:neutral       0.109,*0.559,0.332 
   258  2:neutral  2:neutral       0.109,*0.811,0.08 
   259  2:neutral  2:neutral       0.099,*0.647,0.254 
   260  2:neutral  2:neutral       0.156,*0.715,0.129 
   261  2:neutral 3:positive   +   0.03,0.317,*0.653 
   262  2:neutral  2:neutral       0.109,*0.62,0.271 
   263  2:neutral 3:positive   +   0.101,0.441,*0.458 
   264  2:neutral  2:neutral       0.074,*0.833,0.092 
   265  2:neutral  2:neutral       0.081,*0.667,0.252 
   266  2:neutral  2:neutral       0.032,*0.709,0.258 
   267  2:neutral 3:positive   +   0.151,0.337,*0.513 
   268  2:neutral  2:neutral       0.141,*0.775,0.083 
   269  2:neutral  2:neutral       0.254,*0.413,0.333 
   270  2:neutral  2:neutral       0.062,*0.499,0.438 
   271  2:neutral  2:neutral       0.23,*0.45,0.32 
   272  2:neutral  2:neutral       0.103,*0.562,0.336 
   273  2:neutral  2:neutral       0.187,*0.574,0.239 
   274  2:neutral  2:neutral       0.095,*0.698,0.207 
   275  2:neutral 3:positive   +   0.293,0.105,*0.602 
   276  2:neutral  2:neutral       0.037,*0.744,0.219 
   277  2:neutral 3:positive   +   0.018,0.454,*0.527 
   278  2:neutral  2:neutral       0.026,*0.532,0.443 
   279  2:neutral 1:negative   +   *0.531,0.113,0.356 
   280  2:neutral  2:neutral       0.028,*0.566,0.406 
   281  2:neutral  2:neutral       0.027,*0.529,0.444 
   282  2:neutral  2:neutral       0.038,*0.887,0.075 
   283  2:neutral  2:neutral       0.184,*0.489,0.328 
   284  2:neutral 3:positive   +   0.086,0.319,*0.595 
   285  2:neutral  2:neutral       0.016,*0.811,0.173 
   286  2:neutral  2:neutral       0.066,*0.655,0.278 
   287  2:neutral  2:neutral       0.074,*0.804,0.122 
   288  2:neutral  2:neutral       0.1,*0.748,0.152 
   289  2:neutral  2:neutral       0.089,*0.561,0.35 
   290  2:neutral  2:neutral       0.007,*0.657,0.336 
   291  2:neutral  2:neutral       0.099,*0.746,0.155 
   292  2:neutral 1:negative   +   *0.686,0.18,0.135 
   293  2:neutral  2:neutral       0.055,*0.778,0.167 
   294  2:neutral 3:positive   +   0.094,0.371,*0.535 
   295  2:neutral  2:neutral       0.129,*0.837,0.034 
   296  2:neutral  2:neutral       0.092,*0.601,0.307 
   297  2:neutral 3:positive   +   0.145,0.324,*0.531 
   298  2:neutral  2:neutral       0.077,*0.614,0.309 
   299  2:neutral  2:neutral       0.233,*0.518,0.249 
   300  2:neutral  2:neutral       0.11,*0.792,0.098 
   301  2:neutral  2:neutral       0.076,*0.642,0.283 
   302  2:neutral  2:neutral       0.109,*0.678,0.213 
   303  2:neutral 3:positive   +   0.083,0.244,*0.673 
   304  2:neutral  2:neutral       0.072,*0.646,0.282 
   305  2:neutral  2:neutral       0.021,*0.891,0.087 
   306  2:neutral  2:neutral       0.057,*0.58,0.363 
   307  2:neutral  2:neutral       0.048,*0.824,0.128 
   308  2:neutral  2:neutral       0.072,*0.887,0.041 
   309  2:neutral 3:positive   +   0.019,0.11,*0.871 
   310  2:neutral  2:neutral       0.04,*0.948,0.012 
   311  2:neutral  2:neutral       0.166,*0.472,0.361 
   312  2:neutral  2:neutral       0.092,*0.633,0.275 
   313  2:neutral  2:neutral       0.083,*0.615,0.302 
   314  2:neutral  2:neutral       0.065,*0.828,0.106 
   315  2:neutral 3:positive   +   0.081,0.375,*0.543 
   316  2:neutral 3:positive   +   0.028,0.114,*0.858 
   317  2:neutral  2:neutral       0.065,*0.751,0.184 
   318  2:neutral  2:neutral       0.126,*0.645,0.229 
   319  2:neutral 3:positive   +   0.109,0.436,*0.455 
   320  2:neutral  2:neutral       0.175,*0.514,0.311 
   321  2:neutral  2:neutral       0.104,*0.815,0.081 
   322  2:neutral  2:neutral       0.088,*0.696,0.216 
   323  2:neutral  2:neutral       0.235,*0.421,0.344 
   324  2:neutral  2:neutral       0.075,*0.733,0.192 
   325  2:neutral  2:neutral       0.074,*0.712,0.215 
   326  2:neutral  2:neutral       0.109,*0.725,0.166 
   327  2:neutral 1:negative   +   *0.904,0.044,0.053 
   328  2:neutral 1:negative   +   *0.673,0.25,0.077 
   329  2:neutral  2:neutral       0.124,*0.71,0.166 
   330  2:neutral  2:neutral       0.052,*0.859,0.089 
   331  2:neutral  2:neutral       0.101,*0.576,0.323 
   332  2:neutral  2:neutral       0.094,*0.654,0.252 
   333  2:neutral  2:neutral       0.025,*0.758,0.216 
   334  2:neutral 1:negative   +   *0.422,0.39,0.188 
   335  2:neutral 3:positive   +   0.059,0.439,*0.502 
   336  2:neutral  2:neutral       0.12,*0.49,0.39 
   337  2:neutral  2:neutral       0.066,*0.641,0.293 
   338  2:neutral 3:positive   +   0.152,0.377,*0.47 
   339  2:neutral  2:neutral       0.039,*0.787,0.174 
   340  2:neutral  2:neutral       0.28,*0.444,0.276 
   341  2:neutral 3:positive   +   0.071,0.41,*0.519 
   342  2:neutral  2:neutral       0.117,*0.462,0.422 
   343  2:neutral  2:neutral       0.062,*0.705,0.233 
   344  2:neutral  2:neutral       0.017,*0.887,0.095 
   345  2:neutral  2:neutral       0.022,*0.691,0.286 
   346  2:neutral  2:neutral       0.093,*0.686,0.222 
   347  2:neutral  2:neutral       0.109,*0.559,0.332 
   348  2:neutral 3:positive   +   0.234,0.273,*0.492 
   349  2:neutral  2:neutral       0.157,*0.595,0.248 
   350  2:neutral  2:neutral       0.032,*0.795,0.173 
   351  2:neutral  2:neutral       0.089,*0.54,0.371 
   352  2:neutral  2:neutral       0.024,*0.819,0.157 
   353  2:neutral  2:neutral       0.188,*0.679,0.133 
   354  2:neutral 1:negative   +   *0.731,0.077,0.192 
   355  2:neutral  2:neutral       0.092,*0.603,0.305 
   356  2:neutral 3:positive   +   0.109,0.27,*0.621 
   357  2:neutral 3:positive   +   0.057,0.376,*0.567 
   358  2:neutral  2:neutral       0.193,*0.434,0.373 
   359  2:neutral  2:neutral       0.277,*0.625,0.098 
