Zero Weights processed. Default weights will be used
..
Warning: using -h 0 may be faster
*
optimization finished, #iter = 2439
C = 1095.76630078278
obj = 581466.4978066849, rho = -10.987066491555689
nSV = 2402, nBSV = 992
Total nSV = 2402
..
Warning: using -h 0 may be faster
*
optimization finished, #iter = 2327
C = 1087.2138772249702
obj = 586102.1221615394, rho = -6.11648522097629
nSV = 2429, nBSV = 960
Total nSV = 2429
..
Warning: using -h 0 may be faster
*
optimization finished, #iter = 2339
C = 1061.8064954252618
obj = 570244.5915277672, rho = -14.161405771685276
nSV = 2438, nBSV = 967
Total nSV = 2438
..
Warning: using -h 0 may be faster
*
optimization finished, #iter = 2397
C = 1083.974104700267
obj = 575123.1480179816, rho = -11.771820959492896
nSV = 2426, nBSV = 976
Total nSV = 2426
..
Warning: using -h 0 may be faster
*
optimization finished, #iter = 2407
C = 1068.2859585216975
obj = 575144.1892990747, rho = -11.929503604252762
nSV = 2434, nBSV = 964
Total nSV = 2434
...
Warning: using -h 0 may be faster
*
optimization finished, #iter = 3012
C = 1104.4104119295598
obj = 705585.9537958918, rho = -18.970460509613776
nSV = 2916, nBSV = 1252
....
Warning: using -h 0 may be faster
*
optimization finished, #iter = 4101
C = 2940.5671179744377
obj = 2897527.5678996323, rho = -139.2543145028883
nSV = 4151, nBSV = 1299
Total nSV = 4151
...
Warning: using -h 0 may be faster
*.
Warning: using -h 0 may be faster
*
optimization finished, #iter = 4042
C = 2820.4673115945434
obj = 2751827.75420783, rho = -19.40935655763294
nSV = 4140, nBSV = 1335
Total nSV = 4140
...
Warning: using -h 0 may be faster
*.
Warning: using -h 0 may be faster
*
optimization finished, #iter = 4278
C = 2901.8406775320805
obj = 2869084.9870506176, rho = 15.056696600561455
nSV = 4186, nBSV = 1287
Total nSV = 4186
....
Warning: using -h 0 may be faster
*
optimization finished, #iter = 4050
C = 2801.3380595763256
obj = 2736818.1274632504, rho = -13.396322530965845
nSV = 4174, nBSV = 1315
Total nSV = 4174
....
Warning: using -h 0 may be faster
*
optimization finished, #iter = 4167
C = 2811.626615749486
obj = 2668438.721930657, rho = -29.59627134053172
nSV = 4192, nBSV = 1292
Total nSV = 4192
.....
Warning: using -h 0 may be faster
*
optimization finished, #iter = 5132
C = 3124.4826495090138
obj = 3693783.7646293873, rho = -20.711577645796066
nSV = 5047, nBSV = 1717
..
Warning: using -h 0 may be faster
*
optimization finished, #iter = 2808
C = 1128.8042601371692
obj = 664321.0266784282, rho = -48.95291319974152
nSV = 2826, nBSV = 1142
Total nSV = 2826
..
Warning: using -h 0 may be faster
*
optimization finished, #iter = 2838
C = 1142.6202404228786
obj = 677077.8747828433, rho = -55.75119286350463
nSV = 2842, nBSV = 1096
Total nSV = 2842
..
Warning: using -h 0 may be faster
*
optimization finished, #iter = 2900
C = 1101.583482055818
obj = 638180.8083832767, rho = -49.11575164766475
nSV = 2812, nBSV = 1113
Total nSV = 2812
..
Warning: using -h 0 may be faster
*
optimization finished, #iter = 2726
C = 1140.5930530829944
obj = 689199.537175733, rho = -62.727289469140715
nSV = 2800, nBSV = 1122
Total nSV = 2800
..
Warning: using -h 0 may be faster
*
optimization finished, #iter = 2483
C = 1040.4549841478388
obj = 622803.7392091855, rho = -54.11319613910459
nSV = 2756, nBSV = 1138
Total nSV = 2756
...
Warning: using -h 0 may be faster
*
optimization finished, #iter = 3120
C = 1153.205111836476
obj = 817790.1550978825, rho = 5.993295049993596
nSV = 3376, nBSV = 1497
Total nSV = 7815
.
Warning: using -h 0 may be faster
*
optimization finished, #iter = 1937
C = 1113.0114144261966
obj = 509519.82808327035, rho = -4.58393480647635
nSV = 2028, nBSV = 698
Total nSV = 2028
.
Warning: using -h 0 may be faster
*
optimization finished, #iter = 1897
C = 1045.3250422860601
obj = 465289.1724252943, rho = -30.55066447429394
nSV = 1968, nBSV = 735
Total nSV = 1968
.
Warning: using -h 0 may be faster
*
optimization finished, #iter = 1896
C = 1041.5624665678547
obj = 471804.39296839625, rho = -16.251392804342277
nSV = 1988, nBSV = 733
Total nSV = 1988
.
Warning: using -h 0 may be faster
*
optimization finished, #iter = 1876
C = 1019.8592825745881
obj = 444534.40517236287, rho = -41.46360973204707
nSV = 1981, nBSV = 762
Total nSV = 1981
.
Warning: using -h 0 may be faster
*
optimization finished, #iter = 1912
C = 1054.5762380164686
obj = 465778.45949013124, rho = -29.528944911141426
nSV = 1952, nBSV = 752
Total nSV = 1952
..
Warning: using -h 0 may be faster
*
optimization finished, #iter = 2469
C = 1072.3406976049666
obj = 566810.690342674, rho = -6.0439861111260225
nSV = 2430, nBSV = 944
...
Warning: using -h 0 may be faster
*
optimization finished, #iter = 3216
C = 2548.9094345834965
obj = 2068436.1650305344, rho = -96.29530181707214
nSV = 3413, nBSV = 990
Total nSV = 3413
...
Warning: using -h 0 may be faster
*
optimization finished, #iter = 3247
C = 2582.7644494139745
obj = 2145601.7365857256, rho = 21.29294747719121
nSV = 3417, nBSV = 989
Total nSV = 3417
...
Warning: using -h 0 may be faster
*
optimization finished, #iter = 3182
C = 2502.9038382689355
obj = 2076007.7147733045, rho = 19.184530008878237
nSV = 3407, nBSV = 1012
Total nSV = 3407
...
Warning: using -h 0 may be faster
*
optimization finished, #iter = 3258
C = 2539.884891106714
obj = 2085308.2175394455, rho = 2.7925365385106278
nSV = 3447, nBSV = 1003
Total nSV = 3447
...
Warning: using -h 0 may be faster
*
optimization finished, #iter = 3089
C = 2546.2209997039017
obj = 2062897.9890617596, rho = -10.663976480178592
nSV = 3370, nBSV = 998
Total nSV = 3370
...
Warning: using -h 0 may be faster
*
optimization finished, #iter = 3925
C = 2717.206874310962
obj = 2657874.710976368, rho = 4.164216016337542
nSV = 4143, nBSV = 1324
..
Warning: using -h 0 may be faster
*
optimization finished, #iter = 2071
C = 1026.9227757511144
obj = 517540.58792193217, rho = -41.28428109879715
nSV = 2284, nBSV = 884
Total nSV = 2284
.
Warning: using -h 0 may be faster
*
optimization finished, #iter = 1954
C = 1059.0476314738976
obj = 530381.4640503156, rho = 21.644289597039933
nSV = 2225, nBSV = 875
Total nSV = 2225
..
Warning: using -h 0 may be faster
*
optimization finished, #iter = 2038
C = 1078.015754998425
obj = 547971.1141731235, rho = 4.191839904118079
nSV = 2260, nBSV = 877
Total nSV = 2260
..
Warning: using -h 0 may be faster
*
optimization finished, #iter = 2143
C = 1054.748005540784
obj = 524101.92204858136, rho = 14.511496666496301
nSV = 2266, nBSV = 883
Total nSV = 2266
..
Warning: using -h 0 may be faster
*
optimization finished, #iter = 2205
C = 1109.0219104383707
obj = 554747.2757780346, rho = 10.528322333235511
nSV = 2325, nBSV = 858
Total nSV = 2325
..
Warning: using -h 0 may be faster
*
optimization finished, #iter = 2506
C = 1106.135998853404
obj = 670989.2701483972, rho = 8.878968213497464
nSV = 2734, nBSV = 1148
Total nSV = 6368
.
Warning: using -h 0 may be faster
*
optimization finished, #iter = 1893
C = 1050.2455069990463
obj = 465903.7518725917, rho = -25.381763847010934
nSV = 1991, nBSV = 754
Total nSV = 1991
.
Warning: using -h 0 may be faster
*
optimization finished, #iter = 1923
C = 1107.4682672229474
obj = 505472.78191354027, rho = -36.58778519917818
nSV = 1959, nBSV = 713
Total nSV = 1959
.
Warning: using -h 0 may be faster
*
optimization finished, #iter = 1906
C = 1094.2873670561776
obj = 494523.5998901351, rho = -23.73497415687255
nSV = 1956, nBSV = 758
Total nSV = 1956
.
Warning: using -h 0 may be faster
*
optimization finished, #iter = 1941
C = 1041.0301153218186
obj = 451903.71579925355, rho = -20.71855649512827
nSV = 1963, nBSV = 762
Total nSV = 1963
.
Warning: using -h 0 may be faster
*
optimization finished, #iter = 1847
C = 1055.423785286654
obj = 464892.3395381178, rho = -32.18843237565538
nSV = 1971, nBSV = 778
Total nSV = 1971
..
Warning: using -h 0 may be faster
*
optimization finished, #iter = 2315
C = 1097.81022768408
obj = 590240.2762110755, rho = -7.032072707802186
nSV = 2425, nBSV = 992
...
Warning: using -h 0 may be faster
*
optimization finished, #iter = 3308
C = 2576.59066935958
obj = 2096717.4780860948, rho = -7.992712373231581
nSV = 3449, nBSV = 998
Total nSV = 3449
...
Warning: using -h 0 may be faster
*
optimization finished, #iter = 3251
C = 2551.641727034315
obj = 2067979.2578691689, rho = -140.09478006807424
nSV = 3426, nBSV = 1006
Total nSV = 3426
...
Warning: using -h 0 may be faster
*
optimization finished, #iter = 3317
C = 2620.0689718217645
obj = 2155980.452970058, rho = -127.51421344755714
nSV = 3435, nBSV = 987
Total nSV = 3435
...
Warning: using -h 0 may be faster
*
optimization finished, #iter = 3190
C = 2508.521422630983
obj = 2049629.3959471118, rho = -109.28464669044233
nSV = 3359, nBSV = 1031
Total nSV = 3359
...
Warning: using -h 0 may be faster
*
optimization finished, #iter = 3243
C = 2606.2098233990973
obj = 2119856.2134828297, rho = -137.76906490254862
nSV = 3386, nBSV = 999
Total nSV = 3386
...
Warning: using -h 0 may be faster
*
optimization finished, #iter = 3874
C = 2659.942596059922
obj = 2527044.638557585, rho = -39.26917866425046
nSV = 4096, nBSV = 1352
..
Warning: using -h 0 may be faster
*
optimization finished, #iter = 2059
C = 1147.0580335434784
obj = 593709.9230494924, rho = 7.576633892015981
nSV = 2267, nBSV = 859
Total nSV = 2267
..
Warning: using -h 0 may be faster
*
optimization finished, #iter = 2115
C = 1069.2700136895162
obj = 532939.4227918137, rho = -48.633210252850375
nSV = 2293, nBSV = 864
Total nSV = 2293
..
Warning: using -h 0 may be faster
*
optimization finished, #iter = 2117
C = 1116.7974123041547
obj = 568194.5718191352, rho = -49.21705611103957
nSV = 2293, nBSV = 874
Total nSV = 2293
.
Warning: using -h 0 may be faster
*
optimization finished, #iter = 1884
C = 977.4994211322612
obj = 479662.2842356457, rho = -43.548739636545875
nSV = 2227, nBSV = 891
Total nSV = 2227
..
Warning: using -h 0 may be faster
*
optimization finished, #iter = 2054
C = 1069.9254845680207
obj = 530482.8559944241, rho = -54.992783221301856
nSV = 2285, nBSV = 887
Total nSV = 2285
..
Warning: using -h 0 may be faster
*
optimization finished, #iter = 2469
C = 1083.1070437073354
obj = 632327.3443458176, rho = 9.706331140720671
nSV = 2762, nBSV = 1163
Total nSV = 6355
...
Warning: using -h 0 may be faster
*
optimization finished, #iter = 3321
C = 2692.9456587948084
obj = 2232524.487778916, rho = 12.748711077959566
nSV = 3450, nBSV = 974
Total nSV = 3450
...
Warning: using -h 0 may be faster
*
optimization finished, #iter = 3330
C = 2733.3476468129916
obj = 2269912.246822096, rho = -140.6662128148622
nSV = 3458, nBSV = 964
Total nSV = 3458
...
Warning: using -h 0 may be faster
*
optimization finished, #iter = 3215
C = 2617.692397832966
obj = 2162621.9364000433, rho = -150.76082135573967
nSV = 3419, nBSV = 984
Total nSV = 3419
...
Warning: using -h 0 may be faster
*
optimization finished, #iter = 3408
C = 2757.0632227204082
obj = 2300549.828206686, rho = -159.1161837783578
nSV = 3486, nBSV = 976
Total nSV = 3486
...
Warning: using -h 0 may be faster
*
optimization finished, #iter = 3134
C = 2627.7895768052667
obj = 2182995.7449266906, rho = -161.21933090586802
nSV = 3421, nBSV = 1007
Total nSV = 3421
...
Warning: using -h 0 may be faster
*
optimization finished, #iter = 3916
C = 2834.241631415391
obj = 2850973.3478215914, rho = -149.3174669659295
nSV = 4141, nBSV = 1310
..
Warning: using -h 0 may be faster
*
optimization finished, #iter = 2118
C = 1188.196471002627
obj = 626783.8283420193, rho = -62.75264544861595
nSV = 2313, nBSV = 867
Total nSV = 2313
..
Warning: using -h 0 may be faster
*
optimization finished, #iter = 2345
C = 1158.85188718744
obj = 572600.3345138546, rho = -48.795235972964235
nSV = 2358, nBSV = 843
Total nSV = 2358
..
Warning: using -h 0 may be faster
*
optimization finished, #iter = 2287
C = 1139.337014375938
obj = 575274.2296983671, rho = -47.97562859639357
nSV = 2343, nBSV = 829
Total nSV = 2343
..
Warning: using -h 0 may be faster
*
optimization finished, #iter = 2239
C = 1066.3409604751294
obj = 520523.2718214344, rho = -42.0221566871338
nSV = 2324, nBSV = 856
Total nSV = 2324
..
Warning: using -h 0 may be faster
*
optimization finished, #iter = 2192
C = 1203.665324826568
obj = 619671.1737211669, rho = -56.71028132585682
nSV = 2338, nBSV = 861
Total nSV = 2338
..
Warning: using -h 0 may be faster
*
optimization finished, #iter = 2539
C = 1185.359403493192
obj = 715731.7624960426, rho = -61.65136104919926
nSV = 2800, nBSV = 1123
.
Warning: using -h 0 may be faster
*
optimization finished, #iter = 1878
C = 1016.4738265235902
obj = 452690.05658973684, rho = -21.4114027529057
nSV = 1948, nBSV = 758
Total nSV = 1948
..
Warning: using -h 0 may be faster
*
optimization finished, #iter = 2015
C = 1105.2872138489372
obj = 500932.7156902294, rho = -32.102338704222376
nSV = 2016, nBSV = 736
Total nSV = 2016
.
Warning: using -h 0 may be faster
*
optimization finished, #iter = 1920
C = 1027.6590531973936
obj = 458165.53212674573, rho = -25.224552812268847
nSV = 1994, nBSV = 734
Total nSV = 1994
..
Warning: using -h 0 may be faster
*
optimization finished, #iter = 2013
C = 1132.6264324667911
obj = 516545.8536285108, rho = -21.114955127763523
nSV = 1999, nBSV = 730
Total nSV = 1999
.
Warning: using -h 0 may be faster
*
optimization finished, #iter = 1804
C = 1051.533125617945
obj = 470442.6891805343, rho = -29.87613445253218
nSV = 1970, nBSV = 764
Total nSV = 1970
Line search fails in two-class probability estimates
..
Warning: using -h 0 may be faster
*
optimization finished, #iter = 2479
C = 1079.834893857695
obj = 577404.9609266456, rho = -30.709463588202773
nSV = 2407, nBSV = 938
Total nSV = 6392
.
Warning: using -h 0 may be faster
*
optimization finished, #iter = 1861
C = 1094.9837275479824
obj = 514558.39873747656, rho = -12.650582839799887
nSV = 1988, nBSV = 722
Total nSV = 1988
.
Warning: using -h 0 may be faster
*
optimization finished, #iter = 1917
C = 1075.050116662073
obj = 493982.9940347041, rho = -22.043478676909213
nSV = 1988, nBSV = 726
Total nSV = 1988
.
Warning: using -h 0 may be faster
*
optimization finished, #iter = 1890
C = 1072.8386395651378
obj = 486488.36776004423, rho = -15.869855061419514
nSV = 1989, nBSV = 725
Total nSV = 1989
.
Warning: using -h 0 may be faster
*
optimization finished, #iter = 1952
C = 1140.5108735047706
obj = 533304.5728368011, rho = -16.080323707141837
nSV = 2018, nBSV = 710
Total nSV = 2018
.
Warning: using -h 0 may be faster
*
optimization finished, #iter = 1873
C = 1121.558892597158
obj = 524269.1204841401, rho = -17.376524448534592
nSV = 1979, nBSV = 715
Total nSV = 1979
..
Warning: using -h 0 may be faster
*
optimization finished, #iter = 2279
C = 1096.8147542032036
obj = 603226.7214602437, rho = -31.371110808998512
nSV = 2412, nBSV = 974
..
Warning: using -h 0 may be faster
*
optimization finished, #iter = 2174
C = 1092.6197122307026
obj = 541610.1621547928, rho = -40.11704198576857
nSV = 2300, nBSV = 873
Total nSV = 2300
..
Warning: using -h 0 may be faster
*
optimization finished, #iter = 2026
C = 1074.6462551813065
obj = 547733.9953013791, rho = -40.084874222100765
nSV = 2268, nBSV = 862
Total nSV = 2268
..
Warning: using -h 0 may be faster
*
optimization finished, #iter = 2087
C = 1169.6100313773406
obj = 614881.4341236687, rho = -53.11325284941899
nSV = 2323, nBSV = 849
Total nSV = 2323
..
Warning: using -h 0 may be faster
*
optimization finished, #iter = 2011
C = 957.9943603314467
obj = 463846.03903306084, rho = -31.31350587159272
nSV = 2250, nBSV = 916
Total nSV = 2250
..
Warning: using -h 0 may be faster
*
optimization finished, #iter = 2134
C = 1059.4137143974497
obj = 530155.0219154657, rho = -51.791809714269846
nSV = 2296, nBSV = 888
Total nSV = 2296
..
Warning: using -h 0 may be faster
*
optimization finished, #iter = 2490
C = 1099.8934643414568
obj = 654773.2876300057, rho = -2.3020012545168633
nSV = 2760, nBSV = 1150
...
Warning: using -h 0 may be faster
*
optimization finished, #iter = 3357
C = 2509.158550280059
obj = 2053977.3374188899, rho = -16.25279545857562
nSV = 3401, nBSV = 986
Total nSV = 3401
...
Warning: using -h 0 may be faster
*
optimization finished, #iter = 3421
C = 2589.246181881199
obj = 2092647.6169024692, rho = -107.90855247870991
nSV = 3464, nBSV = 992
Total nSV = 3464
...
Warning: using -h 0 may be faster
*
optimization finished, #iter = 3337
C = 2636.677779412199
obj = 2171994.352860318, rho = -142.96820873584892
nSV = 3439, nBSV = 975
Total nSV = 3439
...
Warning: using -h 0 may be faster
*
optimization finished, #iter = 3412
C = 2587.351722120717
obj = 2099644.1313107195, rho = -118.03788236634686
nSV = 3445, nBSV = 986
Total nSV = 3445
...
Warning: using -h 0 may be faster
*
optimization finished, #iter = 3362
C = 2609.280155004115
obj = 2153196.286306875, rho = -117.43749865010159
nSV = 3459, nBSV = 960
Total nSV = 3459
....
Warning: using -h 0 may be faster
*
optimization finished, #iter = 4098
C = 2736.842546346228
obj = 2695081.531247101, rho = 0.054191177526154544
nSV = 4138, nBSV = 1301
Total nSV = 6355
..
Warning: using -h 0 may be faster
*
optimization finished, #iter = 2122
C = 1072.8593256044983
obj = 529696.8409867691, rho = -40.53311196249649
nSV = 2300, nBSV = 891
Total nSV = 2300
..
Warning: using -h 0 may be faster
*
optimization finished, #iter = 2158
C = 1054.778807874414
obj = 514406.4450005346, rho = -35.9895556522661
nSV = 2274, nBSV = 889
Total nSV = 2274
.
Warning: using -h 0 may be faster
*
optimization finished, #iter = 1990
C = 1065.9219906465091
obj = 535292.0269155304, rho = -40.57989208573587
nSV = 2265, nBSV = 896
Total nSV = 2265
..
Warning: using -h 0 may be faster
*
optimization finished, #iter = 2041
C = 982.701532403663
obj = 476117.068077448, rho = -35.842352888966445
nSV = 2262, nBSV = 882
Total nSV = 2262
..
Warning: using -h 0 may be faster
*
optimization finished, #iter = 2014
C = 1064.41334274369
obj = 533915.3341737544, rho = -57.48307799339192
nSV = 2268, nBSV = 884
Total nSV = 2268
..
Warning: using -h 0 may be faster
*
optimization finished, #iter = 2590
C = 1040.4193145597417
obj = 595208.7905612168, rho = 4.582748748283702
nSV = 2790, nBSV = 1159
.
Warning: using -h 0 may be faster
*
optimization finished, #iter = 1881
C = 1074.6949634857333
obj = 484949.805601777, rho = -12.559454485876792
nSV = 1992, nBSV = 754
Total nSV = 1992
.
Warning: using -h 0 may be faster
*
optimization finished, #iter = 1947
C = 1039.3243846446244
obj = 462343.1034470125, rho = -12.196769801063962
nSV = 1979, nBSV = 734
Total nSV = 1979
.
Warning: using -h 0 may be faster
*
optimization finished, #iter = 1847
C = 1063.15272680897
obj = 486891.59163099993, rho = -18.308117417116588
nSV = 1967, nBSV = 751
Total nSV = 1967
.
Warning: using -h 0 may be faster
*
optimization finished, #iter = 1930
C = 1103.17822574437
obj = 506180.49458182283, rho = -12.127551128370396
nSV = 1999, nBSV = 713
Total nSV = 1999
.
Warning: using -h 0 may be faster
*
optimization finished, #iter = 1876
C = 995.6405687757017
obj = 434450.76307345706, rho = -3.5014373498281506
nSV = 1947, nBSV = 776
Total nSV = 1947
Line search fails in two-class probability estimates
..
Warning: using -h 0 may be faster
*
optimization finished, #iter = 2296
C = 1072.398577582158
obj = 577382.0028314667, rho = -22.961331215193646
nSV = 2387, nBSV = 972
...
Warning: using -h 0 may be faster
*
optimization finished, #iter = 3424
C = 2678.6275673566506
obj = 2136568.4248634754, rho = -124.20483895329644
nSV = 3481, nBSV = 980
Total nSV = 3481
...
Warning: using -h 0 may be faster
*
optimization finished, #iter = 3186
C = 2530.3483152845843
obj = 2077874.700833301, rho = -29.210386400568485
nSV = 3382, nBSV = 1044
Total nSV = 3382
...
Warning: using -h 0 may be faster
*
optimization finished, #iter = 3255
C = 2638.4632737716342
obj = 2183769.5576740764, rho = -50.94823983659001
nSV = 3399, nBSV = 995
Total nSV = 3399
...
Warning: using -h 0 may be faster
*
optimization finished, #iter = 3337
C = 2686.2021725390678
obj = 2210276.402013277, rho = -3.2634410504838987
nSV = 3424, nBSV = 991
Total nSV = 3424
...
Warning: using -h 0 may be faster
*
optimization finished, #iter = 3315
C = 2718.0038609621406
obj = 2250893.6567544024, rho = -12.633035285855604
nSV = 3408, nBSV = 978
Total nSV = 3408
...
Warning: using -h 0 may be faster
*
optimization finished, #iter = 3945
C = 2877.489850602626
obj = 2859982.414831328, rho = -130.77961366328995
nSV = 4139, nBSV = 1337
Total nSV = 6376


=== Predictions under cross-validation ===

 inst#     actual  predicted error distribution
     1  2:neutral  2:neutral       0.239,*0.533,0.228 
     2  2:neutral  2:neutral       0.022,*0.747,0.23 
     3  2:neutral 3:positive   +   0.065,0.144,*0.791 
     4  2:neutral  2:neutral       0.084,*0.525,0.391 
     5  2:neutral  2:neutral       0.06,*0.741,0.199 
     6  2:neutral 1:negative   +   *0.526,0.405,0.069 
     7  2:neutral 3:positive   +   0.034,0.283,*0.683 
     8  2:neutral  2:neutral       0.075,*0.807,0.118 
     9  2:neutral 3:positive   +   0.113,0.44,*0.447 
    10  2:neutral 1:negative   +   *0.791,0.132,0.077 
    11  2:neutral  2:neutral       0.017,*0.54,0.443 
    12  2:neutral  2:neutral       0.058,*0.832,0.11 
    13  2:neutral  2:neutral       0.043,*0.747,0.211 
    14  2:neutral  2:neutral       0.024,*0.612,0.364 
    15  2:neutral  2:neutral       0.284,*0.485,0.232 
    16  2:neutral  2:neutral       0.034,*0.56,0.406 
    17  2:neutral 3:positive   +   0.253,0.348,*0.399 
    18  2:neutral  2:neutral       0.32,*0.39,0.29 
    19  2:neutral  2:neutral       0.103,*0.575,0.321 
    20  2:neutral  2:neutral       0.01,*0.952,0.039 
    21  2:neutral 1:negative   +   *0.442,0.28,0.278 
    22  2:neutral  2:neutral       0.05,*0.555,0.395 
    23  2:neutral  2:neutral       0.094,*0.586,0.32 
    24  2:neutral  2:neutral       0.066,*0.729,0.205 
    25  2:neutral  2:neutral       0.084,*0.589,0.327 
    26  2:neutral 3:positive   +   0.283,0.219,*0.498 
    27  2:neutral  2:neutral       0.04,*0.832,0.128 
    28  2:neutral  2:neutral       0.381,*0.416,0.203 
    29  2:neutral  2:neutral       0.032,*0.661,0.307 
    30  2:neutral 3:positive   +   0.035,0.376,*0.589 
    31  2:neutral  2:neutral       0.318,*0.528,0.154 
    32  2:neutral 1:negative   +   *0.959,0.027,0.015 
    33  2:neutral  2:neutral       0.016,*0.838,0.146 
    34  2:neutral  2:neutral       0.058,*0.692,0.25 
    35  2:neutral  2:neutral       0.061,*0.877,0.062 
    36  2:neutral  2:neutral       0.008,*0.833,0.158 
    37  2:neutral  2:neutral       0.178,*0.582,0.24 
    38  2:neutral  2:neutral       0.124,*0.635,0.24 
    39  2:neutral  2:neutral       0.054,*0.716,0.23 
    40  2:neutral  2:neutral       0.081,*0.64,0.279 
    41  2:neutral  2:neutral       0.079,*0.753,0.168 
    42  2:neutral  2:neutral       0.034,*0.683,0.283 
    43  2:neutral 3:positive   +   0.295,0.154,*0.551 
    44  2:neutral  2:neutral       0.112,*0.458,0.431 
    45  2:neutral  2:neutral       0.08,*0.807,0.113 
    46  2:neutral  2:neutral       0.021,*0.583,0.396 
    47  2:neutral  2:neutral       0.055,*0.565,0.38 
    48  2:neutral  2:neutral       0.084,*0.478,0.439 
    49  2:neutral  2:neutral       0.054,*0.729,0.217 
    50  2:neutral  2:neutral       0.056,*0.773,0.171 
    51  2:neutral  2:neutral       0.208,*0.744,0.048 
    52  2:neutral  2:neutral       0.292,*0.4,0.308 
    53  2:neutral  2:neutral       0.097,*0.537,0.366 
    54  2:neutral 3:positive   +   0.115,0.35,*0.536 
    55  2:neutral  2:neutral       0.05,*0.77,0.181 
    56  2:neutral  2:neutral       0.073,*0.891,0.036 
    57  2:neutral 3:positive   +   0.157,0.421,*0.423 
    58  2:neutral 3:positive   +   0.077,0.453,*0.47 
    59  2:neutral  2:neutral       0.07,*0.615,0.315 
    60  2:neutral  2:neutral       0.028,*0.543,0.429 
    61  2:neutral  2:neutral       0.324,*0.492,0.184 
    62  2:neutral  2:neutral       0.136,*0.631,0.233 
    63  2:neutral  2:neutral       0.048,*0.667,0.285 
    64  2:neutral  2:neutral       0.067,*0.474,0.458 
    65  2:neutral  2:neutral       0.245,*0.571,0.184 
    66  2:neutral 3:positive   +   0.143,0.267,*0.59 
    67  2:neutral 3:positive   +   0.086,0.409,*0.505 
    68  2:neutral 3:positive   +   0.229,0.336,*0.435 
    69  2:neutral 3:positive   +   0.055,0.336,*0.609 
    70  2:neutral 3:positive   +   0.168,0.346,*0.486 
    71  2:neutral  2:neutral       0.144,*0.693,0.163 
    72  2:neutral 3:positive   +   0.035,0.076,*0.888 
    73  2:neutral 3:positive   +   0.161,0.306,*0.533 
    74  2:neutral 3:positive   +   0.087,0.418,*0.495 
    75  2:neutral  2:neutral       0.093,*0.725,0.182 
    76  2:neutral  2:neutral       0.146,*0.503,0.35 
    77  2:neutral  2:neutral       0.122,*0.641,0.237 
    78  2:neutral  2:neutral       0.071,*0.604,0.325 
    79  2:neutral 1:negative   +   *0.492,0.411,0.098 
    80  2:neutral  2:neutral       0.084,*0.85,0.066 
    81  2:neutral  2:neutral       0.357,*0.373,0.27 
    82  2:neutral  2:neutral       0.079,*0.86,0.061 
    83  2:neutral 3:positive   +   0.26,0.192,*0.549 
    84  2:neutral 3:positive   +   0.041,0.256,*0.703 
    85  2:neutral 1:negative   +   *0.538,0.344,0.118 
    86  2:neutral  2:neutral       0.094,*0.682,0.224 
    87  2:neutral  2:neutral       0.018,*0.546,0.436 
    88  2:neutral  2:neutral       0.028,*0.537,0.435 
    89  2:neutral 1:negative   +   *0.53,0.129,0.34 
    90  2:neutral  2:neutral       0.015,*0.809,0.176 
    91  2:neutral  2:neutral       0.153,*0.603,0.244 
    92  2:neutral  2:neutral       0.16,*0.662,0.178 
    93  2:neutral  2:neutral       0.085,*0.558,0.357 
    94  2:neutral 3:positive   +   0.058,0.466,*0.476 
    95  2:neutral 3:positive   +   0.075,0.391,*0.534 
    96  2:neutral  2:neutral       0.109,*0.7,0.191 
    97  2:neutral  2:neutral       0.084,*0.624,0.292 
    98  2:neutral 3:positive   +   0.082,0.321,*0.597 
    99  2:neutral  2:neutral       0.075,*0.713,0.212 
   100  2:neutral  2:neutral       0.097,*0.721,0.181 
   101  2:neutral  2:neutral       0.216,*0.429,0.355 
   102  2:neutral 3:positive   +   0.078,0.355,*0.566 
   103  2:neutral  2:neutral       0.07,*0.726,0.204 
   104  2:neutral  2:neutral       0.157,*0.445,0.398 
   105  2:neutral  2:neutral       0.074,*0.575,0.351 
   106  2:neutral 3:positive   +   0.096,0.226,*0.678 
   107  2:neutral  2:neutral       0.103,*0.558,0.339 
   108  2:neutral  2:neutral       0.071,*0.527,0.401 
   109  2:neutral  2:neutral       0.021,*0.843,0.137 
   110  2:neutral  2:neutral       0.119,*0.634,0.247 
   111  2:neutral  2:neutral       0.085,*0.51,0.405 
   112  2:neutral  2:neutral       0.015,*0.831,0.154 
   113  2:neutral  2:neutral       0.03,*0.631,0.338 
   114  2:neutral 3:positive   +   0.113,0.279,*0.608 
   115  2:neutral  2:neutral       0.063,*0.486,0.451 
   116  2:neutral  2:neutral       0.098,*0.789,0.113 
   117  2:neutral  2:neutral       0.048,*0.844,0.108 
   118  2:neutral 3:positive   +   0.108,0.411,*0.481 
   119  2:neutral  2:neutral       0.038,*0.812,0.15 
   120  2:neutral 3:positive   +   0.063,0.208,*0.729 
   121  2:neutral  2:neutral       0.095,*0.521,0.384 
   122  2:neutral 3:positive   +   0.154,0.231,*0.615 
   123  2:neutral  2:neutral       0.091,*0.835,0.074 
   124  2:neutral  2:neutral       0.069,*0.863,0.068 
   125  2:neutral  2:neutral       0.243,*0.663,0.094 
   126  2:neutral  2:neutral       0.065,*0.671,0.264 
   127  2:neutral  2:neutral       0.05,*0.73,0.22 
   128  2:neutral 3:positive   +   0.02,0.252,*0.728 
   129  2:neutral  2:neutral       0.197,*0.536,0.267 
   130  2:neutral  2:neutral       0.055,*0.749,0.196 
   131  2:neutral  2:neutral       0.313,*0.484,0.203 
   132  2:neutral  2:neutral       0.079,*0.601,0.32 
   133  2:neutral  2:neutral       0.082,*0.716,0.202 
   134  2:neutral  2:neutral       0.079,*0.494,0.427 
   135  2:neutral  2:neutral       0.027,*0.789,0.184 
   136  2:neutral  2:neutral       0.01,*0.738,0.252 
   137  2:neutral  2:neutral       0.107,*0.611,0.282 
   138  2:neutral  2:neutral       0.016,*0.499,0.484 
   139  2:neutral  2:neutral       0.257,*0.595,0.148 
   140  2:neutral  2:neutral       0.195,*0.636,0.169 
   141  2:neutral  2:neutral       0.061,*0.7,0.239 
   142  2:neutral  2:neutral       0.183,*0.609,0.207 
   143  2:neutral  2:neutral       0.283,*0.484,0.233 
   144  2:neutral  2:neutral       0.16,*0.557,0.283 
   145  2:neutral 3:positive   +   0.33,0.26,*0.41 
   146  2:neutral  2:neutral       0.419,*0.509,0.072 
   147  2:neutral  2:neutral       0.033,*0.681,0.285 
   148  2:neutral  2:neutral       0.139,*0.68,0.181 
   149  2:neutral 3:positive   +   0.114,0.234,*0.651 
   150  2:neutral  2:neutral       0.085,*0.738,0.177 
   151  2:neutral  2:neutral       0.11,*0.677,0.212 
   152  2:neutral  2:neutral       0.032,*0.91,0.058 
   153  2:neutral  2:neutral       0.039,*0.816,0.145 
   154  2:neutral  2:neutral       0.085,*0.749,0.166 
   155  2:neutral 3:positive   +   0.031,0.337,*0.633 
   156  2:neutral 3:positive   +   0.056,0.252,*0.692 
   157  2:neutral  2:neutral       0.043,*0.744,0.213 
   158  2:neutral  2:neutral       0.044,*0.85,0.105 
   159  2:neutral  2:neutral       0.109,*0.846,0.045 
   160  2:neutral  2:neutral       0.008,*0.567,0.425 
   161  2:neutral  2:neutral       0.184,*0.53,0.286 
   162  2:neutral  2:neutral       0.031,*0.691,0.278 
   163  2:neutral  2:neutral       0.013,*0.638,0.349 
   164  2:neutral  2:neutral       0.123,*0.515,0.361 
   165  2:neutral  2:neutral       0.05,*0.856,0.094 
   166  2:neutral  2:neutral       0.058,*0.703,0.238 
   167  2:neutral  2:neutral       0.069,*0.634,0.296 
   168  2:neutral  2:neutral       0.038,*0.763,0.199 
   169  2:neutral  2:neutral       0.202,*0.48,0.318 
   170  2:neutral  2:neutral       0.038,*0.84,0.122 
   171  2:neutral  2:neutral       0.059,*0.56,0.381 
   172  2:neutral  2:neutral       0.146,*0.635,0.219 
   173  2:neutral 1:negative   +   *0.631,0.315,0.054 
   174  2:neutral  2:neutral       0.09,*0.536,0.373 
   175  2:neutral  2:neutral       0.051,*0.758,0.192 
   176  2:neutral  2:neutral       0.18,*0.624,0.196 
   177  2:neutral  2:neutral       0.013,*0.846,0.141 
   178  2:neutral  2:neutral       0.207,*0.688,0.105 
   179  2:neutral  2:neutral       0.107,*0.708,0.185 
   180  2:neutral  2:neutral       0.048,*0.722,0.229 
   181  2:neutral  2:neutral       0.09,*0.658,0.252 
   182  2:neutral 1:negative   +   *0.519,0.354,0.127 
   183  2:neutral  2:neutral       0.065,*0.655,0.28 
   184  2:neutral 3:positive   +   0.061,0.439,*0.5 
   185  2:neutral  2:neutral       0.054,*0.602,0.344 
   186  2:neutral  2:neutral       0.025,*0.649,0.326 
   187  2:neutral  2:neutral       0.069,*0.541,0.39 
   188  2:neutral 3:positive   +   0.073,0.414,*0.513 
   189  2:neutral 1:negative   +   *0.772,0.183,0.045 
   190  2:neutral  2:neutral       0.251,*0.654,0.095 
   191  2:neutral  2:neutral       0.151,*0.686,0.163 
   192  2:neutral  2:neutral       0.047,*0.739,0.214 
   193  2:neutral  2:neutral       0.011,*0.566,0.423 
   194  2:neutral  2:neutral       0.086,*0.844,0.07 
   195  2:neutral 3:positive   +   0.099,0.211,*0.689 
   196  2:neutral  2:neutral       0.114,*0.633,0.254 
   197  2:neutral  2:neutral       0.094,*0.634,0.272 
   198  2:neutral  2:neutral       0.347,*0.467,0.185 
   199  2:neutral 3:positive   +   0.075,0.22,*0.704 
   200  2:neutral  2:neutral       0.12,*0.495,0.385 
   201  2:neutral  2:neutral       0.013,*0.826,0.161 
   202  2:neutral  2:neutral       0.1,*0.652,0.247 
   203  2:neutral  2:neutral       0.046,*0.549,0.404 
   204  2:neutral  2:neutral       0.022,*0.939,0.039 
   205  2:neutral  2:neutral       0.021,*0.551,0.429 
   206  2:neutral  2:neutral       0.385,*0.405,0.211 
   207  2:neutral  2:neutral       0.038,*0.488,0.474 
   208  2:neutral  2:neutral       0.038,*0.833,0.129 
   209  2:neutral  2:neutral       0.029,*0.867,0.103 
   210  2:neutral 3:positive   +   0.303,0.278,*0.418 
   211  2:neutral  2:neutral       0.027,*0.772,0.201 
   212  2:neutral  2:neutral       0.03,*0.837,0.133 
   213  2:neutral  2:neutral       0.099,*0.562,0.34 
   214  2:neutral  2:neutral       0.141,*0.649,0.21 
   215  2:neutral  2:neutral       0.144,*0.625,0.23 
   216  2:neutral  2:neutral       0.086,*0.491,0.423 
   217  2:neutral  2:neutral       0.033,*0.759,0.208 
   218  2:neutral 3:positive   +   0.128,0.399,*0.473 
   219  2:neutral  2:neutral       0.114,*0.742,0.144 
   220  2:neutral  2:neutral       0.082,*0.544,0.375 
   221  2:neutral 1:negative   +   *0.437,0.283,0.281 
   222  2:neutral 3:positive   +   0.151,0.407,*0.442 
   223  2:neutral  2:neutral       0.048,*0.624,0.327 
   224  2:neutral  2:neutral       0.125,*0.632,0.244 
   225  2:neutral  2:neutral       0.017,*0.895,0.088 
   226  2:neutral  2:neutral       0.075,*0.741,0.184 
   227  2:neutral  2:neutral       0.034,*0.795,0.17 
   228  2:neutral 3:positive   +   0.054,0.429,*0.517 
   229  2:neutral 3:positive   +   0.034,0.479,*0.487 
   230  2:neutral 1:negative   +   *0.479,0.213,0.307 
   231  2:neutral  2:neutral       0.061,*0.868,0.071 
   232  2:neutral 1:negative   +   *0.403,0.398,0.199 
   233  2:neutral 3:positive   +   0.236,0.305,*0.46 
   234  2:neutral  2:neutral       0.106,*0.509,0.385 
   235  2:neutral  2:neutral       0.338,*0.576,0.086 
   236  2:neutral  2:neutral       0.113,*0.565,0.323 
   237  2:neutral 3:positive   +   0.039,0.362,*0.599 
   238  2:neutral  2:neutral       0.261,*0.568,0.171 
   239  2:neutral  2:neutral       0.228,*0.49,0.283 
   240  2:neutral  2:neutral       0.14,*0.558,0.302 
   241  2:neutral  2:neutral       0.319,*0.421,0.26 
   242  2:neutral  2:neutral       0.062,*0.779,0.159 
   243  2:neutral 3:positive   +   0.032,0.248,*0.72 
   244  2:neutral  2:neutral       0.038,*0.612,0.349 
   245  2:neutral  2:neutral       0.195,*0.582,0.223 
   246  2:neutral 3:positive   +   0.02,0.418,*0.562 
   247  2:neutral  2:neutral       0.01,*0.954,0.036 
   248  2:neutral  2:neutral       0.059,*0.615,0.326 
   249  2:neutral  2:neutral       0.265,*0.402,0.334 
   250  2:neutral  2:neutral       0.04,*0.64,0.32 
   251  2:neutral 3:positive   +   0.07,0.462,*0.468 
   252  2:neutral 3:positive   +   0.059,0.455,*0.486 
   253  2:neutral  2:neutral       0.186,*0.637,0.177 
   254  2:neutral  2:neutral       0.123,*0.743,0.134 
   255  2:neutral  2:neutral       0.075,*0.707,0.218 
   256  2:neutral  2:neutral       0.056,*0.519,0.425 
   257  2:neutral  2:neutral       0.103,*0.558,0.339 
   258  2:neutral  2:neutral       0.071,*0.871,0.058 
   259  2:neutral 3:positive   +   0.055,0.372,*0.573 
   260  2:neutral  2:neutral       0.186,*0.708,0.105 
   261  2:neutral 3:positive   +   0.03,0.223,*0.747 
   262  2:neutral  2:neutral       0.041,*0.66,0.299 
   263  2:neutral  2:neutral       0.079,*0.505,0.416 
   264  2:neutral  2:neutral       0.071,*0.834,0.094 
   265  2:neutral  2:neutral       0.139,*0.516,0.344 
   266  2:neutral  2:neutral       0.029,*0.878,0.092 
   267  2:neutral 3:positive   +   0.175,0.294,*0.531 
   268  2:neutral  2:neutral       0.24,*0.564,0.196 
   269  2:neutral  2:neutral       0.176,*0.489,0.335 
   270  2:neutral 3:positive   +   0.146,0.391,*0.463 
   271  2:neutral  2:neutral       0.328,*0.34,0.332 
   272  2:neutral  2:neutral       0.079,*0.666,0.255 
   273  2:neutral  2:neutral       0.203,*0.597,0.2 
   274  2:neutral 3:positive   +   0.067,0.453,*0.479 
   275  2:neutral 1:negative   +   *0.597,0.114,0.289 
   276  2:neutral  2:neutral       0.028,*0.799,0.173 
   277  2:neutral  2:neutral       0.009,*0.552,0.439 
   278  2:neutral  2:neutral       0.063,*0.645,0.292 
   279  2:neutral 1:negative   +   *0.59,0.199,0.211 
   280  2:neutral 3:positive   +   0.034,0.378,*0.588 
   281  2:neutral  2:neutral       0.119,*0.563,0.318 
   282  2:neutral  2:neutral       0.048,*0.837,0.115 
   283  2:neutral  2:neutral       0.31,*0.373,0.317 
   284  2:neutral 3:positive   +   0.056,0.414,*0.53 
   285  2:neutral  2:neutral       0.01,*0.928,0.063 
   286  2:neutral  2:neutral       0.059,*0.506,0.435 
   287  2:neutral  2:neutral       0.094,*0.81,0.097 
   288  2:neutral  2:neutral       0.089,*0.801,0.109 
   289  2:neutral  2:neutral       0.083,*0.464,0.453 
   290  2:neutral  2:neutral       0.015,*0.535,0.45 
   291  2:neutral  2:neutral       0.144,*0.635,0.221 
   292  2:neutral 1:negative   +   *0.533,0.274,0.193 
   293  2:neutral  2:neutral       0.031,*0.522,0.447 
   294  2:neutral 3:positive   +   0.153,0.31,*0.538 
   295  2:neutral  2:neutral       0.122,*0.845,0.033 
   296  2:neutral  2:neutral       0.079,*0.601,0.32 
   297  2:neutral 3:positive   +   0.134,0.25,*0.615 
   298  2:neutral  2:neutral       0.112,*0.729,0.159 
   299  2:neutral  2:neutral       0.278,*0.557,0.165 
   300  2:neutral  2:neutral       0.033,*0.907,0.06 
   301  2:neutral  2:neutral       0.019,*0.727,0.254 
   302  2:neutral  2:neutral       0.07,*0.733,0.197 
   303  2:neutral 3:positive   +   0.096,0.258,*0.646 
   304  2:neutral 3:positive   +   0.115,0.429,*0.455 
   305  2:neutral  2:neutral       0.029,*0.695,0.276 
   306  2:neutral  2:neutral       0.101,*0.491,0.408 
   307  2:neutral  2:neutral       0.147,*0.71,0.143 
   308  2:neutral  2:neutral       0.108,*0.874,0.018 
   309  2:neutral 3:positive   +   0.028,0.138,*0.833 
   310  2:neutral  2:neutral       0.05,*0.929,0.02 
   311  2:neutral  2:neutral       0.227,*0.406,0.367 
   312  2:neutral  2:neutral       0.091,*0.591,0.317 
   313  2:neutral  2:neutral       0.124,*0.723,0.153 
   314  2:neutral  2:neutral       0.042,*0.783,0.175 
   315  2:neutral 3:positive   +   0.042,0.473,*0.485 
   316  2:neutral 3:positive   +   0.024,0.181,*0.795 
   317  2:neutral  2:neutral       0.098,*0.649,0.253 
   318  2:neutral  2:neutral       0.096,*0.655,0.249 
   319  2:neutral 3:positive   +   0.105,0.373,*0.522 
   320  2:neutral  2:neutral       0.134,*0.747,0.12 
   321  2:neutral  2:neutral       0.108,*0.738,0.154 
   322  2:neutral  2:neutral       0.045,*0.832,0.123 
   323  2:neutral 3:positive   +   0.107,0.417,*0.476 
   324  2:neutral  2:neutral       0.106,*0.703,0.191 
   325  2:neutral 3:positive   +   0.069,0.418,*0.513 
   326  2:neutral  2:neutral       0.101,*0.617,0.281 
   327  2:neutral 1:negative   +   *0.534,0.247,0.22 
   328  2:neutral 1:negative   +   *0.634,0.23,0.136 
   329  2:neutral  2:neutral       0.146,*0.73,0.124 
   330  2:neutral  2:neutral       0.026,*0.934,0.04 
   331  2:neutral  2:neutral       0.097,*0.733,0.17 
   332  2:neutral  2:neutral       0.108,*0.622,0.27 
   333  2:neutral  2:neutral       0.019,*0.862,0.118 
   334  2:neutral 1:negative   +   *0.49,0.258,0.251 
   335  2:neutral  2:neutral       0.036,*0.532,0.433 
   336  2:neutral  2:neutral       0.118,*0.46,0.423 
   337  2:neutral  2:neutral       0.069,*0.855,0.075 
   338  2:neutral  2:neutral       0.112,*0.657,0.231 
   339  2:neutral  2:neutral       0.034,*0.798,0.167 
   340  2:neutral  2:neutral       0.305,*0.44,0.254 
   341  2:neutral  2:neutral       0.076,*0.647,0.277 
   342  2:neutral 3:positive   +   0.06,0.114,*0.826 
   343  2:neutral  2:neutral       0.075,*0.745,0.18 
   344  2:neutral 3:positive   +   0.027,0.484,*0.489 
   345  2:neutral  2:neutral       0.041,*0.729,0.23 
   346  2:neutral 3:positive   +   0.077,0.46,*0.463 
   347  2:neutral  2:neutral       0.103,*0.558,0.339 
   348  2:neutral 1:negative   +   *0.423,0.351,0.226 
   349  2:neutral  2:neutral       0.198,*0.562,0.24 
   350  2:neutral  2:neutral       0.071,*0.712,0.217 
   351  2:neutral  2:neutral       0.04,*0.635,0.325 
   352  2:neutral  2:neutral       0.053,*0.766,0.182 
   353  2:neutral  2:neutral       0.227,*0.517,0.256 
   354  2:neutral 1:negative   +   *0.845,0.05,0.105 
   355  2:neutral  2:neutral       0.084,*0.601,0.315 
   356  2:neutral 3:positive   +   0.092,0.351,*0.558 
