Zero Weights processed. Default weights will be used
..
Warning: using -h 0 may be faster
*
optimization finished, #iter = 2219
C = 323.46302747659666
obj = 155018.0722519719, rho = -0.17061504402019315
nSV = 2632, nBSV = 1743
Total nSV = 2632
..
Warning: using -h 0 may be faster
*
optimization finished, #iter = 2202
C = 307.8060965312567
obj = 148041.72047282706, rho = 0.3994702559332212
nSV = 2601, nBSV = 1747
Total nSV = 2601
..
Warning: using -h 0 may be faster
*
optimization finished, #iter = 2261
C = 332.35776299230406
obj = 163424.69426013497, rho = -4.137998787857973
nSV = 2639, nBSV = 1723
Total nSV = 2639
..
Warning: using -h 0 may be faster
*
optimization finished, #iter = 2341
C = 326.6475198462398
obj = 156292.5653417568, rho = 3.7322583675873426
nSV = 2634, nBSV = 1740
Total nSV = 2634
..
Warning: using -h 0 may be faster
*
optimization finished, #iter = 2244
C = 316.15327962369514
obj = 148704.11427431632, rho = 2.928766539651554
nSV = 2615, nBSV = 1748
Total nSV = 2615
.
Warning: using -h 0 may be faster
.
Warning: using -h 0 may be faster
*
optimization finished, #iter = 2858
C = 302.644972004947
obj = 171894.6813824137, rho = -0.695043308728835
nSV = 3207, nBSV = 2214
.
Warning: using -h 0 may be faster
....
Warning: using -h 0 may be faster
*
optimization finished, #iter = 5420
C = 1275.4521385422347
obj = 1154182.1006890857, rho = 33.30814758642586
nSV = 4737, nBSV = 2258
Total nSV = 4737
.
Warning: using -h 0 may be faster
....
Warning: using -h 0 may be faster
*
optimization finished, #iter = 5582
C = 1259.4585643695855
obj = 1139752.4957074784, rho = -83.04230412421174
nSV = 4739, nBSV = 2254
Total nSV = 4739
.
Warning: using -h 0 may be faster
....
Warning: using -h 0 may be faster
*
optimization finished, #iter = 5241
C = 1280.6307381720605
obj = 1171919.688524947, rho = -87.74981104932657
nSV = 4715, nBSV = 2285
Total nSV = 4715
.
Warning: using -h 0 may be faster
....
Warning: using -h 0 may be faster
*
optimization finished, #iter = 5384
C = 1277.3234006376726
obj = 1164366.6522797926, rho = -74.87503613555886
nSV = 4706, nBSV = 2257
Total nSV = 4706
.
Warning: using -h 0 may be faster
....
Warning: using -h 0 may be faster
*
optimization finished, #iter = 5463
C = 1260.638208269863
obj = 1151446.2941222764, rho = -63.5097572205099
nSV = 4716, nBSV = 2239
Total nSV = 4716
.
Warning: using -h 0 may be faster
.....
Warning: using -h 0 may be faster
*
optimization finished, #iter = 6271
C = 1299.7734365393524
obj = 1374904.432072247, rho = 19.839886954130648
nSV = 5738, nBSV = 2983
..
Warning: using -h 0 may be faster
*
optimization finished, #iter = 2376
C = 255.18518271774164
obj = 119805.01167640131, rho = -13.852031509919403
nSV = 2976, nBSV = 2069
Total nSV = 2976
.
Warning: using -h 0 may be faster
.
Warning: using -h 0 may be faster
*
optimization finished, #iter = 2349
C = 227.8349549639491
obj = 103478.45100091596, rho = -20.82378193483609
nSV = 2974, nBSV = 2064
Total nSV = 2974
.
Warning: using -h 0 may be faster
.
Warning: using -h 0 may be faster
*
optimization finished, #iter = 2379
C = 275.0666540236677
obj = 131114.18850570935, rho = -16.19519714263964
nSV = 3002, nBSV = 2051
Total nSV = 3002
.
Warning: using -h 0 may be faster
.
Warning: using -h 0 may be faster
*
optimization finished, #iter = 2517
C = 272.02747604618116
obj = 129899.48611910123, rho = -22.398623643935863
nSV = 3017, nBSV = 2056
Total nSV = 3017
.
Warning: using -h 0 may be faster
.
Warning: using -h 0 may be faster
*
optimization finished, #iter = 2471
C = 249.0420360540726
obj = 113482.48446010685, rho = -19.902724993443623
nSV = 3016, nBSV = 2071
Total nSV = 3016
.
Warning: using -h 0 may be faster
.
Warning: using -h 0 may be faster
*
optimization finished, #iter = 2884
C = 235.75062255204094
obj = 126389.40296819177, rho = 14.51237391647294
nSV = 3668, nBSV = 2638
Total nSV = 8562
.
Warning: using -h 0 may be faster
*
optimization finished, #iter = 1824
C = 346.396302755471
obj = 145837.95947826543, rho = 0.45523370115192174
nSV = 2139, nBSV = 1340
Total nSV = 2139
.
Warning: using -h 0 may be faster
*
optimization finished, #iter = 1847
C = 338.3648059148826
obj = 139508.02183679305, rho = -6.226810773865516
nSV = 2170, nBSV = 1360
Total nSV = 2170
.
Warning: using -h 0 may be faster
*
optimization finished, #iter = 1854
C = 316.59817119204126
obj = 128080.62893415175, rho = 3.7612027944585824
nSV = 2121, nBSV = 1364
Total nSV = 2121
.
Warning: using -h 0 may be faster
*
optimization finished, #iter = 1886
C = 338.55383636350643
obj = 140613.0044634655, rho = 3.2371240554839513
nSV = 2144, nBSV = 1357
Total nSV = 2144
..
Warning: using -h 0 may be faster
*
optimization finished, #iter = 2020
C = 373.05240356230075
obj = 159681.33106309088, rho = 4.634092434632473
nSV = 2157, nBSV = 1330
Total nSV = 2157
..
Warning: using -h 0 may be faster
*
optimization finished, #iter = 2314
C = 320.6100737992113
obj = 155230.71043792393, rho = -1.7972933134853226
nSV = 2604, nBSV = 1736
.
Warning: using -h 0 may be faster
...
Warning: using -h 0 may be faster
*
optimization finished, #iter = 4323
C = 1152.2786895105205
obj = 898248.1334487912, rho = -74.03913934123041
nSV = 3868, nBSV = 1764
Total nSV = 3868
....
Warning: using -h 0 may be faster
*
optimization finished, #iter = 4079
C = 1198.1649343596978
obj = 921741.6212140333, rho = 25.07691750272044
nSV = 3842, nBSV = 1766
Total nSV = 3842
....
Warning: using -h 0 may be faster
*
optimization finished, #iter = 4384
C = 1208.053707557489
obj = 929677.5653667958, rho = 12.2855201503645
nSV = 3881, nBSV = 1740
Total nSV = 3881
....
Warning: using -h 0 may be faster
*
optimization finished, #iter = 4456
C = 1208.2566959448015
obj = 925964.8844532565, rho = 27.259081860535613
nSV = 3905, nBSV = 1702
Total nSV = 3905
.
Warning: using -h 0 may be faster
...
Warning: using -h 0 may be faster
*
optimization finished, #iter = 4301
C = 1158.7596814071646
obj = 907133.2784023716, rho = 37.20386014821952
nSV = 3855, nBSV = 1734
Total nSV = 3855
.
Warning: using -h 0 may be faster
....
Warning: using -h 0 may be faster
*
optimization finished, #iter = 5186
C = 1247.4998831117207
obj = 1143589.5515690106, rho = 32.22889215928577
nSV = 4676, nBSV = 2292
..*
optimization finished, #iter = 2086
C = 294.7622547543513
obj = 123286.56472345626, rho = 15.274205729402054
nSV = 2470, nBSV = 1602
Total nSV = 2470
.
Warning: using -h 0 may be faster
*
optimization finished, #iter = 1946
C = 271.3567525968343
obj = 112463.68621974118, rho = -23.355938266484806
nSV = 2431, nBSV = 1633
Total nSV = 2431
.
Warning: using -h 0 may be faster
*
optimization finished, #iter = 1923
C = 240.46828758640038
obj = 92094.0777447962, rho = -21.51397828454369
nSV = 2420, nBSV = 1638
Total nSV = 2420
..
Warning: using -h 0 may be faster
*
optimization finished, #iter = 2046
C = 274.4792413780008
obj = 110263.83723417198, rho = -15.034804832671117
nSV = 2436, nBSV = 1620
Total nSV = 2436
.
Warning: using -h 0 may be faster
*
optimization finished, #iter = 1871
C = 266.33454743893697
obj = 107175.94897130762, rho = -19.601029539732004
nSV = 2424, nBSV = 1638
Total nSV = 2424
..
Warning: using -h 0 may be faster
*
optimization finished, #iter = 2328
C = 251.21006366364279
obj = 118194.02035491161, rho = 15.146220677783267
nSV = 2988, nBSV = 2072
Total nSV = 6953
.
Warning: using -h 0 may be faster
*
optimization finished, #iter = 1855
C = 327.81526363665876
obj = 135902.62805561384, rho = -9.883436774639355
nSV = 2130, nBSV = 1357
Total nSV = 2130
.
Warning: using -h 0 may be faster
*
optimization finished, #iter = 1852
C = 351.4527211130991
obj = 146987.61046462652, rho = 3.3120164989585352
nSV = 2137, nBSV = 1352
Total nSV = 2137
.
Warning: using -h 0 may be faster
*
optimization finished, #iter = 1974
C = 332.53792300005887
obj = 134176.88879837608, rho = -3.0507440838027486
nSV = 2123, nBSV = 1351
Total nSV = 2123
.
Warning: using -h 0 may be faster
*
optimization finished, #iter = 1919
C = 343.9308340679776
obj = 140855.16380290996, rho = -2.8938977647418724
nSV = 2150, nBSV = 1348
Total nSV = 2150
.
Warning: using -h 0 may be faster
*
optimization finished, #iter = 1914
C = 342.9111512715728
obj = 142560.4771725385, rho = 7.083287237204673
nSV = 2165, nBSV = 1339
Total nSV = 2165
..
Warning: using -h 0 may be faster
*
optimization finished, #iter = 2320
C = 318.12415080796296
obj = 152338.59176806535, rho = 3.8977900809045845
nSV = 2627, nBSV = 1739
....
Warning: using -h 0 may be faster
*
optimization finished, #iter = 4434
C = 1112.7941721927527
obj = 836619.031141642, rho = 31.959518979082844
nSV = 3851, nBSV = 1769
Total nSV = 3851
....
Warning: using -h 0 may be faster
*
optimization finished, #iter = 4218
C = 1192.8345033947614
obj = 927661.329096182, rho = -70.65472042542649
nSV = 3862, nBSV = 1756
Total nSV = 3862
....
Warning: using -h 0 may be faster
*
optimization finished, #iter = 4162
C = 1252.4086368744963
obj = 971181.8394248531, rho = -58.36593911074179
nSV = 3863, nBSV = 1775
Total nSV = 3863
....
Warning: using -h 0 may be faster
*
optimization finished, #iter = 4158
C = 1181.9976173213763
obj = 917814.5606567082, rho = -69.34638359838793
nSV = 3854, nBSV = 1731
Total nSV = 3854
.
Warning: using -h 0 may be faster
...
Warning: using -h 0 may be faster
*
optimization finished, #iter = 4173
C = 1173.5424957395492
obj = 926408.6962462614, rho = -58.2022362432482
nSV = 3866, nBSV = 1738
Total nSV = 3866
.
Warning: using -h 0 may be faster
....
Warning: using -h 0 may be faster
*
optimization finished, #iter = 5153
C = 1224.2523679884698
obj = 1095984.3301284865, rho = 15.58022667668956
nSV = 4687, nBSV = 2281
.
Warning: using -h 0 may be faster
*
optimization finished, #iter = 1850
C = 254.85096086309852
obj = 101606.53734281358, rho = -18.174806630158685
nSV = 2448, nBSV = 1618
Total nSV = 2448
..
Warning: using -h 0 may be faster
*
optimization finished, #iter = 2055
C = 279.4126024454862
obj = 116287.25576639897, rho = -29.83815106864262
nSV = 2464, nBSV = 1590
Total nSV = 2464
..
Warning: using -h 0 may be faster
*
optimization finished, #iter = 2010
C = 267.89948732328605
obj = 106009.52025835568, rho = -22.25443681453268
nSV = 2442, nBSV = 1596
Total nSV = 2442
.
Warning: using -h 0 may be faster
*
optimization finished, #iter = 1945
C = 287.79667283743214
obj = 116357.35130588515, rho = -13.50360842573217
nSV = 2462, nBSV = 1623
Total nSV = 2462
.
Warning: using -h 0 may be faster
*
optimization finished, #iter = 1906
C = 257.3829964650002
obj = 100991.17089309845, rho = -24.387529695954235
nSV = 2425, nBSV = 1622
Total nSV = 2425
..
Warning: using -h 0 may be faster
*
optimization finished, #iter = 2250
C = 249.01381296996507
obj = 114788.0754254733, rho = 17.849580644785274
nSV = 2971, nBSV = 2091
Total nSV = 6913
.
Warning: using -h 0 may be faster
...
Warning: using -h 0 may be faster
*
optimization finished, #iter = 4224
C = 1302.4828267572284
obj = 1049819.1408210343, rho = 39.801641216078984
nSV = 3890, nBSV = 1735
Total nSV = 3890
....
Warning: using -h 0 may be faster
*
optimization finished, #iter = 4408
C = 1205.828589993944
obj = 934602.6889635237, rho = -70.30000074915868
nSV = 3878, nBSV = 1713
Total nSV = 3878
.
Warning: using -h 0 may be faster
...
Warning: using -h 0 may be faster
*
optimization finished, #iter = 4236
C = 1277.6169752299954
obj = 1022475.7608529748, rho = -78.5336882758038
nSV = 3870, nBSV = 1715
Total nSV = 3870
.
Warning: using -h 0 may be faster
...
Warning: using -h 0 may be faster
*
optimization finished, #iter = 4171
C = 1271.40537895868
obj = 1032195.6446348445, rho = -74.42402179518909
nSV = 3867, nBSV = 1717
Total nSV = 3867
....
Warning: using -h 0 may be faster
*
optimization finished, #iter = 4246
C = 1263.1889449253945
obj = 1013672.1081272574, rho = -74.2559635633028
nSV = 3872, nBSV = 1718
Total nSV = 3872
.
Warning: using -h 0 may be faster
....
Warning: using -h 0 may be faster
*
optimization finished, #iter = 5321
C = 1319.5001269929653
obj = 1233858.0406231245, rho = -89.9061869289693
nSV = 4726, nBSV = 2250
..
Warning: using -h 0 may be faster
*
optimization finished, #iter = 2092
C = 301.92458156237933
obj = 124006.13678764968, rho = -22.983429878786467
nSV = 2493, nBSV = 1601
Total nSV = 2493
..
Warning: using -h 0 may be faster
*
optimization finished, #iter = 2090
C = 298.53726983879295
obj = 124377.4726195071, rho = -21.700854862105302
nSV = 2475, nBSV = 1586
Total nSV = 2475
..
Warning: using -h 0 may be faster
*
optimization finished, #iter = 2189
C = 345.60646644351414
obj = 155521.6838951578, rho = -22.90499964308769
nSV = 2519, nBSV = 1549
Total nSV = 2519
..
Warning: using -h 0 may be faster
*
optimization finished, #iter = 2107
C = 293.9343864275071
obj = 122789.21863238327, rho = -25.598699957044108
nSV = 2471, nBSV = 1582
Total nSV = 2471
..
Warning: using -h 0 may be faster
*
optimization finished, #iter = 2059
C = 311.82403389706855
obj = 132539.99916875333, rho = -18.170734940971617
nSV = 2486, nBSV = 1580
Total nSV = 2486
..
Warning: using -h 0 may be faster
*
optimization finished, #iter = 2444
C = 291.23849155059764
obj = 142327.46802156573, rho = -23.828612804232282
nSV = 3041, nBSV = 2032
.
Warning: using -h 0 may be faster
*
optimization finished, #iter = 1916
C = 335.78889225057804
obj = 139270.08395225197, rho = -1.404667548569448
nSV = 2152, nBSV = 1338
Total nSV = 2152
.
Warning: using -h 0 may be faster
*
optimization finished, #iter = 1942
C = 323.98484876758005
obj = 134371.42050989706, rho = -8.088592218180032
nSV = 2132, nBSV = 1349
Total nSV = 2132
.
Warning: using -h 0 may be faster
*
optimization finished, #iter = 1961
C = 367.78572040856614
obj = 157643.88807627145, rho = -9.623088484466125
nSV = 2181, nBSV = 1316
Total nSV = 2181
..
Warning: using -h 0 may be faster
*
optimization finished, #iter = 2008
C = 357.96772680720943
obj = 151214.55262791674, rho = -1.2340865740783333
nSV = 2162, nBSV = 1308
Total nSV = 2162
.
Warning: using -h 0 may be faster
*
optimization finished, #iter = 1920
C = 348.6503989683924
obj = 149062.07278120166, rho = 0.8801411010943615
nSV = 2166, nBSV = 1328
Total nSV = 2166
..
Warning: using -h 0 may be faster
*
optimization finished, #iter = 2359
C = 321.682066255146
obj = 156837.02253724742, rho = -3.0497345028958343
nSV = 2653, nBSV = 1719
Total nSV = 6990
.
Warning: using -h 0 may be faster
*
optimization finished, #iter = 1922
C = 358.0164715568912
obj = 151490.2147549143, rho = 0.12553608659171164
nSV = 2168, nBSV = 1326
Total nSV = 2168
.
Warning: using -h 0 may be faster
*
optimization finished, #iter = 1882
C = 366.86967958466744
obj = 155539.03534476558, rho = 6.5678480652754105
nSV = 2157, nBSV = 1347
Total nSV = 2157
.
Warning: using -h 0 may be faster
*
optimization finished, #iter = 1876
C = 374.46892631498554
obj = 159146.19181187646, rho = 3.5696059222435292
nSV = 2184, nBSV = 1331
Total nSV = 2184
.
Warning: using -h 0 may be faster
*
optimization finished, #iter = 1928
C = 386.14745302413854
obj = 165357.0650051168, rho = -0.734536714840608
nSV = 2178, nBSV = 1320
Total nSV = 2178
.
Warning: using -h 0 may be faster
*
optimization finished, #iter = 1832
C = 358.5006506406953
obj = 154012.0370464758, rho = 2.833875289611174
nSV = 2152, nBSV = 1341
Total nSV = 2152
..
Warning: using -h 0 may be faster
*
optimization finished, #iter = 2321
C = 345.9942432528569
obj = 171054.76870940733, rho = -11.842849496545364
nSV = 2616, nBSV = 1733
.
Warning: using -h 0 may be faster
*
optimization finished, #iter = 1929
C = 288.22972892257417
obj = 116676.27995898626, rho = 6.761073134196158
nSV = 2455, nBSV = 1591
Total nSV = 2455
.
Warning: using -h 0 may be faster
*
optimization finished, #iter = 1932
C = 298.7159076437789
obj = 125147.64017378603, rho = -18.580214835789146
nSV = 2455, nBSV = 1592
Total nSV = 2455
.
Warning: using -h 0 may be faster
*
optimization finished, #iter = 1928
C = 266.6000851754501
obj = 105134.00424469898, rho = -16.251559429103295
nSV = 2416, nBSV = 1615
Total nSV = 2416
.
Warning: using -h 0 may be faster
*
optimization finished, #iter = 1889
C = 252.67032271261655
obj = 100439.92515799146, rho = -13.529335083954043
nSV = 2431, nBSV = 1623
Total nSV = 2431
.
Warning: using -h 0 may be faster
*
optimization finished, #iter = 1927
C = 250.06075633362315
obj = 95470.81034337223, rho = -13.166478716484594
nSV = 2433, nBSV = 1632
Total nSV = 2433
..
Warning: using -h 0 may be faster
*
optimization finished, #iter = 2351
C = 254.54470863790462
obj = 118200.74376979732, rho = 12.086837282783653
nSV = 2994, nBSV = 2074
....
Warning: using -h 0 may be faster
*
optimization finished, #iter = 4190
C = 1119.832038239519
obj = 851120.4577042788, rho = -0.9392956964839606
nSV = 3874, nBSV = 1764
Total nSV = 3874
....
Warning: using -h 0 may be faster
*
optimization finished, #iter = 4261
C = 1213.0369164316467
obj = 970285.6655782195, rho = -65.80373283538273
nSV = 3853, nBSV = 1772
Total nSV = 3853
.
Warning: using -h 0 may be faster
...
Warning: using -h 0 may be faster
*
optimization finished, #iter = 4209
C = 1161.3329928197963
obj = 903065.489648512, rho = -78.02621250609997
nSV = 3846, nBSV = 1786
Total nSV = 3846
.
Warning: using -h 0 may be faster
...
Warning: using -h 0 may be faster
*
optimization finished, #iter = 4360
C = 1233.081329202047
obj = 971651.4401164263, rho = -89.54622737764107
nSV = 3910, nBSV = 1730
Total nSV = 3910
.
Warning: using -h 0 may be faster
...
Warning: using -h 0 may be faster
*
optimization finished, #iter = 4268
C = 1191.7060740656048
obj = 917639.5656319829, rho = -59.003783999085584
nSV = 3864, nBSV = 1750
Total nSV = 3864
.
Warning: using -h 0 may be faster
....
Warning: using -h 0 may be faster
*
optimization finished, #iter = 5499
C = 1224.6955912788642
obj = 1108003.0877959991, rho = 24.974197876146615
nSV = 4706, nBSV = 2275
Total nSV = 6952
.
Warning: using -h 0 may be faster
*
optimization finished, #iter = 1824
C = 227.09136878691277
obj = 84744.03720451807, rho = 10.257746170929247
nSV = 2390, nBSV = 1652
Total nSV = 2390
.
Warning: using -h 0 may be faster
*
optimization finished, #iter = 1836
C = 234.452000629991
obj = 87561.5089558622, rho = -10.21978859163759
nSV = 2421, nBSV = 1625
Total nSV = 2421
.
Warning: using -h 0 may be faster
*
optimization finished, #iter = 1899
C = 252.88902203859573
obj = 97683.44888260427, rho = -13.126382968085702
nSV = 2400, nBSV = 1626
Total nSV = 2400
.
Warning: using -h 0 may be faster
*
optimization finished, #iter = 1922
C = 252.25388228161938
obj = 98069.17674660328, rho = -15.119608710117877
nSV = 2430, nBSV = 1661
Total nSV = 2430
.
Warning: using -h 0 may be faster
*
optimization finished, #iter = 1924
C = 255.82927694810957
obj = 101419.51279105907, rho = -8.078537874450667
nSV = 2416, nBSV = 1630
Total nSV = 2416
..
Warning: using -h 0 may be faster
*
optimization finished, #iter = 2310
C = 223.60930227704046
obj = 97919.96709105639, rho = 8.111489112291185
nSV = 2961, nBSV = 2097
.
Warning: using -h 0 may be faster
*
optimization finished, #iter = 1773
C = 321.039906908756
obj = 131292.12181892095, rho = -4.0137968204829395
nSV = 2111, nBSV = 1374
Total nSV = 2111
.
Warning: using -h 0 may be faster
*
optimization finished, #iter = 1820
C = 319.9620595306048
obj = 126345.104860754, rho = 1.1182249962751498
nSV = 2123, nBSV = 1372
Total nSV = 2123
.
Warning: using -h 0 may be faster
*
optimization finished, #iter = 1823
C = 329.5271018483597
obj = 134557.62609171087, rho = -1.8478359060202996
nSV = 2121, nBSV = 1374
Total nSV = 2121
.
Warning: using -h 0 may be faster
*
optimization finished, #iter = 1875
C = 349.4152270466083
obj = 147091.04477219214, rho = -4.175319409413251
nSV = 2145, nBSV = 1337
Total nSV = 2145
.
Warning: using -h 0 may be faster
*
optimization finished, #iter = 1901
C = 374.01976970169994
obj = 158753.79583026204, rho = -7.533697188121958
nSV = 2161, nBSV = 1334
Total nSV = 2161
..
Warning: using -h 0 may be faster
*
optimization finished, #iter = 2224
C = 318.50592631620344
obj = 152821.3273101362, rho = -3.8431817107006454
nSV = 2621, nBSV = 1758
....
Warning: using -h 0 may be faster
*
optimization finished, #iter = 4470
C = 1214.5955191701573
obj = 921387.758537169, rho = -61.65180013350589
nSV = 3892, nBSV = 1776
Total nSV = 3892
....
Warning: using -h 0 may be faster
*
optimization finished, #iter = 4204
C = 1241.0525171537004
obj = 982672.3622568739, rho = 8.414083695124253
nSV = 3851, nBSV = 1731
Total nSV = 3851
....
Warning: using -h 0 may be faster
*
optimization finished, #iter = 4344
C = 1247.4878737614213
obj = 991877.6841451345, rho = 2.041618067664811
nSV = 3883, nBSV = 1714
Total nSV = 3883
....
Warning: using -h 0 may be faster
*
optimization finished, #iter = 4321
C = 1301.309450834483
obj = 1045984.4734899928, rho = 21.377567851667298
nSV = 3859, nBSV = 1732
Total nSV = 3859
....
Warning: using -h 0 may be faster
*
optimization finished, #iter = 4274
C = 1231.8278466009508
obj = 986124.9057396901, rho = 6.681512401611524
nSV = 3886, nBSV = 1749
Total nSV = 3886
.
Warning: using -h 0 may be faster
....
Warning: using -h 0 may be faster
*
optimization finished, #iter = 5304
C = 1308.3385595471723
obj = 1218558.7018886292, rho = -71.88307276789007
nSV = 4727, nBSV = 2238
Total nSV = 6953


=== Predictions under cross-validation ===

 inst#     actual  predicted error distribution
     1  2:neutral  2:neutral       0.222,*0.588,0.19 
     2  2:neutral  2:neutral       0.023,*0.859,0.118 
     3  2:neutral 3:positive   +   0.066,0.238,*0.696 
     4  2:neutral  2:neutral       0.089,*0.528,0.384 
     5  2:neutral  2:neutral       0.043,*0.687,0.27 
     6  2:neutral 1:negative   +   *0.631,0.326,0.043 
     7  2:neutral  2:neutral       0.038,*0.711,0.251 
     8  2:neutral  2:neutral       0.055,*0.863,0.082 
     9  2:neutral  2:neutral       0.09,*0.615,0.294 
    10  2:neutral 1:negative   +   *0.715,0.15,0.135 
    11  2:neutral 3:positive   +   0.036,0.276,*0.688 
    12  2:neutral  2:neutral       0.046,*0.719,0.235 
    13  2:neutral  2:neutral       0.052,*0.789,0.159 
    14  2:neutral  2:neutral       0.023,*0.725,0.252 
    15  2:neutral  2:neutral       0.332,*0.484,0.185 
    16  2:neutral  2:neutral       0.015,*0.687,0.298 
    17  2:neutral 3:positive   +   0.323,0.318,*0.358 
    18  2:neutral  2:neutral       0.301,*0.362,0.337 
    19  2:neutral  2:neutral       0.108,*0.751,0.141 
    20  2:neutral  2:neutral       0.038,*0.902,0.06 
    21  2:neutral 1:negative   +   *0.426,0.33,0.244 
    22  2:neutral 3:positive   +   0.096,0.365,*0.539 
    23  2:neutral  2:neutral       0.064,*0.701,0.236 
    24  2:neutral  2:neutral       0.046,*0.65,0.304 
    25  2:neutral  2:neutral       0.083,*0.659,0.258 
    26  2:neutral 3:positive   +   0.247,0.361,*0.392 
    27  2:neutral  2:neutral       0.021,*0.75,0.229 
    28  2:neutral 1:negative   +   *0.699,0.224,0.077 
    29  2:neutral  2:neutral       0.014,*0.566,0.42 
    30  2:neutral 3:positive   +   0.029,0.405,*0.566 
    31  2:neutral  2:neutral       0.338,*0.541,0.121 
    32  2:neutral 1:negative   +   *0.955,0.034,0.011 
    33  2:neutral  2:neutral       0.022,*0.811,0.168 
    34  2:neutral  2:neutral       0.058,*0.74,0.203 
    35  2:neutral  2:neutral       0.148,*0.767,0.085 
    36  2:neutral  2:neutral       0.011,*0.911,0.078 
    37  2:neutral  2:neutral       0.185,*0.669,0.146 
    38  2:neutral  2:neutral       0.109,*0.738,0.153 
    39  2:neutral  2:neutral       0.039,*0.808,0.154 
    40  2:neutral  2:neutral       0.035,*0.517,0.448 
    41  2:neutral  2:neutral       0.082,*0.678,0.241 
    42  2:neutral  2:neutral       0.026,*0.77,0.204 
    43  2:neutral 3:positive   +   0.135,0.11,*0.755 
    44  2:neutral  2:neutral       0.093,*0.58,0.327 
    45  2:neutral  2:neutral       0.027,*0.914,0.059 
    46  2:neutral  2:neutral       0.009,*0.86,0.131 
    47  2:neutral  2:neutral       0.052,*0.638,0.31 
    48  2:neutral 3:positive   +   0.024,0.145,*0.83 
    49  2:neutral  2:neutral       0.06,*0.818,0.122 
    50  2:neutral  2:neutral       0.049,*0.797,0.154 
    51  2:neutral  2:neutral       0.088,*0.818,0.094 
    52  2:neutral  2:neutral       0.244,*0.567,0.189 
    53  2:neutral  2:neutral       0.295,*0.481,0.224 
    54  2:neutral  2:neutral       0.052,*0.586,0.362 
    55  2:neutral  2:neutral       0.064,*0.58,0.356 
    56  2:neutral  2:neutral       0.078,*0.836,0.086 
    57  2:neutral  2:neutral       0.088,*0.676,0.236 
    58  2:neutral  2:neutral       0.063,*0.565,0.372 
    59  2:neutral  2:neutral       0.088,*0.62,0.292 
    60  2:neutral  2:neutral       0.157,*0.558,0.284 
    61  2:neutral  2:neutral       0.164,*0.726,0.109 
    62  2:neutral  2:neutral       0.051,*0.651,0.298 
    63  2:neutral  2:neutral       0.013,*0.79,0.197 
    64  2:neutral  2:neutral       0.155,*0.652,0.193 
    65  2:neutral  2:neutral       0.167,*0.728,0.105 
    66  2:neutral 3:positive   +   0.044,0.202,*0.755 
    67  2:neutral  2:neutral       0.034,*0.721,0.245 
    68  2:neutral  2:neutral       0.197,*0.482,0.321 
    69  2:neutral 3:positive   +   0.032,0.265,*0.703 
    70  2:neutral 3:positive   +   0.056,0.382,*0.562 
    71  2:neutral  2:neutral       0.14,*0.717,0.144 
    72  2:neutral 3:positive   +   0.037,0.22,*0.744 
    73  2:neutral 3:positive   +   0.175,0.33,*0.495 
    74  2:neutral  2:neutral       0.097,*0.455,0.447 
    75  2:neutral  2:neutral       0.043,*0.772,0.186 
    76  2:neutral  2:neutral       0.127,*0.547,0.325 
    77  2:neutral 3:positive   +   0.119,0.418,*0.463 
    78  2:neutral  2:neutral       0.085,*0.596,0.319 
    79  2:neutral  2:neutral       0.217,*0.68,0.102 
    80  2:neutral  2:neutral       0.041,*0.915,0.044 
    81  2:neutral 3:positive   +   0.315,0.245,*0.44 
    82  2:neutral  2:neutral       0.119,*0.828,0.053 
    83  2:neutral 3:positive   +   0.392,0.091,*0.517 
    84  2:neutral 3:positive   +   0.024,0.106,*0.87 
    85  2:neutral  2:neutral       0.34,*0.492,0.169 
    86  2:neutral  2:neutral       0.044,*0.825,0.132 
    87  2:neutral  2:neutral       0.013,*0.541,0.446 
    88  2:neutral  2:neutral       0.029,*0.541,0.431 
    89  2:neutral 1:negative   +   *0.431,0.335,0.234 
    90  2:neutral  2:neutral       0.055,*0.841,0.103 
    91  2:neutral  2:neutral       0.054,*0.714,0.232 
    92  2:neutral  2:neutral       0.118,*0.701,0.182 
    93  2:neutral  2:neutral       0.071,*0.7,0.23 
    94  2:neutral 3:positive   +   0.068,0.358,*0.574 
    95  2:neutral  2:neutral       0.077,*0.554,0.369 
    96  2:neutral  2:neutral       0.131,*0.718,0.151 
    97  2:neutral  2:neutral       0.038,*0.842,0.12 
    98  2:neutral 3:positive   +   0.056,0.248,*0.696 
    99  2:neutral  2:neutral       0.044,*0.833,0.123 
   100  2:neutral  2:neutral       0.125,*0.682,0.193 
   101  2:neutral  2:neutral       0.312,*0.566,0.123 
   102  2:neutral 3:positive   +   0.09,0.337,*0.573 
   103  2:neutral  2:neutral       0.044,*0.701,0.255 
   104  2:neutral  2:neutral       0.185,*0.451,0.364 
   105  2:neutral  2:neutral       0.071,*0.692,0.238 
   106  2:neutral 3:positive   +   0.13,0.187,*0.683 
   107  2:neutral  2:neutral       0.075,*0.676,0.249 
   108  2:neutral  2:neutral       0.035,*0.903,0.062 
   109  2:neutral  2:neutral       0.015,*0.718,0.267 
   110  2:neutral  2:neutral       0.054,*0.881,0.065 
   111  2:neutral  2:neutral       0.076,*0.499,0.424 
   112  2:neutral  2:neutral       0.008,*0.836,0.157 
   113  2:neutral 3:positive   +   0.04,0.477,*0.483 
   114  2:neutral 3:positive   +   0.167,0.291,*0.541 
   115  2:neutral  2:neutral       0.044,*0.649,0.306 
   116  2:neutral  2:neutral       0.16,*0.743,0.097 
   117  2:neutral  2:neutral       0.013,*0.969,0.018 
   118  2:neutral  2:neutral       0.065,*0.725,0.211 
   119  2:neutral  2:neutral       0.026,*0.738,0.235 
   120  2:neutral 3:positive   +   0.057,0.271,*0.671 
   121  2:neutral  2:neutral       0.059,*0.537,0.404 
   122  2:neutral 3:positive   +   0.13,0.187,*0.683 
   123  2:neutral  2:neutral       0.044,*0.891,0.066 
   124  2:neutral  2:neutral       0.086,*0.756,0.158 
   125  2:neutral  2:neutral       0.321,*0.53,0.149 
   126  2:neutral 3:positive   +   0.054,0.369,*0.577 
   127  2:neutral  2:neutral       0.017,*0.892,0.091 
   128  2:neutral 3:positive   +   0.025,0.454,*0.521 
   129  2:neutral  2:neutral       0.101,*0.683,0.216 
   130  2:neutral  2:neutral       0.04,*0.636,0.324 
   131  2:neutral  2:neutral       0.285,*0.366,0.349 
   132  2:neutral  2:neutral       0.056,*0.71,0.233 
   133  2:neutral  2:neutral       0.039,*0.854,0.107 
   134  2:neutral  2:neutral       0.029,*0.811,0.16 
   135  2:neutral  2:neutral       0.022,*0.721,0.257 
   136  2:neutral  2:neutral       0.012,*0.752,0.236 
   137  2:neutral  2:neutral       0.079,*0.627,0.294 
   138  2:neutral 3:positive   +   0.056,0.324,*0.62 
   139  2:neutral  2:neutral       0.11,*0.626,0.264 
   140  2:neutral  2:neutral       0.26,*0.489,0.251 
   141  2:neutral  2:neutral       0.025,*0.697,0.278 
   142  2:neutral  2:neutral       0.116,*0.747,0.137 
   143  2:neutral  2:neutral       0.207,*0.45,0.344 
   144  2:neutral  2:neutral       0.111,*0.692,0.198 
   145  2:neutral  2:neutral       0.343,*0.371,0.287 
   146  2:neutral  2:neutral       0.107,*0.779,0.115 
   147  2:neutral  2:neutral       0.03,*0.747,0.223 
   148  2:neutral  2:neutral       0.072,*0.731,0.197 
   149  2:neutral 3:positive   +   0.165,0.28,*0.555 
   150  2:neutral  2:neutral       0.063,*0.796,0.141 
   151  2:neutral  2:neutral       0.065,*0.792,0.142 
   152  2:neutral  2:neutral       0.03,*0.91,0.06 
   153  2:neutral  2:neutral       0.016,*0.866,0.118 
   154  2:neutral  2:neutral       0.206,*0.65,0.144 
   155  2:neutral 3:positive   +   0.154,0.356,*0.49 
   156  2:neutral 3:positive   +   0.058,0.355,*0.587 
   157  2:neutral  2:neutral       0.049,*0.66,0.291 
   158  2:neutral  2:neutral       0.031,*0.796,0.173 
   159  2:neutral  2:neutral       0.124,*0.792,0.084 
   160  2:neutral  2:neutral       0.022,*0.676,0.302 
   161  2:neutral  2:neutral       0.123,*0.632,0.245 
   162  2:neutral  2:neutral       0.018,*0.856,0.126 
   163  2:neutral  2:neutral       0.025,*0.654,0.321 
   164  2:neutral  2:neutral       0.364,*0.435,0.2 
   165  2:neutral  2:neutral       0.089,*0.694,0.217 
   166  2:neutral  2:neutral       0.063,*0.726,0.211 
   167  2:neutral 3:positive   +   0.038,0.397,*0.565 
   168  2:neutral  2:neutral       0.031,*0.729,0.241 
   169  2:neutral  2:neutral       0.088,*0.659,0.253 
   170  2:neutral  2:neutral       0.124,*0.789,0.088 
   171  2:neutral  2:neutral       0.061,*0.574,0.366 
   172  2:neutral  2:neutral       0.268,*0.388,0.344 
   173  2:neutral 1:negative   +   *0.779,0.183,0.038 
   174  2:neutral  2:neutral       0.087,*0.567,0.345 
   175  2:neutral  2:neutral       0.055,*0.64,0.305 
   176  2:neutral  2:neutral       0.158,*0.449,0.394 
   177  2:neutral  2:neutral       0.082,*0.839,0.079 
   178  2:neutral  2:neutral       0.207,*0.617,0.177 
   179  2:neutral  2:neutral       0.079,*0.619,0.302 
   180  2:neutral  2:neutral       0.043,*0.767,0.191 
   181  2:neutral  2:neutral       0.057,*0.823,0.12 
   182  2:neutral 1:negative   +   *0.595,0.309,0.097 
   183  2:neutral  2:neutral       0.082,*0.732,0.186 
   184  2:neutral 3:positive   +   0.1,0.297,*0.603 
   185  2:neutral  2:neutral       0.097,*0.62,0.282 
   186  2:neutral  2:neutral       0.011,*0.879,0.11 
   187  2:neutral  2:neutral       0.067,*0.581,0.352 
   188  2:neutral 3:positive   +   0.166,0.371,*0.463 
   189  2:neutral  2:neutral       0.3,*0.583,0.116 
   190  2:neutral  2:neutral       0.323,*0.589,0.088 
   191  2:neutral  2:neutral       0.131,*0.769,0.1 
   192  2:neutral  2:neutral       0.054,*0.783,0.162 
   193  2:neutral  2:neutral       0.009,*0.713,0.279 
   194  2:neutral  2:neutral       0.068,*0.707,0.225 
   195  2:neutral 3:positive   +   0.038,0.415,*0.547 
   196  2:neutral  2:neutral       0.2,*0.566,0.234 
   197  2:neutral  2:neutral       0.044,*0.595,0.36 
   198  2:neutral  2:neutral       0.346,*0.453,0.201 
   199  2:neutral 3:positive   +   0.071,0.242,*0.687 
   200  2:neutral  2:neutral       0.029,*0.755,0.216 
   201  2:neutral  2:neutral       0.094,*0.702,0.204 
   202  2:neutral  2:neutral       0.136,*0.629,0.235 
   203  2:neutral 3:positive   +   0.043,0.442,*0.515 
   204  2:neutral  2:neutral       0.015,*0.948,0.037 
   205  2:neutral  2:neutral       0.015,*0.582,0.403 
   206  2:neutral  2:neutral       0.112,*0.67,0.218 
   207  2:neutral 3:positive   +   0.027,0.399,*0.574 
   208  2:neutral  2:neutral       0.018,*0.873,0.109 
   209  2:neutral  2:neutral       0.022,*0.9,0.078 
   210  2:neutral 1:negative   +   *0.371,0.259,0.37 
   211  2:neutral  2:neutral       0.019,*0.7,0.281 
   212  2:neutral  2:neutral       0.039,*0.837,0.124 
   213  2:neutral  2:neutral       0.073,*0.566,0.361 
   214  2:neutral  2:neutral       0.047,*0.638,0.315 
   215  2:neutral  2:neutral       0.231,*0.651,0.118 
   216  2:neutral  2:neutral       0.058,*0.658,0.284 
   217  2:neutral  2:neutral       0.047,*0.865,0.089 
   218  2:neutral  2:neutral       0.326,*0.421,0.253 
   219  2:neutral  2:neutral       0.14,*0.484,0.376 
   220  2:neutral  2:neutral       0.084,*0.669,0.247 
   221  2:neutral 1:negative   +   *0.631,0.224,0.144 
   222  2:neutral 3:positive   +   0.087,0.378,*0.535 
   223  2:neutral  2:neutral       0.024,*0.553,0.424 
   224  2:neutral  2:neutral       0.069,*0.832,0.099 
   225  2:neutral  2:neutral       0.026,*0.861,0.113 
   226  2:neutral  2:neutral       0.05,*0.792,0.158 
   227  2:neutral  2:neutral       0.031,*0.811,0.158 
   228  2:neutral 3:positive   +   0.054,0.271,*0.675 
   229  2:neutral  2:neutral       0.015,*0.637,0.348 
   230  2:neutral 1:negative   +   *0.402,0.336,0.262 
   231  2:neutral  2:neutral       0.068,*0.743,0.188 
   232  2:neutral  2:neutral       0.285,*0.518,0.196 
   233  2:neutral  2:neutral       0.181,*0.528,0.291 
   234  2:neutral  2:neutral       0.045,*0.639,0.316 
   235  2:neutral  2:neutral       0.392,*0.5,0.108 
   236  2:neutral 3:positive   +   0.064,0.353,*0.583 
   237  2:neutral 3:positive   +   0.059,0.389,*0.552 
   238  2:neutral  2:neutral       0.239,*0.641,0.12 
   239  2:neutral  2:neutral       0.115,*0.623,0.262 
   240  2:neutral  2:neutral       0.087,*0.76,0.153 
   241  2:neutral 1:negative   +   *0.411,0.288,0.301 
   242  2:neutral  2:neutral       0.041,*0.617,0.342 
   243  2:neutral 3:positive   +   0.02,0.348,*0.633 
   244  2:neutral  2:neutral       0.029,*0.841,0.131 
   245  2:neutral  2:neutral       0.093,*0.766,0.141 
   246  2:neutral 3:positive   +   0.017,0.405,*0.578 
   247  2:neutral  2:neutral       0.01,*0.949,0.041 
   248  2:neutral  2:neutral       0.067,*0.514,0.419 
   249  2:neutral  2:neutral       0.12,*0.524,0.356 
   250  2:neutral  2:neutral       0.027,*0.798,0.175 
   251  2:neutral  2:neutral       0.063,*0.587,0.35 
   252  2:neutral 3:positive   +   0.018,0.275,*0.707 
   253  2:neutral  2:neutral       0.087,*0.535,0.378 
   254  2:neutral  2:neutral       0.089,*0.731,0.18 
   255  2:neutral  2:neutral       0.045,*0.839,0.116 
   256  2:neutral  2:neutral       0.082,*0.61,0.308 
   257  2:neutral  2:neutral       0.075,*0.676,0.249 
   258  2:neutral  2:neutral       0.068,*0.874,0.058 
   259  2:neutral  2:neutral       0.119,*0.565,0.316 
   260  2:neutral  2:neutral       0.169,*0.759,0.072 
   261  2:neutral 3:positive   +   0.028,0.386,*0.586 
   262  2:neutral  2:neutral       0.045,*0.817,0.138 
   263  2:neutral  2:neutral       0.067,*0.609,0.324 
   264  2:neutral  2:neutral       0.031,*0.911,0.058 
   265  2:neutral  2:neutral       0.081,*0.651,0.268 
   266  2:neutral  2:neutral       0.029,*0.826,0.145 
   267  2:neutral 3:positive   +   0.122,0.34,*0.538 
   268  2:neutral  2:neutral       0.22,*0.69,0.089 
   269  2:neutral  2:neutral       0.21,*0.512,0.277 
   270  2:neutral  2:neutral       0.106,*0.46,0.434 
   271  2:neutral  2:neutral       0.284,*0.438,0.277 
   272  2:neutral  2:neutral       0.076,*0.567,0.357 
   273  2:neutral  2:neutral       0.212,*0.648,0.14 
   274  2:neutral  2:neutral       0.08,*0.502,0.417 
   275  2:neutral 1:negative   +   *0.578,0.105,0.317 
   276  2:neutral  2:neutral       0.03,*0.794,0.176 
   277  2:neutral  2:neutral       0.015,*0.498,0.487 
   278  2:neutral  2:neutral       0.03,*0.572,0.398 
   279  2:neutral 1:negative   +   *0.624,0.18,0.196 
   280  2:neutral  2:neutral       0.016,*0.647,0.337 
   281  2:neutral  2:neutral       0.044,*0.58,0.376 
   282  2:neutral  2:neutral       0.036,*0.898,0.066 
   283  2:neutral 3:positive   +   0.345,0.282,*0.372 
   284  2:neutral 3:positive   +   0.05,0.404,*0.546 
   285  2:neutral  2:neutral       0.016,*0.899,0.085 
   286  2:neutral  2:neutral       0.015,*0.61,0.375 
   287  2:neutral  2:neutral       0.038,*0.884,0.078 
   288  2:neutral  2:neutral       0.126,*0.751,0.123 
   289  2:neutral  2:neutral       0.08,*0.751,0.169 
   290  2:neutral  2:neutral       0.008,*0.603,0.389 
   291  2:neutral  2:neutral       0.141,*0.644,0.215 
   292  2:neutral 1:negative   +   *0.679,0.162,0.159 
   293  2:neutral 3:positive   +   0.081,0.381,*0.538 
   294  2:neutral  2:neutral       0.105,*0.469,0.426 
   295  2:neutral  2:neutral       0.172,*0.78,0.047 
   296  2:neutral  2:neutral       0.056,*0.71,0.233 
   297  2:neutral 3:positive   +   0.127,0.34,*0.533 
   298  2:neutral  2:neutral       0.009,*0.701,0.29 
   299  2:neutral  2:neutral       0.088,*0.678,0.234 
   300  2:neutral  2:neutral       0.164,*0.765,0.071 
   301  2:neutral  2:neutral       0.045,*0.598,0.357 
   302  2:neutral  2:neutral       0.073,*0.798,0.13 
   303  2:neutral 3:positive   +   0.05,0.229,*0.72 
   304  2:neutral  2:neutral       0.158,*0.579,0.263 
   305  2:neutral  2:neutral       0.017,*0.92,0.063 
   306  2:neutral  2:neutral       0.03,*0.659,0.311 
   307  2:neutral  2:neutral       0.102,*0.807,0.091 
   308  2:neutral  2:neutral       0.028,*0.952,0.019 
   309  2:neutral 3:positive   +   0.04,0.134,*0.825 
   310  2:neutral  2:neutral       0.13,*0.846,0.024 
   311  2:neutral  2:neutral       0.154,*0.559,0.287 
   312  2:neutral  2:neutral       0.092,*0.768,0.14 
   313  2:neutral  2:neutral       0.093,*0.547,0.359 
   314  2:neutral  2:neutral       0.184,*0.613,0.203 
   315  2:neutral  2:neutral       0.027,*0.707,0.266 
   316  2:neutral  2:neutral       0.062,*0.508,0.43 
   317  2:neutral  2:neutral       0.085,*0.803,0.111 
   318  2:neutral  2:neutral       0.073,*0.832,0.095 
   319  2:neutral  2:neutral       0.146,*0.502,0.351 
   320  2:neutral  2:neutral       0.073,*0.795,0.132 
   321  2:neutral  2:neutral       0.056,*0.81,0.134 
   322  2:neutral  2:neutral       0.066,*0.78,0.154 
   323  2:neutral  2:neutral       0.064,*0.7,0.235 
   324  2:neutral  2:neutral       0.056,*0.784,0.16 
   325  2:neutral  2:neutral       0.035,*0.814,0.152 
   326  2:neutral  2:neutral       0.053,*0.681,0.266 
   327  2:neutral 1:negative   +   *0.995,0.002,0.003 
   328  2:neutral 1:negative   +   *0.666,0.312,0.022 
   329  2:neutral 1:negative   +   *0.66,0.246,0.094 
   330  2:neutral  2:neutral       0.03,*0.893,0.077 
   331  2:neutral  2:neutral       0.059,*0.521,0.42 
   332  2:neutral  2:neutral       0.055,*0.805,0.14 
   333  2:neutral  2:neutral       0.016,*0.885,0.099 
   334  2:neutral 1:negative   +   *0.54,0.263,0.197 
   335  2:neutral 3:positive   +   0.016,0.331,*0.653 
   336  2:neutral  2:neutral       0.071,*0.59,0.34 
   337  2:neutral  2:neutral       0.068,*0.633,0.299 
   338  2:neutral 3:positive   +   0.078,0.431,*0.491 
   339  2:neutral  2:neutral       0.062,*0.813,0.125 
   340  2:neutral  2:neutral       0.309,*0.45,0.241 
   341  2:neutral  2:neutral       0.048,*0.508,0.445 
   342  2:neutral 3:positive   +   0.081,0.14,*0.78 
