Zero Weights processed. Default weights will be used
..
Warning: using -h 0 may be faster
*
optimization finished, #iter = 2081
C = 365.7913264317396
obj = 183956.22304864586, rho = -0.9867306412879253
nSV = 2616, nBSV = 1752
Total nSV = 2616
..
Warning: using -h 0 may be faster
*
optimization finished, #iter = 2067
C = 360.7093985165309
obj = 176845.36540477184, rho = -3.693082929615627
nSV = 2630, nBSV = 1741
Total nSV = 2630
..
Warning: using -h 0 may be faster
*
optimization finished, #iter = 2079
C = 386.4443447290179
obj = 200685.19025420886, rho = -15.329602237044055
nSV = 2647, nBSV = 1718
Total nSV = 2647
..
Warning: using -h 0 may be faster
*
optimization finished, #iter = 2086
C = 402.4616705417292
obj = 204788.13568078706, rho = -7.829460743451324
nSV = 2632, nBSV = 1724
Total nSV = 2632
..
Warning: using -h 0 may be faster
*
optimization finished, #iter = 2182
C = 391.6370721082678
obj = 204935.74345692166, rho = -0.7828315103350024
nSV = 2642, nBSV = 1722
Total nSV = 2642
.
Warning: using -h 0 may be faster
.
Warning: using -h 0 may be faster
*
optimization finished, #iter = 2662
C = 360.6001443121878
obj = 217357.97846257925, rho = -5.8436734175985805
nSV = 3236, nBSV = 2227
.
Warning: using -h 0 may be faster
...
Warning: using -h 0 may be faster
*
optimization finished, #iter = 4693
C = 1372.2321621537033
obj = 1353090.0638676486, rho = -94.6727163775263
nSV = 4752, nBSV = 2222
Total nSV = 4752
....
Warning: using -h 0 may be faster
*
optimization finished, #iter = 4595
C = 1326.5675973744403
obj = 1295736.680658779, rho = 23.042589676136036
nSV = 4735, nBSV = 2264
Total nSV = 4735
....
Warning: using -h 0 may be faster
*
optimization finished, #iter = 4455
C = 1317.0258733626647
obj = 1260456.162636232, rho = 22.836750935565238
nSV = 4703, nBSV = 2246
Total nSV = 4703
....
Warning: using -h 0 may be faster
*
optimization finished, #iter = 4835
C = 1401.6417563135874
obj = 1353748.525597519, rho = 28.19604081024972
nSV = 4786, nBSV = 2201
Total nSV = 4786
....
Warning: using -h 0 may be faster
*
optimization finished, #iter = 4688
C = 1331.7553201124567
obj = 1280512.4571394182, rho = 3.0888242461127655
nSV = 4757, nBSV = 2255
Total nSV = 4757
.
Warning: using -h 0 may be faster
....
Warning: using -h 0 may be faster
*
optimization finished, #iter = 5921
C = 1388.9276693512545
obj = 1569767.6420168392, rho = 21.916665949906744
nSV = 5807, nBSV = 2915
..
Warning: using -h 0 may be faster
*
optimization finished, #iter = 2250
C = 298.62303829004543
obj = 143944.33670734943, rho = -29.75372824010099
nSV = 2999, nBSV = 2089
Total nSV = 2999
..
Warning: using -h 0 may be faster
*
optimization finished, #iter = 2337
C = 356.0321831675344
obj = 185888.00928687185, rho = -21.093435128661973
nSV = 3074, nBSV = 2020
Total nSV = 3074
..
Warning: using -h 0 may be faster
*
optimization finished, #iter = 2283
C = 329.1302555923673
obj = 161301.67108775352, rho = -29.266523863110276
nSV = 3050, nBSV = 2034
Total nSV = 3050
..
Warning: using -h 0 may be faster
*
optimization finished, #iter = 2258
C = 313.19956334589637
obj = 156805.45837486206, rho = -21.803716429197124
nSV = 3025, nBSV = 2057
Total nSV = 3025
..
Warning: using -h 0 may be faster
*
optimization finished, #iter = 2139
C = 298.76349334033375
obj = 144459.26904762257, rho = -18.662343646994028
nSV = 2992, nBSV = 2075
Total nSV = 2992
.
Warning: using -h 0 may be faster
.
Warning: using -h 0 may be faster
*
optimization finished, #iter = 2625
C = 295.79129291539925
obj = 169555.89450263922, rho = 16.261351347517337
nSV = 3703, nBSV = 2630
Total nSV = 8607
.
Warning: using -h 0 may be faster
*
optimization finished, #iter = 1818
C = 420.42255866681927
obj = 184179.84915988136, rho = -7.195741776058452
nSV = 2174, nBSV = 1333
Total nSV = 2174
.
Warning: using -h 0 may be faster
*
optimization finished, #iter = 1773
C = 411.28221682898516
obj = 179346.94102484453, rho = -0.4500601538844539
nSV = 2162, nBSV = 1343
Total nSV = 2162
.
Warning: using -h 0 may be faster
*
optimization finished, #iter = 1756
C = 414.8029857112102
obj = 181976.06774494244, rho = -0.037157844813475276
nSV = 2158, nBSV = 1347
Total nSV = 2158
.
Warning: using -h 0 may be faster
*
optimization finished, #iter = 1702
C = 382.79425156890863
obj = 165120.82189830724, rho = -3.3557367211475837
nSV = 2158, nBSV = 1357
Total nSV = 2158
.
Warning: using -h 0 may be faster
*
optimization finished, #iter = 1820
C = 399.8646296506999
obj = 169794.90422177958, rho = 3.02755203676031
nSV = 2150, nBSV = 1348
Total nSV = 2150
Line search fails in two-class probability estimates
..
Warning: using -h 0 may be faster
*
optimization finished, #iter = 2171
C = 378.80243221815175
obj = 191325.37209937593, rho = -3.5096883083907566
nSV = 2663, nBSV = 1729
...
Warning: using -h 0 may be faster
*
optimization finished, #iter = 3592
C = 1317.5508659371494
obj = 1103913.4264079023, rho = 13.453022043180617
nSV = 3863, nBSV = 1736
Total nSV = 3863
...
Warning: using -h 0 may be faster
*
optimization finished, #iter = 3926
C = 1320.8706587582058
obj = 1098764.327229053, rho = 27.27338808290918
nSV = 3917, nBSV = 1718
Total nSV = 3917
...
Warning: using -h 0 may be faster
*
optimization finished, #iter = 3747
C = 1254.2131565093193
obj = 1046193.7380182236, rho = 23.481727181454286
nSV = 3867, nBSV = 1765
Total nSV = 3867
...
Warning: using -h 0 may be faster
*
optimization finished, #iter = 3850
C = 1354.0209082370409
obj = 1120575.7814543, rho = 27.016353590950683
nSV = 3921, nBSV = 1716
Total nSV = 3921
...
Warning: using -h 0 may be faster
*
optimization finished, #iter = 3471
C = 1274.5803910765753
obj = 1051331.8213235922, rho = 36.43823761282114
nSV = 3852, nBSV = 1773
Total nSV = 3852
.
Warning: using -h 0 may be faster
...
Warning: using -h 0 may be faster
*
optimization finished, #iter = 4563
C = 1330.756543973598
obj = 1301420.4787901149, rho = 35.462138362565405
nSV = 4745, nBSV = 2267
.
Warning: using -h 0 may be faster
*
optimization finished, #iter = 1798
C = 307.0610872103376
obj = 126177.26790195069, rho = -16.06622277950329
nSV = 2431, nBSV = 1618
Total nSV = 2431
.
Warning: using -h 0 may be faster
*
optimization finished, #iter = 1834
C = 320.50035743493567
obj = 136874.52198488754, rho = -22.77694118137991
nSV = 2456, nBSV = 1602
Total nSV = 2456
.
Warning: using -h 0 may be faster
*
optimization finished, #iter = 1671
C = 305.731350094989
obj = 128145.71782650526, rho = -21.01038051241598
nSV = 2420, nBSV = 1628
Total nSV = 2420
.
Warning: using -h 0 may be faster
*
optimization finished, #iter = 1857
C = 358.4277765785947
obj = 159350.80340593465, rho = -16.288616879689616
nSV = 2467, nBSV = 1591
Total nSV = 2467
.
Warning: using -h 0 may be faster
*
optimization finished, #iter = 1888
C = 375.0556177964494
obj = 165803.13248427553, rho = -31.235902978713845
nSV = 2483, nBSV = 1590
Total nSV = 2483
..
Warning: using -h 0 may be faster
*
optimization finished, #iter = 2176
C = 308.5908975402486
obj = 152429.51984162972, rho = 16.537359288678584
nSV = 3017, nBSV = 2068
Total nSV = 7012
.
Warning: using -h 0 may be faster
*
optimization finished, #iter = 1734
C = 400.9015903745716
obj = 172720.7653506644, rho = -5.6683765868046905
nSV = 2167, nBSV = 1342
Total nSV = 2167
.
Warning: using -h 0 may be faster
*
optimization finished, #iter = 1760
C = 399.73401687697617
obj = 171162.4328181778, rho = -6.598727197637503
nSV = 2169, nBSV = 1325
Total nSV = 2169
.
Warning: using -h 0 may be faster
*
optimization finished, #iter = 1821
C = 388.0525287850967
obj = 166682.07641924234, rho = 1.1126033422954698
nSV = 2160, nBSV = 1346
Total nSV = 2160
.
Warning: using -h 0 may be faster
*
optimization finished, #iter = 1699
C = 382.01612120537834
obj = 162639.67243672843, rho = -11.59810897012688
nSV = 2116, nBSV = 1355
Total nSV = 2116
.
Warning: using -h 0 may be faster
*
optimization finished, #iter = 1819
C = 468.0315060517508
obj = 211404.102172053, rho = -11.455786246655274
nSV = 2175, nBSV = 1310
Total nSV = 2175
..
Warning: using -h 0 may be faster
*
optimization finished, #iter = 2079
C = 382.095462252267
obj = 193434.64848398746, rho = -6.726657158207448
nSV = 2630, nBSV = 1747
...
Warning: using -h 0 may be faster
*
optimization finished, #iter = 3932
C = 1314.558936917901
obj = 1099433.539739104, rho = 38.37459682127589
nSV = 3884, nBSV = 1714
Total nSV = 3884
...
Warning: using -h 0 may be faster
*
optimization finished, #iter = 3812
C = 1326.9630867616183
obj = 1118046.8435506502, rho = -57.656863146089954
nSV = 3920, nBSV = 1696
Total nSV = 3920
...
Warning: using -h 0 may be faster
*
optimization finished, #iter = 3839
C = 1266.118375729138
obj = 1042095.2800286596, rho = -71.09389926113283
nSV = 3894, nBSV = 1711
Total nSV = 3894
...
Warning: using -h 0 may be faster
*
optimization finished, #iter = 3712
C = 1301.3582845539177
obj = 1083439.8614461694, rho = -64.81968059363763
nSV = 3900, nBSV = 1712
Total nSV = 3900
...
Warning: using -h 0 may be faster
*
optimization finished, #iter = 3646
C = 1278.6053256601833
obj = 1066997.2081297764, rho = -75.62822698182164
nSV = 3865, nBSV = 1732
Total nSV = 3865
.
Warning: using -h 0 may be faster
...
Warning: using -h 0 may be faster
*
optimization finished, #iter = 4583
C = 1309.7408858097392
obj = 1258675.641063068, rho = 7.64061088157062
nSV = 4738, nBSV = 2263
.
Warning: using -h 0 may be faster
*
optimization finished, #iter = 1858
C = 341.47043129668725
obj = 145353.38078112062, rho = -21.59653477553302
nSV = 2481, nBSV = 1587
Total nSV = 2481
.
Warning: using -h 0 may be faster
*
optimization finished, #iter = 1850
C = 327.51091374233994
obj = 139070.01369266916, rho = -23.87772421967776
nSV = 2450, nBSV = 1602
Total nSV = 2450
.
Warning: using -h 0 may be faster
*
optimization finished, #iter = 1865
C = 330.77119047535876
obj = 139236.94336805353, rho = -27.286706219964415
nSV = 2476, nBSV = 1589
Total nSV = 2476
.
Warning: using -h 0 may be faster
*
optimization finished, #iter = 1847
C = 343.1019797280165
obj = 147563.11193897322, rho = -30.004437634406543
nSV = 2456, nBSV = 1613
Total nSV = 2456
.
Warning: using -h 0 may be faster
*
optimization finished, #iter = 1944
C = 349.5573976079449
obj = 149972.9033754913, rho = -27.57365549445466
nSV = 2467, nBSV = 1597
Total nSV = 2467
..
Warning: using -h 0 may be faster
*
optimization finished, #iter = 2147
C = 310.5788825469047
obj = 151124.45990771247, rho = 21.00104967196254
nSV = 2999, nBSV = 2058
Total nSV = 7006
...
Warning: using -h 0 may be faster
*
optimization finished, #iter = 3813
C = 1362.4613504870135
obj = 1159984.0045781082, rho = 11.63315790584041
nSV = 3888, nBSV = 1702
Total nSV = 3888
...
Warning: using -h 0 may be faster
*
optimization finished, #iter = 3911
C = 1373.6831011755319
obj = 1152267.6816983486, rho = 14.28565798173461
nSV = 3916, nBSV = 1690
Total nSV = 3916
...
Warning: using -h 0 may be faster
*
optimization finished, #iter = 3765
C = 1407.014596579395
obj = 1187997.4853759063, rho = 37.63640390153139
nSV = 3909, nBSV = 1717
Total nSV = 3909
...
Warning: using -h 0 may be faster
*
optimization finished, #iter = 3613
C = 1383.6473024868326
obj = 1174059.8560620684, rho = 39.08836147548578
nSV = 3864, nBSV = 1702
Total nSV = 3864
...
Warning: using -h 0 may be faster
*
optimization finished, #iter = 3788
C = 1380.9567338225252
obj = 1151391.7176143082, rho = 20.368640486583676
nSV = 3904, nBSV = 1696
Total nSV = 3904
.
Warning: using -h 0 may be faster
...
Warning: using -h 0 may be faster
*
optimization finished, #iter = 4664
C = 1407.824154896775
obj = 1395074.926965145, rho = -96.99562537216364
nSV = 4760, nBSV = 2233
.
Warning: using -h 0 may be faster
*
optimization finished, #iter = 1807
C = 343.20045459423574
obj = 150859.05870063129, rho = 12.725134527116024
nSV = 2470, nBSV = 1606
Total nSV = 2470
.
Warning: using -h 0 may be faster
*
optimization finished, #iter = 1833
C = 368.2461739186761
obj = 160923.32858152644, rho = -19.837443505329755
nSV = 2483, nBSV = 1561
Total nSV = 2483
.
Warning: using -h 0 may be faster
*
optimization finished, #iter = 1939
C = 375.26063736652833
obj = 164978.27861162848, rho = -29.18913986532917
nSV = 2494, nBSV = 1559
Total nSV = 2494
..
Warning: using -h 0 may be faster
*
optimization finished, #iter = 2086
C = 393.61872759094973
obj = 175746.778828985, rho = -26.939225715768004
nSV = 2530, nBSV = 1535
Total nSV = 2530
..
Warning: using -h 0 may be faster
*
optimization finished, #iter = 2010
C = 447.3450550332333
obj = 209503.17488243847, rho = -32.512198742064264
nSV = 2554, nBSV = 1513
Total nSV = 2554
..
Warning: using -h 0 may be faster
*
optimization finished, #iter = 2315
C = 366.9005865030192
obj = 192471.7226779926, rho = -27.69261168809335
nSV = 3064, nBSV = 1996
.
Warning: using -h 0 may be faster
*
optimization finished, #iter = 1697
C = 407.68109264450646
obj = 176578.31910315872, rho = -16.037597227227202
nSV = 2154, nBSV = 1335
Total nSV = 2154
.
Warning: using -h 0 may be faster
*
optimization finished, #iter = 1871
C = 421.45991223892264
obj = 184206.546082149, rho = -13.526230044962888
nSV = 2170, nBSV = 1339
Total nSV = 2170
.
Warning: using -h 0 may be faster
*
optimization finished, #iter = 1820
C = 425.43029964563385
obj = 190661.60399049084, rho = -4.28185625885865
nSV = 2176, nBSV = 1313
Total nSV = 2176
.
Warning: using -h 0 may be faster
*
optimization finished, #iter = 1747
C = 421.5653219484626
obj = 187916.08530734567, rho = -2.393011262767077
nSV = 2151, nBSV = 1356
Total nSV = 2151
.
Warning: using -h 0 may be faster
*
optimization finished, #iter = 1768
C = 420.7454163053449
obj = 183316.08955961064, rho = 0.11483762270913501
nSV = 2152, nBSV = 1323
Total nSV = 2152
..
Warning: using -h 0 may be faster
*
optimization finished, #iter = 2156
C = 390.27868877465386
obj = 199933.68813270298, rho = -7.210661354462979
nSV = 2636, nBSV = 1712
Total nSV = 7032
.
Warning: using -h 0 may be faster
*
optimization finished, #iter = 1813
C = 418.4264913817857
obj = 185136.82462483307, rho = -7.893502500602913
nSV = 2173, nBSV = 1303
Total nSV = 2173
.
Warning: using -h 0 may be faster
*
optimization finished, #iter = 1632
C = 432.5983650370761
obj = 193739.12415048594, rho = -10.435214054543392
nSV = 2143, nBSV = 1348
Total nSV = 2143
.
Warning: using -h 0 may be faster
*
optimization finished, #iter = 1695
C = 397.68950463544434
obj = 168121.64724682993, rho = -12.44981979090245
nSV = 2128, nBSV = 1349
Total nSV = 2128
.
Warning: using -h 0 may be faster
*
optimization finished, #iter = 1820
C = 468.4352227162391
obj = 216797.37242470923, rho = -10.201912393727135
nSV = 2189, nBSV = 1308
Total nSV = 2189
.
Warning: using -h 0 may be faster
*
optimization finished, #iter = 1801
C = 436.7839078071687
obj = 197210.03570406127, rho = -8.472750694544342
nSV = 2189, nBSV = 1310
Total nSV = 2189
..
Warning: using -h 0 may be faster
*
optimization finished, #iter = 2294
C = 404.1514193885478
obj = 210355.78813457946, rho = -10.165835248123496
nSV = 2661, nBSV = 1689
.
Warning: using -h 0 may be faster
*
optimization finished, #iter = 1806
C = 340.50674995995064
obj = 145873.07325785077, rho = -12.600928972205997
nSV = 2451, nBSV = 1604
Total nSV = 2451
.
Warning: using -h 0 may be faster
*
optimization finished, #iter = 1754
C = 314.93455182271816
obj = 132636.49190190414, rho = -13.203286822024294
nSV = 2420, nBSV = 1609
Total nSV = 2420
..
Warning: using -h 0 may be faster
*
optimization finished, #iter = 2002
C = 351.2675422020853
obj = 150308.30173992988, rho = -20.67135286808844
nSV = 2482, nBSV = 1576
Total nSV = 2482
.
Warning: using -h 0 may be faster
*
optimization finished, #iter = 1871
C = 316.244069087467
obj = 129391.13309640883, rho = -14.820450900197208
nSV = 2457, nBSV = 1583
Total nSV = 2457
.
Warning: using -h 0 may be faster
*
optimization finished, #iter = 1872
C = 370.35145910036357
obj = 166799.64443296, rho = -22.403484116660454
nSV = 2492, nBSV = 1570
Total nSV = 2492
..
Warning: using -h 0 may be faster
*
optimization finished, #iter = 2219
C = 315.0474705202357
obj = 155462.5982242484, rho = 9.419997509337588
nSV = 3015, nBSV = 2046
...
Warning: using -h 0 may be faster
*
optimization finished, #iter = 3797
C = 1296.849946877515
obj = 1082023.1667319904, rho = 16.066040336217238
nSV = 3866, nBSV = 1741
Total nSV = 3866
...
Warning: using -h 0 may be faster
*
optimization finished, #iter = 3540
C = 1307.1770364747072
obj = 1087855.9093509235, rho = -77.98112843554092
nSV = 3862, nBSV = 1743
Total nSV = 3862
...
Warning: using -h 0 may be faster
*
optimization finished, #iter = 3730
C = 1254.558666890808
obj = 1037071.0354604311, rho = -68.81649742319297
nSV = 3855, nBSV = 1742
Total nSV = 3855
...
Warning: using -h 0 may be faster
*
optimization finished, #iter = 3710
C = 1355.1083349304026
obj = 1145070.7274429447, rho = -67.41778775362434
nSV = 3887, nBSV = 1750
Total nSV = 3887
...
Warning: using -h 0 may be faster
*
optimization finished, #iter = 3890
C = 1235.4804606885332
obj = 1016600.6897504975, rho = -79.32946452873524
nSV = 3893, nBSV = 1742
Total nSV = 3893
.
Warning: using -h 0 may be faster
...
Warning: using -h 0 may be faster
*
optimization finished, #iter = 4662
C = 1313.3684038626118
obj = 1278940.8649521684, rho = 15.439582092743748
nSV = 4701, nBSV = 2266
Total nSV = 6966
.
Warning: using -h 0 may be faster
*
optimization finished, #iter = 1723
C = 306.82124852613276
obj = 125299.90228290642, rho = -15.713556579358954
nSV = 2422, nBSV = 1632
Total nSV = 2422
.
Warning: using -h 0 may be faster
*
optimization finished, #iter = 1751
C = 295.0085690015395
obj = 119870.254224209, rho = -12.469224000695434
nSV = 2401, nBSV = 1623
Total nSV = 2401
.
Warning: using -h 0 may be faster
*
optimization finished, #iter = 1810
C = 306.58268786208026
obj = 125948.7921959469, rho = -14.235465438194845
nSV = 2435, nBSV = 1605
Total nSV = 2435
.
Warning: using -h 0 may be faster
*
optimization finished, #iter = 1760
C = 314.4806966950633
obj = 128275.16020538709, rho = -15.239286812222572
nSV = 2420, nBSV = 1648
Total nSV = 2420
.
Warning: using -h 0 may be faster
*
optimization finished, #iter = 1830
C = 309.03078032710715
obj = 126420.54712352924, rho = -19.471066370600177
nSV = 2419, nBSV = 1617
Total nSV = 2419
..
Warning: using -h 0 may be faster
*
optimization finished, #iter = 2117
C = 282.02842011488764
obj = 132587.45399589787, rho = 10.476958199661931
nSV = 2964, nBSV = 2078
.
Warning: using -h 0 may be faster
*
optimization finished, #iter = 1789
C = 438.37872983754744
obj = 197847.0141998681, rho = -1.60415959224007
nSV = 2159, nBSV = 1320
Total nSV = 2159
.
Warning: using -h 0 may be faster
*
optimization finished, #iter = 1693
C = 402.1883639464587
obj = 176265.6879216719, rho = -6.973054401354011
nSV = 2139, nBSV = 1349
Total nSV = 2139
.
Warning: using -h 0 may be faster
*
optimization finished, #iter = 1766
C = 397.1167545132152
obj = 174755.96115607032, rho = -11.910482057137802
nSV = 2133, nBSV = 1343
Total nSV = 2133
.
Warning: using -h 0 may be faster
*
optimization finished, #iter = 1746
C = 387.38539520309126
obj = 166319.52709891912, rho = -2.2316010323387956
nSV = 2137, nBSV = 1358
Total nSV = 2137
.
Warning: using -h 0 may be faster
*
optimization finished, #iter = 1709
C = 386.2727010170304
obj = 163005.03742585605, rho = -9.514610177278135
nSV = 2153, nBSV = 1353
Total nSV = 2153
..
Warning: using -h 0 may be faster
*
optimization finished, #iter = 2110
C = 369.8487503744014
obj = 185943.01345293043, rho = 0.77467821505222
nSV = 2638, nBSV = 1724
...
Warning: using -h 0 may be faster
*
optimization finished, #iter = 3697
C = 1396.3405542485234
obj = 1176142.4193139882, rho = -82.39906574373107
nSV = 3898, nBSV = 1713
Total nSV = 3898
...
Warning: using -h 0 may be faster
*
optimization finished, #iter = 3870
C = 1321.4778954690544
obj = 1108607.0080589468, rho = 21.887211696428327
nSV = 3895, nBSV = 1705
Total nSV = 3895
...
Warning: using -h 0 may be faster
*
optimization finished, #iter = 3730
C = 1282.6543601835253
obj = 1049475.4888859312, rho = 5.8406756523726155
nSV = 3868, nBSV = 1748
Total nSV = 3868
...
Warning: using -h 0 may be faster
*
optimization finished, #iter = 3933
C = 1350.7114206412107
obj = 1124022.5164126046, rho = 1.1480576673197245
nSV = 3894, nBSV = 1704
Total nSV = 3894
...
Warning: using -h 0 may be faster
*
optimization finished, #iter = 3574
C = 1387.405663097838
obj = 1178330.53006648, rho = -4.6634716796042595
nSV = 3854, nBSV = 1764
Total nSV = 3854
....
Warning: using -h 0 may be faster
*
optimization finished, #iter = 4718
C = 1412.449221258473
obj = 1390835.225208224, rho = -83.25857524406425
nSV = 4768, nBSV = 2223
Total nSV = 6994


=== Predictions under cross-validation ===

 inst#     actual  predicted error distribution
     1  2:neutral  2:neutral       0.165,*0.572,0.263 
     2  2:neutral  2:neutral       0.016,*0.876,0.107 
     3  2:neutral 3:positive   +   0.046,0.198,*0.756 
     4  2:neutral  2:neutral       0.067,*0.666,0.266 
     5  2:neutral  2:neutral       0.068,*0.72,0.212 
     6  2:neutral 1:negative   +   *0.525,0.434,0.042 
     7  2:neutral 3:positive   +   0.061,0.363,*0.576 
     8  2:neutral  2:neutral       0.065,*0.802,0.133 
     9  2:neutral  2:neutral       0.089,*0.585,0.326 
    10  2:neutral 1:negative   +   *0.742,0.169,0.088 
    11  2:neutral 3:positive   +   0.051,0.268,*0.681 
    12  2:neutral  2:neutral       0.042,*0.803,0.155 
    13  2:neutral  2:neutral       0.051,*0.804,0.144 
    14  2:neutral  2:neutral       0.02,*0.628,0.352 
    15  2:neutral  2:neutral       0.337,*0.48,0.182 
    16  2:neutral  2:neutral       0.015,*0.594,0.391 
    17  2:neutral 3:positive   +   0.326,0.302,*0.372 
    18  2:neutral  2:neutral       0.223,*0.424,0.353 
    19  2:neutral  2:neutral       0.105,*0.704,0.192 
    20  2:neutral  2:neutral       0.043,*0.871,0.086 
    21  2:neutral 1:negative   +   *0.52,0.247,0.233 
    22  2:neutral  2:neutral       0.099,*0.574,0.327 
    23  2:neutral  2:neutral       0.063,*0.699,0.238 
    24  2:neutral  2:neutral       0.057,*0.799,0.144 
    25  2:neutral  2:neutral       0.072,*0.62,0.307 
    26  2:neutral 3:positive   +   0.191,0.264,*0.545 
    27  2:neutral  2:neutral       0.019,*0.909,0.072 
    28  2:neutral 1:negative   +   *0.719,0.226,0.055 
    29  2:neutral  2:neutral       0.014,*0.554,0.431 
    30  2:neutral 3:positive   +   0.041,0.36,*0.599 
    31  2:neutral  2:neutral       0.455,*0.485,0.06 
    32  2:neutral 1:negative   +   *0.953,0.038,0.009 
    33  2:neutral  2:neutral       0.021,*0.828,0.151 
    34  2:neutral  2:neutral       0.051,*0.791,0.158 
    35  2:neutral  2:neutral       0.128,*0.811,0.061 
    36  2:neutral  2:neutral       0.016,*0.803,0.181 
    37  2:neutral  2:neutral       0.21,*0.601,0.19 
    38  2:neutral  2:neutral       0.094,*0.707,0.198 
    39  2:neutral  2:neutral       0.028,*0.826,0.147 
    40  2:neutral  2:neutral       0.038,*0.573,0.389 
    41  2:neutral  2:neutral       0.07,*0.756,0.174 
    42  2:neutral  2:neutral       0.033,*0.774,0.192 
    43  2:neutral 3:positive   +   0.109,0.088,*0.803 
    44  2:neutral  2:neutral       0.076,*0.597,0.327 
    45  2:neutral  2:neutral       0.034,*0.866,0.099 
    46  2:neutral  2:neutral       0.013,*0.718,0.269 
    47  2:neutral  2:neutral       0.077,*0.642,0.281 
    48  2:neutral 3:positive   +   0.05,0.255,*0.695 
    49  2:neutral  2:neutral       0.056,*0.847,0.097 
    50  2:neutral  2:neutral       0.041,*0.826,0.133 
    51  2:neutral  2:neutral       0.111,*0.786,0.102 
    52  2:neutral  2:neutral       0.276,*0.446,0.278 
    53  2:neutral  2:neutral       0.315,*0.399,0.286 
    54  2:neutral  2:neutral       0.069,*0.544,0.387 
    55  2:neutral  2:neutral       0.044,*0.791,0.165 
    56  2:neutral  2:neutral       0.06,*0.894,0.046 
    57  2:neutral  2:neutral       0.13,*0.614,0.256 
    58  2:neutral  2:neutral       0.062,*0.565,0.373 
    59  2:neutral  2:neutral       0.087,*0.576,0.337 
    60  2:neutral  2:neutral       0.15,*0.499,0.351 
    61  2:neutral  2:neutral       0.151,*0.688,0.161 
    62  2:neutral  2:neutral       0.065,*0.66,0.274 
    63  2:neutral  2:neutral       0.02,*0.699,0.281 
    64  2:neutral 3:positive   +   0.132,0.413,*0.455 
    65  2:neutral  2:neutral       0.164,*0.711,0.126 
    66  2:neutral 3:positive   +   0.029,0.281,*0.69 
    67  2:neutral 3:positive   +   0.037,0.426,*0.538 
    68  2:neutral  2:neutral       0.233,*0.455,0.312 
    69  2:neutral 3:positive   +   0.037,0.339,*0.625 
    70  2:neutral 3:positive   +   0.054,0.377,*0.57 
    71  2:neutral  2:neutral       0.114,*0.762,0.123 
    72  2:neutral 3:positive   +   0.039,0.109,*0.852 
    73  2:neutral 3:positive   +   0.179,0.395,*0.426 
    74  2:neutral 3:positive   +   0.096,0.378,*0.526 
    75  2:neutral  2:neutral       0.049,*0.748,0.203 
    76  2:neutral  2:neutral       0.126,*0.585,0.288 
    77  2:neutral  2:neutral       0.127,*0.545,0.328 
    78  2:neutral  2:neutral       0.06,*0.712,0.228 
    79  2:neutral  2:neutral       0.228,*0.654,0.119 
    80  2:neutral  2:neutral       0.055,*0.836,0.109 
    81  2:neutral 1:negative   +   *0.35,0.301,0.349 
    82  2:neutral  2:neutral       0.131,*0.816,0.054 
    83  2:neutral 3:positive   +   0.422,0.112,*0.467 
    84  2:neutral 3:positive   +   0.025,0.174,*0.801 
    85  2:neutral  2:neutral       0.32,*0.47,0.21 
    86  2:neutral  2:neutral       0.065,*0.819,0.115 
    87  2:neutral  2:neutral       0.013,*0.6,0.387 
    88  2:neutral  2:neutral       0.034,*0.548,0.419 
    89  2:neutral 1:negative   +   *0.452,0.35,0.198 
    90  2:neutral  2:neutral       0.04,*0.865,0.095 
    91  2:neutral  2:neutral       0.086,*0.586,0.328 
    92  2:neutral  2:neutral       0.125,*0.651,0.224 
    93  2:neutral  2:neutral       0.076,*0.627,0.298 
    94  2:neutral  2:neutral       0.059,*0.565,0.376 
    95  2:neutral  2:neutral       0.079,*0.525,0.395 
    96  2:neutral  2:neutral       0.164,*0.674,0.162 
    97  2:neutral  2:neutral       0.062,*0.681,0.257 
    98  2:neutral 3:positive   +   0.067,0.395,*0.538 
    99  2:neutral  2:neutral       0.04,*0.807,0.153 
   100  2:neutral  2:neutral       0.113,*0.691,0.196 
   101  2:neutral 1:negative   +   *0.348,0.337,0.315 
   102  2:neutral 3:positive   +   0.043,0.239,*0.718 
   103  2:neutral  2:neutral       0.042,*0.769,0.189 
   104  2:neutral  2:neutral       0.198,*0.519,0.283 
   105  2:neutral  2:neutral       0.074,*0.668,0.258 
   106  2:neutral 3:positive   +   0.121,0.163,*0.715 
   107  2:neutral  2:neutral       0.074,*0.665,0.261 
   108  2:neutral  2:neutral       0.04,*0.837,0.123 
   109  2:neutral  2:neutral       0.015,*0.81,0.175 
   110  2:neutral  2:neutral       0.11,*0.671,0.219 
   111  2:neutral  2:neutral       0.069,*0.559,0.372 
   112  2:neutral  2:neutral       0.011,*0.822,0.168 
   113  2:neutral  2:neutral       0.037,*0.627,0.336 
   114  2:neutral 3:positive   +   0.171,0.298,*0.531 
   115  2:neutral  2:neutral       0.046,*0.643,0.311 
   116  2:neutral  2:neutral       0.261,*0.61,0.13 
   117  2:neutral  2:neutral       0.02,*0.941,0.04 
   118  2:neutral 3:positive   +   0.13,0.417,*0.454 
   119  2:neutral  2:neutral       0.028,*0.807,0.165 
   120  2:neutral 3:positive   +   0.064,0.223,*0.713 
   121  2:neutral  2:neutral       0.054,*0.504,0.442 
   122  2:neutral 3:positive   +   0.153,0.161,*0.686 
   123  2:neutral  2:neutral       0.067,*0.872,0.061 
   124  2:neutral  2:neutral       0.102,*0.775,0.123 
   125  2:neutral  2:neutral       0.242,*0.648,0.11 
   126  2:neutral  2:neutral       0.062,*0.643,0.295 
   127  2:neutral  2:neutral       0.031,*0.774,0.194 
   128  2:neutral 3:positive   +   0.023,0.327,*0.65 
   129  2:neutral  2:neutral       0.171,*0.608,0.221 
   130  2:neutral  2:neutral       0.046,*0.761,0.193 
   131  2:neutral  2:neutral       0.31,*0.35,0.34 
   132  2:neutral  2:neutral       0.056,*0.705,0.239 
   133  2:neutral  2:neutral       0.066,*0.794,0.14 
   134  2:neutral  2:neutral       0.057,*0.727,0.216 
   135  2:neutral  2:neutral       0.022,*0.748,0.23 
   136  2:neutral  2:neutral       0.011,*0.798,0.191 
   137  2:neutral  2:neutral       0.046,*0.76,0.194 
   138  2:neutral 3:positive   +   0.038,0.416,*0.545 
   139  2:neutral  2:neutral       0.124,*0.524,0.352 
   140  2:neutral  2:neutral       0.239,*0.627,0.134 
   141  2:neutral  2:neutral       0.029,*0.665,0.306 
   142  2:neutral  2:neutral       0.087,*0.777,0.136 
   143  2:neutral  2:neutral       0.175,*0.426,0.399 
   144  2:neutral  2:neutral       0.094,*0.712,0.194 
   145  2:neutral 1:negative   +   *0.383,0.306,0.311 
   146  2:neutral  2:neutral       0.162,*0.708,0.13 
   147  2:neutral  2:neutral       0.033,*0.752,0.215 
   148  2:neutral  2:neutral       0.058,*0.832,0.11 
   149  2:neutral 3:positive   +   0.177,0.262,*0.56 
   150  2:neutral  2:neutral       0.059,*0.781,0.161 
   151  2:neutral  2:neutral       0.079,*0.748,0.173 
   152  2:neutral  2:neutral       0.041,*0.882,0.077 
   153  2:neutral  2:neutral       0.027,*0.802,0.171 
   154  2:neutral  2:neutral       0.212,*0.632,0.155 
   155  2:neutral 3:positive   +   0.072,0.323,*0.605 
   156  2:neutral 3:positive   +   0.048,0.339,*0.612 
   157  2:neutral  2:neutral       0.043,*0.703,0.254 
   158  2:neutral  2:neutral       0.031,*0.799,0.17 
   159  2:neutral  2:neutral       0.153,*0.786,0.061 
   160  2:neutral  2:neutral       0.01,*0.652,0.337 
   161  2:neutral  2:neutral       0.182,*0.514,0.304 
   162  2:neutral  2:neutral       0.028,*0.813,0.159 
   163  2:neutral  2:neutral       0.022,*0.565,0.413 
   164  2:neutral 1:negative   +   *0.397,0.397,0.206 
   165  2:neutral  2:neutral       0.096,*0.786,0.118 
   166  2:neutral  2:neutral       0.072,*0.688,0.239 
   167  2:neutral  2:neutral       0.054,*0.691,0.256 
   168  2:neutral  2:neutral       0.029,*0.751,0.22 
   169  2:neutral  2:neutral       0.1,*0.57,0.329 
   170  2:neutral  2:neutral       0.098,*0.775,0.127 
   171  2:neutral 3:positive   +   0.034,0.481,*0.485 
   172  2:neutral  2:neutral       0.234,*0.533,0.233 
   173  2:neutral 1:negative   +   *0.79,0.179,0.03 
   174  2:neutral  2:neutral       0.105,*0.501,0.393 
   175  2:neutral  2:neutral       0.034,*0.702,0.264 
   176  2:neutral 3:positive   +   0.174,0.397,*0.429 
   177  2:neutral  2:neutral       0.075,*0.757,0.168 
   178  2:neutral  2:neutral       0.17,*0.646,0.185 
   179  2:neutral  2:neutral       0.076,*0.754,0.17 
   180  2:neutral  2:neutral       0.045,*0.801,0.155 
   181  2:neutral  2:neutral       0.051,*0.827,0.122 
   182  2:neutral 1:negative   +   *0.767,0.197,0.036 
   183  2:neutral  2:neutral       0.068,*0.686,0.246 
   184  2:neutral 3:positive   +   0.091,0.441,*0.468 
   185  2:neutral  2:neutral       0.099,*0.563,0.339 
   186  2:neutral  2:neutral       0.013,*0.731,0.256 
   187  2:neutral  2:neutral       0.052,*0.562,0.386 
   188  2:neutral  2:neutral       0.15,*0.438,0.412 
   189  2:neutral  2:neutral       0.41,*0.484,0.106 
   190  2:neutral  2:neutral       0.258,*0.654,0.088 
   191  2:neutral  2:neutral       0.119,*0.785,0.096 
   192  2:neutral  2:neutral       0.048,*0.794,0.158 
   193  2:neutral  2:neutral       0.01,*0.65,0.34 
   194  2:neutral  2:neutral       0.071,*0.827,0.102 
   195  2:neutral 3:positive   +   0.07,0.371,*0.559 
   196  2:neutral  2:neutral       0.169,*0.673,0.159 
   197  2:neutral  2:neutral       0.071,*0.675,0.254 
   198  2:neutral  2:neutral       0.355,*0.476,0.169 
   199  2:neutral 3:positive   +   0.051,0.164,*0.785 
   200  2:neutral  2:neutral       0.078,*0.575,0.347 
   201  2:neutral  2:neutral       0.042,*0.831,0.127 
   202  2:neutral  2:neutral       0.101,*0.687,0.212 
   203  2:neutral  2:neutral       0.056,*0.52,0.424 
   204  2:neutral  2:neutral       0.017,*0.939,0.044 
   205  2:neutral  2:neutral       0.024,*0.572,0.404 
   206  2:neutral  2:neutral       0.143,*0.574,0.283 
   207  2:neutral  2:neutral       0.029,*0.488,0.483 
   208  2:neutral  2:neutral       0.031,*0.849,0.12 
   209  2:neutral  2:neutral       0.031,*0.853,0.116 
   210  2:neutral 3:positive   +   0.376,0.248,*0.376 
   211  2:neutral  2:neutral       0.019,*0.677,0.304 
   212  2:neutral  2:neutral       0.045,*0.812,0.143 
   213  2:neutral  2:neutral       0.069,*0.747,0.184 
   214  2:neutral  2:neutral       0.078,*0.727,0.195 
   215  2:neutral  2:neutral       0.213,*0.637,0.15 
   216  2:neutral  2:neutral       0.069,*0.561,0.37 
   217  2:neutral  2:neutral       0.055,*0.823,0.122 
   218  2:neutral  2:neutral       0.33,*0.359,0.311 
   219  2:neutral  2:neutral       0.256,*0.615,0.129 
   220  2:neutral  2:neutral       0.071,*0.69,0.239 
   221  2:neutral 1:negative   +   *0.52,0.271,0.21 
   222  2:neutral 3:positive   +   0.107,0.438,*0.455 
   223  2:neutral  2:neutral       0.031,*0.692,0.277 
   224  2:neutral  2:neutral       0.098,*0.691,0.211 
   225  2:neutral  2:neutral       0.027,*0.829,0.144 
   226  2:neutral  2:neutral       0.059,*0.687,0.255 
   227  2:neutral  2:neutral       0.029,*0.773,0.198 
   228  2:neutral 3:positive   +   0.07,0.338,*0.592 
   229  2:neutral  2:neutral       0.02,*0.587,0.393 
   230  2:neutral 1:negative   +   *0.486,0.29,0.224 
   231  2:neutral  2:neutral       0.09,*0.738,0.172 
   232  2:neutral  2:neutral       0.298,*0.516,0.187 
   233  2:neutral  2:neutral       0.19,*0.495,0.314 
   234  2:neutral  2:neutral       0.044,*0.605,0.351 
   235  2:neutral  2:neutral       0.281,*0.619,0.1 
   236  2:neutral 3:positive   +   0.05,0.458,*0.492 
   237  2:neutral 3:positive   +   0.059,0.428,*0.512 
   238  2:neutral  2:neutral       0.26,*0.617,0.123 
   239  2:neutral  2:neutral       0.149,*0.628,0.223 
   240  2:neutral  2:neutral       0.123,*0.624,0.253 
   241  2:neutral 1:negative   +   *0.402,0.361,0.236 
   242  2:neutral  2:neutral       0.051,*0.753,0.196 
   243  2:neutral 3:positive   +   0.029,0.444,*0.527 
   244  2:neutral  2:neutral       0.026,*0.723,0.251 
   245  2:neutral  2:neutral       0.127,*0.693,0.18 
   246  2:neutral 3:positive   +   0.016,0.376,*0.609 
   247  2:neutral  2:neutral       0.013,*0.953,0.034 
   248  2:neutral  2:neutral       0.057,*0.539,0.403 
   249  2:neutral  2:neutral       0.12,*0.56,0.32 
   250  2:neutral  2:neutral       0.029,*0.706,0.265 
   251  2:neutral  2:neutral       0.058,*0.584,0.357 
   252  2:neutral 3:positive   +   0.024,0.44,*0.536 
   253  2:neutral  2:neutral       0.075,*0.787,0.138 
   254  2:neutral  2:neutral       0.136,*0.762,0.102 
   255  2:neutral  2:neutral       0.048,*0.833,0.12 
   256  2:neutral  2:neutral       0.067,*0.63,0.303 
   257  2:neutral  2:neutral       0.074,*0.665,0.261 
   258  2:neutral  2:neutral       0.06,*0.894,0.046 
   259  2:neutral 3:positive   +   0.096,0.426,*0.478 
   260  2:neutral  2:neutral       0.121,*0.786,0.092 
   261  2:neutral 3:positive   +   0.022,0.349,*0.629 
   262  2:neutral  2:neutral       0.037,*0.801,0.162 
   263  2:neutral  2:neutral       0.066,*0.608,0.327 
   264  2:neutral  2:neutral       0.036,*0.896,0.068 
   265  2:neutral  2:neutral       0.082,*0.595,0.323 
   266  2:neutral  2:neutral       0.029,*0.848,0.123 
   267  2:neutral 3:positive   +   0.092,0.35,*0.558 
   268  2:neutral  2:neutral       0.308,*0.533,0.159 
   269  2:neutral  2:neutral       0.168,*0.474,0.358 
   270  2:neutral  2:neutral       0.108,*0.613,0.279 
   271  2:neutral 1:negative   +   *0.418,0.321,0.261 
   272  2:neutral  2:neutral       0.076,*0.585,0.339 
   273  2:neutral  2:neutral       0.249,*0.617,0.134 
   274  2:neutral  2:neutral       0.097,*0.575,0.328 
   275  2:neutral 1:negative   +   *0.754,0.095,0.151 
   276  2:neutral  2:neutral       0.039,*0.853,0.108 
   277  2:neutral  2:neutral       0.013,*0.59,0.397 
   278  2:neutral  2:neutral       0.034,*0.783,0.183 
   279  2:neutral 1:negative   +   *0.583,0.251,0.166 
   280  2:neutral 3:positive   +   0.023,0.453,*0.523 
   281  2:neutral  2:neutral       0.071,*0.73,0.199 
   282  2:neutral  2:neutral       0.037,*0.875,0.088 
   283  2:neutral 1:negative   +   *0.342,0.324,0.334 
   284  2:neutral  2:neutral       0.046,*0.529,0.425 
   285  2:neutral  2:neutral       0.012,*0.939,0.049 
   286  2:neutral  2:neutral       0.048,*0.56,0.392 
   287  2:neutral  2:neutral       0.044,*0.902,0.054 
   288  2:neutral  2:neutral       0.143,*0.729,0.128 
   289  2:neutral  2:neutral       0.112,*0.65,0.238 
   290  2:neutral  2:neutral       0.014,*0.501,0.485 
   291  2:neutral  2:neutral       0.201,*0.56,0.239 
   292  2:neutral 1:negative   +   *0.574,0.242,0.185 
   293  2:neutral 3:positive   +   0.07,0.43,*0.5 
   294  2:neutral 3:positive   +   0.083,0.416,*0.501 
   295  2:neutral  2:neutral       0.19,*0.757,0.053 
   296  2:neutral  2:neutral       0.056,*0.705,0.239 
   297  2:neutral 3:positive   +   0.137,0.262,*0.601 
   298  2:neutral  2:neutral       0.045,*0.803,0.152 
   299  2:neutral  2:neutral       0.106,*0.73,0.164 
   300  2:neutral  2:neutral       0.096,*0.81,0.094 
   301  2:neutral  2:neutral       0.035,*0.599,0.366 
   302  2:neutral  2:neutral       0.058,*0.8,0.142 
   303  2:neutral 3:positive   +   0.1,0.227,*0.672 
   304  2:neutral  2:neutral       0.213,*0.424,0.362 
   305  2:neutral  2:neutral       0.016,*0.836,0.148 
   306  2:neutral  2:neutral       0.051,*0.655,0.294 
   307  2:neutral  2:neutral       0.137,*0.711,0.152 
   308  2:neutral  2:neutral       0.025,*0.967,0.008 
   309  2:neutral 3:positive   +   0.027,0.175,*0.798 
   310  2:neutral  2:neutral       0.132,*0.831,0.037 
   311  2:neutral  2:neutral       0.153,*0.505,0.342 
   312  2:neutral  2:neutral       0.07,*0.688,0.242 
   313  2:neutral  2:neutral       0.165,*0.702,0.133 
   314  2:neutral  2:neutral       0.19,*0.655,0.155 
   315  2:neutral  2:neutral       0.019,*0.612,0.37 
   316  2:neutral 3:positive   +   0.055,0.368,*0.576 
   317  2:neutral  2:neutral       0.117,*0.689,0.194 
   318  2:neutral  2:neutral       0.089,*0.75,0.161 
   319  2:neutral  2:neutral       0.163,*0.44,0.397 
   320  2:neutral  2:neutral       0.084,*0.775,0.141 
   321  2:neutral  2:neutral       0.102,*0.781,0.116 
   322  2:neutral  2:neutral       0.068,*0.818,0.113 
   323  2:neutral  2:neutral       0.072,*0.625,0.303 
   324  2:neutral  2:neutral       0.075,*0.786,0.139 
   325  2:neutral  2:neutral       0.03,*0.766,0.203 
   326  2:neutral  2:neutral       0.059,*0.701,0.241 
   327  2:neutral 1:negative   +   *0.982,0.012,0.006 
   328  2:neutral 1:negative   +   *0.689,0.245,0.066 
   329  2:neutral 1:negative   +   *0.667,0.25,0.083 
   330  2:neutral  2:neutral       0.024,*0.903,0.073 
   331  2:neutral  2:neutral       0.074,*0.695,0.231 
   332  2:neutral  2:neutral       0.056,*0.746,0.197 
   333  2:neutral  2:neutral       0.015,*0.891,0.094 
   334  2:neutral 1:negative   +   *0.458,0.302,0.24 
   335  2:neutral 3:positive   +   0.02,0.309,*0.671 
   336  2:neutral  2:neutral       0.068,*0.594,0.338 
   337  2:neutral  2:neutral       0.055,*0.845,0.099 
   338  2:neutral  2:neutral       0.064,*0.637,0.299 
   339  2:neutral  2:neutral       0.064,*0.815,0.121 
   340  2:neutral  2:neutral       0.328,*0.451,0.221 
   341  2:neutral  2:neutral       0.053,*0.691,0.256 
   342  2:neutral 3:positive   +   0.156,0.104,*0.74 
   343  2:neutral  2:neutral       0.177,*0.63,0.193 
   344  2:neutral  2:neutral       0.026,*0.564,0.41 
   345  2:neutral  2:neutral       0.011,*0.815,0.173 
   346  2:neutral  2:neutral       0.064,*0.53,0.406 
   347  2:neutral  2:neutral       0.074,*0.665,0.261 
   348  2:neutral  2:neutral       0.294,*0.443,0.263 
   349  2:neutral  2:neutral       0.163,*0.628,0.209 
   350  2:neutral  2:neutral       0.038,*0.716,0.245 
   351  2:neutral  2:neutral       0.03,*0.794,0.176 
   352  2:neutral  2:neutral       0.039,*0.719,0.241 
