Zero Weights processed. Default weights will be used
.
Warning: using -h 0 may be faster
*
optimization finished, #iter = 1849
C = 141.53584895232896
obj = 58409.1178845121, rho = -4.888536992806908
nSV = 2717, nBSV = 2155
Total nSV = 2717
.
Warning: using -h 0 may be faster
*
optimization finished, #iter = 1982
C = 165.9238533198918
obj = 72061.39728626935, rho = -4.360972894271374
nSV = 2746, nBSV = 2138
Total nSV = 2746
.
Warning: using -h 0 may be faster
*
optimization finished, #iter = 1885
C = 158.73660786556758
obj = 67951.57186108892, rho = -6.00044149065142
nSV = 2738, nBSV = 2152
Total nSV = 2738
.
Warning: using -h 0 may be faster
*
optimization finished, #iter = 1941
C = 161.13121828628124
obj = 69226.84618279929, rho = -6.248423991344729
nSV = 2760, nBSV = 2122
Total nSV = 2760
.
Warning: using -h 0 may be faster
*
optimization finished, #iter = 1890
C = 163.76776763184495
obj = 69984.62945711105, rho = -6.785294636969214
nSV = 2715, nBSV = 2145
Total nSV = 2715
.
Warning: using -h 0 may be faster
.
Warning: using -h 0 may be faster
*
optimization finished, #iter = 2348
C = 139.72315532705034
obj = 68963.66421941583, rho = 2.6866647697433264
nSV = 3373, nBSV = 2752
.
Warning: using -h 0 may be faster
...
Warning: using -h 0 may be faster
*
optimization finished, #iter = 4837
C = 803.8889736789553
obj = 698903.090149762, rho = -56.37251259111464
nSV = 4922, nBSV = 2848
Total nSV = 4922
.
Warning: using -h 0 may be faster
....
Warning: using -h 0 may be faster
*
optimization finished, #iter = 5054
C = 777.9380593181755
obj = 681663.5643671006, rho = 26.458367501563878
nSV = 4912, nBSV = 2830
Total nSV = 4912
.
Warning: using -h 0 may be faster
...
Warning: using -h 0 may be faster
*
optimization finished, #iter = 4821
C = 808.6118943580622
obj = 712916.6922326325, rho = 29.966590573829606
nSV = 4894, nBSV = 2854
Total nSV = 4894
.
Warning: using -h 0 may be faster
....
Warning: using -h 0 may be faster
*
optimization finished, #iter = 5012
C = 744.3983815192993
obj = 640952.0586411131, rho = 31.932179429572265
nSV = 4883, nBSV = 2882
Total nSV = 4883
.
Warning: using -h 0 may be faster
...
Warning: using -h 0 may be faster
*
optimization finished, #iter = 4987
C = 730.9133857255107
obj = 633819.5170498084, rho = 24.44312528291107
nSV = 4910, nBSV = 2892
Total nSV = 4910
..
Warning: using -h 0 may be faster
....
Warning: using -h 0 may be faster
*
optimization finished, #iter = 6425
C = 767.1739958313428
obj = 761238.9421800263, rho = 31.659752843310628
nSV = 6063, nBSV = 3658
.
Warning: using -h 0 may be faster
*.*
optimization finished, #iter = 1734
C = 80.49797832554563
obj = 26696.48683836585, rho = 7.358868545589374
nSV = 3041, nBSV = 2604
Total nSV = 3041
.
Warning: using -h 0 may be faster
*.
Warning: using -h 0 may be faster
*
optimization finished, #iter = 1859
C = 91.787707442825
obj = 32692.780713581462, rho = -8.106414594010792
nSV = 3096, nBSV = 2561
Total nSV = 3096
.
Warning: using -h 0 may be faster
*
optimization finished, #iter = 1972
C = 111.83488314652661
obj = 43567.36659287237, rho = -9.862146198811736
nSV = 3124, nBSV = 2538
Total nSV = 3124
.
Warning: using -h 0 may be faster
*
optimization finished, #iter = 1750
C = 82.6442867244711
obj = 27993.864728166336, rho = -9.99098776349058
nSV = 3066, nBSV = 2596
Total nSV = 3066
.
Warning: using -h 0 may be faster
*
optimization finished, #iter = 1656
C = 77.47787391507089
obj = 25190.102961799246, rho = -5.836650067328233
nSV = 3048, nBSV = 2612
Total nSV = 3048
.
Warning: using -h 0 may be faster
.*
optimization finished, #iter = 2107
C = 77.83700792733958
obj = 31654.39552548955, rho = 8.212272877063826
nSV = 3791, nBSV = 3274
Total nSV = 8893
.
Warning: using -h 0 may be faster
*
optimization finished, #iter = 1613
C = 170.09268560612827
obj = 62221.24221191045, rho = 5.772219122226814
nSV = 2238, nBSV = 1679
Total nSV = 2238
.
Warning: using -h 0 may be faster
*
optimization finished, #iter = 1575
C = 168.1574926419058
obj = 61624.398636588456, rho = 3.7498143407156572
nSV = 2216, nBSV = 1693
Total nSV = 2216
.
Warning: using -h 0 may be faster
*
optimization finished, #iter = 1606
C = 198.4722221026946
obj = 75813.15236477186, rho = -0.5614829811624125
nSV = 2234, nBSV = 1668
Total nSV = 2234
.
Warning: using -h 0 may be faster
*
optimization finished, #iter = 1536
C = 159.49298063752076
obj = 56409.68269409484, rho = 2.960788429720338
nSV = 2198, nBSV = 1707
Total nSV = 2198
.
Warning: using -h 0 may be faster
*
optimization finished, #iter = 1574
C = 175.25445802115829
obj = 64370.19818330783, rho = 6.4648339114261955
nSV = 2226, nBSV = 1672
Total nSV = 2226
.
Warning: using -h 0 may be faster
*
optimization finished, #iter = 1813
C = 156.3538479030351
obj = 66798.14924234831, rho = 4.944505910765567
nSV = 2730, nBSV = 2152
.
Warning: using -h 0 may be faster
...
Warning: using -h 0 may be faster
*
optimization finished, #iter = 4267
C = 728.0340399405375
obj = 540834.3816371359, rho = -46.903493501683386
nSV = 4010, nBSV = 2200
Total nSV = 4010
...
Warning: using -h 0 may be faster
*
optimization finished, #iter = 3959
C = 786.7231548723281
obj = 599825.8899100227, rho = 34.58411072884902
nSV = 4008, nBSV = 2197
Total nSV = 4008
....
Warning: using -h 0 may be faster
*
optimization finished, #iter = 4335
C = 744.0218426916745
obj = 549816.9216399469, rho = 29.352342104843267
nSV = 4069, nBSV = 2190
Total nSV = 4069
....
Warning: using -h 0 may be faster
*
optimization finished, #iter = 4124
C = 800.1129801120035
obj = 611483.236544946, rho = 37.36844640406751
nSV = 4070, nBSV = 2202
Total nSV = 4070
.
Warning: using -h 0 may be faster
...
Warning: using -h 0 may be faster
*
optimization finished, #iter = 4196
C = 739.048002489267
obj = 541334.391602954, rho = 28.80621547053895
nSV = 4028, nBSV = 2197
Total nSV = 4028
.
Warning: using -h 0 may be faster
....
Warning: using -h 0 may be faster
*
optimization finished, #iter = 5220
C = 751.2548327192831
obj = 643040.5658007691, rho = 35.391988851858876
nSV = 4929, nBSV = 2822
.
Warning: using -h 0 may be faster
*
optimization finished, #iter = 1410
C = 104.50142781181195
obj = 31621.504086079814, rho = 5.306977503269929
nSV = 2484, nBSV = 2041
Total nSV = 2484
.
Warning: using -h 0 may be faster
*
optimization finished, #iter = 1572
C = 105.26884404400951
obj = 33021.53578540179, rho = -5.58378811955732
nSV = 2503, nBSV = 2022
Total nSV = 2503
.
Warning: using -h 0 may be faster
*
optimization finished, #iter = 1517
C = 101.32714939004306
obj = 30853.228349575544, rho = -10.561614294573312
nSV = 2491, nBSV = 2015
Total nSV = 2491
.
Warning: using -h 0 may be faster
*
optimization finished, #iter = 1416
C = 96.9410704682804
obj = 28937.400366527756, rho = -6.973830714718912
nSV = 2481, nBSV = 2048
Total nSV = 2481
.
Warning: using -h 0 may be faster
*
optimization finished, #iter = 1412
C = 86.60665998433842
obj = 25488.550816727406, rho = -7.64211115267153
nSV = 2457, nBSV = 2068
Total nSV = 2457
.
Warning: using -h 0 may be faster
*
optimization finished, #iter = 1713
C = 86.16562697635817
obj = 29794.54943233739, rho = 7.366638640662976
nSV = 3069, nBSV = 2602
Total nSV = 7213
.
Warning: using -h 0 may be faster
*
optimization finished, #iter = 1416
C = 158.85691258698677
obj = 55524.46542491966, rho = 0.18598217361639746
nSV = 2201, nBSV = 1718
Total nSV = 2201
.
Warning: using -h 0 may be faster
*
optimization finished, #iter = 1586
C = 180.06000811875649
obj = 67241.45267600016, rho = 3.748329976516981
nSV = 2223, nBSV = 1683
Total nSV = 2223
.
Warning: using -h 0 may be faster
*
optimization finished, #iter = 1497
C = 167.18318885342435
obj = 60299.38121296385, rho = 0.8147989894439586
nSV = 2211, nBSV = 1702
Total nSV = 2211
.
Warning: using -h 0 may be faster
*
optimization finished, #iter = 1654
C = 200.0815565985916
obj = 78528.73125925976, rho = 2.7558218763373796
nSV = 2259, nBSV = 1653
Total nSV = 2259
.
Warning: using -h 0 may be faster
*
optimization finished, #iter = 1487
C = 169.2511527429876
obj = 61719.58345335661, rho = 4.849163373103948
nSV = 2213, nBSV = 1691
Total nSV = 2213
.
Warning: using -h 0 may be faster
*
optimization finished, #iter = 1866
C = 158.41250914817817
obj = 68377.62938571902, rho = 3.348920781458702
nSV = 2738, nBSV = 2149
.
Warning: using -h 0 may be faster
...
Warning: using -h 0 may be faster
*
optimization finished, #iter = 4204
C = 783.9020042826758
obj = 592804.729503065, rho = -57.925078415438506
nSV = 4047, nBSV = 2214
Total nSV = 4047
.
Warning: using -h 0 may be faster
...
Warning: using -h 0 may be faster
*
optimization finished, #iter = 4097
C = 703.8802679278205
obj = 514777.5151577654, rho = -44.49655013427912
nSV = 3991, nBSV = 2248
Total nSV = 3991
.
Warning: using -h 0 may be faster
...
Warning: using -h 0 may be faster
*
optimization finished, #iter = 4204
C = 761.0821202419039
obj = 577164.0930774681, rho = -45.168456946156354
nSV = 4019, nBSV = 2229
Total nSV = 4019
.
Warning: using -h 0 may be faster
...
Warning: using -h 0 may be faster
*
optimization finished, #iter = 4028
C = 780.0556121860781
obj = 584715.3903619344, rho = -55.710039069399
nSV = 4044, nBSV = 2217
Total nSV = 4044
....
Warning: using -h 0 may be faster
*
optimization finished, #iter = 4230
C = 744.6177807784799
obj = 555258.7425724147, rho = -46.09236111950699
nSV = 4051, nBSV = 2196
Total nSV = 4051
.
Warning: using -h 0 may be faster
....
Warning: using -h 0 may be faster
*
optimization finished, #iter = 5026
C = 741.3771843705129
obj = 631170.7328698125, rho = 24.58486106737203
nSV = 4926, nBSV = 2870
.
Warning: using -h 0 may be faster
*
optimization finished, #iter = 1506
C = 104.98045716827288
obj = 31775.263719688923, rho = -13.168988611568174
nSV = 2490, nBSV = 2039
Total nSV = 2490
.
Warning: using -h 0 may be faster
*
optimization finished, #iter = 1422
C = 94.99231304849324
obj = 27714.504739802855, rho = 7.475419200776409
nSV = 2473, nBSV = 2040
Total nSV = 2473
.
Warning: using -h 0 may be faster
*
optimization finished, #iter = 1508
C = 105.41067084769449
obj = 31630.89645869067, rho = 7.985843898860497
nSV = 2493, nBSV = 2016
Total nSV = 2493
.
Warning: using -h 0 may be faster
*
optimization finished, #iter = 1455
C = 83.64372429432515
obj = 23087.178710412918, rho = 8.79047340517746
nSV = 2453, nBSV = 2058
Total nSV = 2453
.
Warning: using -h 0 may be faster
*
optimization finished, #iter = 1494
C = 88.47333914213684
obj = 25016.866062326368, rho = 6.22301015410098
nSV = 2475, nBSV = 2040
Total nSV = 2475
.
Warning: using -h 0 may be faster
*.
Warning: using -h 0 may be faster
*
optimization finished, #iter = 1766
C = 84.49754828025517
obj = 28679.457152918447, rho = 10.236568608901965
nSV = 3058, nBSV = 2572
Total nSV = 7175
.
Warning: using -h 0 may be faster
..
Warning: using -h 0 may be faster
*
optimization finished, #iter = 3979
C = 785.8600380485384
obj = 606438.47663627, rho = 32.1640451693299
nSV = 4012, nBSV = 2184
Total nSV = 4012
.
Warning: using -h 0 may be faster
...
Warning: using -h 0 may be faster
*
optimization finished, #iter = 4113
C = 813.3225546403737
obj = 627918.8718425126, rho = -62.90432552222867
nSV = 4059, nBSV = 2184
Total nSV = 4059
.
Warning: using -h 0 may be faster
...
Warning: using -h 0 may be faster
*
optimization finished, #iter = 4126
C = 837.7961115606689
obj = 641339.1505465735, rho = -62.797150462335786
nSV = 4073, nBSV = 2196
Total nSV = 4073
.
Warning: using -h 0 may be faster
...
Warning: using -h 0 may be faster
*
optimization finished, #iter = 4130
C = 780.8819185447982
obj = 587286.6255341613, rho = -58.26375631095378
nSV = 3997, nBSV = 2219
Total nSV = 3997
....
Warning: using -h 0 may be faster
*
optimization finished, #iter = 4395
C = 822.6672802455524
obj = 627747.9861291912, rho = -54.39682809511085
nSV = 4052, nBSV = 2181
Total nSV = 4052
.
Warning: using -h 0 may be faster
....
Warning: using -h 0 may be faster
*
optimization finished, #iter = 5331
C = 801.2201448882637
obj = 698572.191843276, rho = -63.74155867722625
nSV = 4975, nBSV = 2821
.
Warning: using -h 0 may be faster
*
optimization finished, #iter = 1696
C = 143.46061724555966
obj = 49520.36579775382, rho = -13.831144102049478
nSV = 2589, nBSV = 1955
Total nSV = 2589
.
Warning: using -h 0 may be faster
*
optimization finished, #iter = 1684
C = 132.8484507258061
obj = 45104.693146989775, rho = -10.394694325446661
nSV = 2539, nBSV = 1987
Total nSV = 2539
.
Warning: using -h 0 may be faster
*
optimization finished, #iter = 1594
C = 131.21366078463907
obj = 42194.85920195907, rho = -8.914269294660057
nSV = 2545, nBSV = 1980
Total nSV = 2545
.
Warning: using -h 0 may be faster
*
optimization finished, #iter = 1448
C = 91.54116652251274
obj = 26099.785034245368, rho = -8.952700276970527
nSV = 2491, nBSV = 2051
Total nSV = 2491
.
Warning: using -h 0 may be faster
*
optimization finished, #iter = 1545
C = 104.05430694875092
obj = 32113.936543337997, rho = -9.031490176942357
nSV = 2527, nBSV = 2000
Total nSV = 2527
.
Warning: using -h 0 may be faster
*
optimization finished, #iter = 1875
C = 106.45361410509427
obj = 39437.06708740892, rho = -11.032194699781824
nSV = 3120, nBSV = 2546
.
Warning: using -h 0 may be faster
*
optimization finished, #iter = 1571
C = 193.29764091087148
obj = 74268.66178139902, rho = 3.1257080008390083
nSV = 2258, nBSV = 1657
Total nSV = 2258
.
Warning: using -h 0 may be faster
*
optimization finished, #iter = 1512
C = 169.0347542666093
obj = 58642.68526860072, rho = -0.3676567722414326
nSV = 2229, nBSV = 1711
Total nSV = 2229
.
Warning: using -h 0 may be faster
*
optimization finished, #iter = 1655
C = 188.8591489956829
obj = 73138.07141983275, rho = -5.737349909906896
nSV = 2236, nBSV = 1659
Total nSV = 2236
.
Warning: using -h 0 may be faster
*
optimization finished, #iter = 1566
C = 172.17235187438848
obj = 64952.67950108307, rho = -7.091471171597227
nSV = 2230, nBSV = 1695
Total nSV = 2230
.
Warning: using -h 0 may be faster
*
optimization finished, #iter = 1617
C = 178.42855364295224
obj = 67242.13304656203, rho = -2.3372064415515594
nSV = 2223, nBSV = 1678
Total nSV = 2223
.
Warning: using -h 0 may be faster
*
optimization finished, #iter = 1947
C = 160.6847132889958
obj = 69571.22694608271, rho = 0.6740247468779581
nSV = 2747, nBSV = 2148
Total nSV = 7264
.
Warning: using -h 0 may be faster
*
optimization finished, #iter = 1531
C = 168.50708251846586
obj = 59277.83803928723, rho = 4.863886151774411
nSV = 2219, nBSV = 1702
Total nSV = 2219
.
Warning: using -h 0 may be faster
*
optimization finished, #iter = 1603
C = 202.61551821534422
obj = 76694.38184418583, rho = 3.3687861535993266
nSV = 2267, nBSV = 1669
Total nSV = 2267
.
Warning: using -h 0 may be faster
*
optimization finished, #iter = 1616
C = 204.14510391167718
obj = 79493.48761159385, rho = 3.3672665334329435
nSV = 2258, nBSV = 1667
Total nSV = 2258
.
Warning: using -h 0 may be faster
*
optimization finished, #iter = 1491
C = 165.16992126814475
obj = 58761.97733343521, rho = 1.6061667723481816
nSV = 2209, nBSV = 1686
Total nSV = 2209
.
Warning: using -h 0 may be faster
*
optimization finished, #iter = 1629
C = 195.37871590937164
obj = 73641.91347184738, rho = 5.374961195974428
nSV = 2253, nBSV = 1671
Total nSV = 2253
.
Warning: using -h 0 may be faster
*
optimization finished, #iter = 1881
C = 167.7730071174952
obj = 71743.82465714592, rho = -7.284001899677548
nSV = 2738, nBSV = 2160
.
Warning: using -h 0 may be faster
*
optimization finished, #iter = 1573
C = 99.22747952039386
obj = 30013.82492998641, rho = -4.814832112344483
nSV = 2500, nBSV = 2018
Total nSV = 2500
.
Warning: using -h 0 may be faster
*
optimization finished, #iter = 1537
C = 114.37154789067533
obj = 36508.71964254636, rho = -5.661867426879878
nSV = 2510, nBSV = 2027
Total nSV = 2510
.
Warning: using -h 0 may be faster
*
optimization finished, #iter = 1338
C = 72.01350863386327
obj = 18053.2139384888, rho = -4.953332547802038
nSV = 2454, nBSV = 2069
Total nSV = 2454
.
Warning: using -h 0 may be faster
*
optimization finished, #iter = 1577
C = 116.9475900298552
obj = 37095.850337412674, rho = -9.849599077370403
nSV = 2522, nBSV = 2028
Total nSV = 2522
.
Warning: using -h 0 may be faster
*
optimization finished, #iter = 1435
C = 97.65162074880976
obj = 29967.0283474994, rho = -5.149393556855658
nSV = 2491, nBSV = 2029
Total nSV = 2491
.
Warning: using -h 0 may be faster
*
optimization finished, #iter = 1756
C = 89.0473387120486
obj = 31240.46660895037, rho = 5.753045656305205
nSV = 3078, nBSV = 2569
....
Warning: using -h 0 may be faster
*
optimization finished, #iter = 4180
C = 768.9446786949029
obj = 576001.316836643, rho = -62.81600022396708
nSV = 4018, nBSV = 2206
Total nSV = 4018
.
Warning: using -h 0 may be faster
...
Warning: using -h 0 may be faster
*
optimization finished, #iter = 4131
C = 812.1152583234884
obj = 621314.7663805101, rho = -67.80651197043684
nSV = 4041, nBSV = 2191
Total nSV = 4041
.
Warning: using -h 0 may be faster
...
Warning: using -h 0 may be faster
*
optimization finished, #iter = 4268
C = 732.1014424034715
obj = 553296.379035738, rho = -49.85262675559887
nSV = 4037, nBSV = 2225
Total nSV = 4037
....
Warning: using -h 0 may be faster
*
optimization finished, #iter = 4115
C = 752.7487928648328
obj = 575713.8976941116, rho = -48.62236775473057
nSV = 3993, nBSV = 2225
Total nSV = 3993
.
Warning: using -h 0 may be faster
..
Warning: using -h 0 may be faster
*
optimization finished, #iter = 3970
C = 750.5234546639654
obj = 570254.7709576606, rho = -55.89660197028504
nSV = 3971, nBSV = 2244
Total nSV = 3971
.
Warning: using -h 0 may be faster
....
Warning: using -h 0 may be faster
*
optimization finished, #iter = 5266
C = 751.9265905371763
obj = 655392.4994410919, rho = 28.740523836969476
nSV = 4893, nBSV = 2823
Total nSV = 7187
.
Warning: using -h 0 may be faster
*
optimization finished, #iter = 1341
C = 83.86433514864207
obj = 23394.72197738581, rho = 3.722333858474271
nSV = 2463, nBSV = 2075
Total nSV = 2463
.
Warning: using -h 0 may be faster
*
optimization finished, #iter = 1306
C = 78.17143675272813
obj = 21632.876524405103, rho = -6.719942986177457
nSV = 2434, nBSV = 2090
Total nSV = 2434
.
Warning: using -h 0 may be faster
*
optimization finished, #iter = 1453
C = 89.63222697261699
obj = 25739.247028667676, rho = -6.421869860306523
nSV = 2480, nBSV = 2055
Total nSV = 2480
.
Warning: using -h 0 may be faster
*
optimization finished, #iter = 1351
C = 80.6211753639783
obj = 21636.58013893821, rho = -3.5367563636462873
nSV = 2447, nBSV = 2076
Total nSV = 2447
.
Warning: using -h 0 may be faster
*
optimization finished, #iter = 1370
C = 88.00397293436048
obj = 25238.696291495555, rho = -6.304479104932093
nSV = 2461, nBSV = 2055
Total nSV = 2461
.
Warning: using -h 0 may be faster
*
optimization finished, #iter = 1648
C = 72.17384918810134
obj = 23053.79758109659, rho = 5.6435275438888794
nSV = 3035, nBSV = 2615
.
Warning: using -h 0 may be faster
*
optimization finished, #iter = 1497
C = 153.28246301280052
obj = 52797.60843341881, rho = -3.145329000878465
nSV = 2191, nBSV = 1722
Total nSV = 2191
.
Warning: using -h 0 may be faster
*
optimization finished, #iter = 1496
C = 155.19851318455596
obj = 53799.74484193852, rho = -5.698982071386809
nSV = 2201, nBSV = 1701
Total nSV = 2201
.
Warning: using -h 0 may be faster
*
optimization finished, #iter = 1578
C = 185.80937321962483
obj = 67783.57794383938, rho = -1.6512203023074752
nSV = 2231, nBSV = 1676
Total nSV = 2231
.
Warning: using -h 0 may be faster
*
optimization finished, #iter = 1518
C = 165.56458806199237
obj = 58006.58544350064, rho = -0.19864810532614344
nSV = 2215, nBSV = 1700
Total nSV = 2215
.
Warning: using -h 0 may be faster
*
optimization finished, #iter = 1520
C = 177.46463968157164
obj = 65257.97386475053, rho = -5.722078888475046
nSV = 2214, nBSV = 1688
Total nSV = 2214
.
Warning: using -h 0 may be faster
*
optimization finished, #iter = 1790
C = 148.70730073176915
obj = 60936.267006444345, rho = -2.817295625632514
nSV = 2713, nBSV = 2162
....
Warning: using -h 0 may be faster
*
optimization finished, #iter = 4070
C = 783.5498504574178
obj = 590732.8968747886, rho = 18.696792494930275
nSV = 4038, nBSV = 2239
Total nSV = 4038
...
Warning: using -h 0 may be faster
*
optimization finished, #iter = 3924
C = 796.8386067613053
obj = 595482.4508486385, rho = 12.800906876885344
nSV = 3993, nBSV = 2196
Total nSV = 3993
....
Warning: using -h 0 may be faster
*.
Warning: using -h 0 may be faster
*
optimization finished, #iter = 4172
C = 813.2034633458019
obj = 622539.7956758592, rho = 8.908686406470927
nSV = 4054, nBSV = 2180
Total nSV = 4054
....
Warning: using -h 0 may be faster
*
optimization finished, #iter = 4279
C = 750.5930828998116
obj = 559147.4139529779, rho = 12.525253534111375
nSV = 4026, nBSV = 2192
Total nSV = 4026
....
Warning: using -h 0 may be faster
*
optimization finished, #iter = 4044
C = 813.96683842095
obj = 626303.4055616003, rho = 21.41868571889136
nSV = 4054, nBSV = 2190
Total nSV = 4054
.
Warning: using -h 0 may be faster
....
Warning: using -h 0 may be faster
*
optimization finished, #iter = 5053
C = 808.7690520555457
obj = 718907.2102965141, rho = -48.68564304409802
nSV = 4918, nBSV = 2852
Total nSV = 7177


=== Predictions under cross-validation ===

 inst#     actual  predicted error distribution
     1  2:neutral  2:neutral       0.182,*0.606,0.211 
     2  2:neutral  2:neutral       0.043,*0.852,0.105 
     3  2:neutral 3:positive   +   0.057,0.309,*0.633 
     4  2:neutral  2:neutral       0.076,*0.488,0.435 
     5  2:neutral  2:neutral       0.048,*0.656,0.296 
     6  2:neutral 1:negative   +   *0.608,0.351,0.041 
     7  2:neutral  2:neutral       0.069,*0.692,0.238 
     8  2:neutral  2:neutral       0.063,*0.83,0.107 
     9  2:neutral  2:neutral       0.087,*0.656,0.257 
    10  2:neutral 1:negative   +   *0.702,0.186,0.112 
    11  2:neutral 3:positive   +   0.053,0.25,*0.697 
    12  2:neutral  2:neutral       0.038,*0.714,0.249 
    13  2:neutral  2:neutral       0.064,*0.823,0.113 
    14  2:neutral  2:neutral       0.022,*0.662,0.316 
    15  2:neutral 1:negative   +   *0.405,0.393,0.202 
    16  2:neutral  2:neutral       0.013,*0.73,0.258 
    17  2:neutral 3:positive   +   0.265,0.31,*0.425 
    18  2:neutral  2:neutral       0.334,*0.353,0.313 
    19  2:neutral  2:neutral       0.148,*0.753,0.099 
    20  2:neutral  2:neutral       0.048,*0.905,0.047 
    21  2:neutral 1:negative   +   *0.562,0.257,0.181 
    22  2:neutral 3:positive   +   0.092,0.413,*0.495 
    23  2:neutral  2:neutral       0.062,*0.745,0.193 
    24  2:neutral  2:neutral       0.051,*0.698,0.251 
    25  2:neutral  2:neutral       0.083,*0.69,0.227 
    26  2:neutral  2:neutral       0.133,*0.495,0.372 
    27  2:neutral  2:neutral       0.015,*0.839,0.147 
    28  2:neutral 1:negative   +   *0.796,0.157,0.046 
    29  2:neutral  2:neutral       0.017,*0.579,0.405 
    30  2:neutral 3:positive   +   0.03,0.461,*0.509 
    31  2:neutral  2:neutral       0.436,*0.468,0.096 
    32  2:neutral 1:negative   +   *0.93,0.058,0.012 
    33  2:neutral  2:neutral       0.033,*0.838,0.129 
    34  2:neutral  2:neutral       0.064,*0.742,0.194 
    35  2:neutral  2:neutral       0.132,*0.805,0.063 
    36  2:neutral  2:neutral       0.028,*0.808,0.163 
    37  2:neutral  2:neutral       0.192,*0.658,0.151 
    38  2:neutral  2:neutral       0.105,*0.732,0.163 
    39  2:neutral  2:neutral       0.029,*0.83,0.141 
    40  2:neutral  2:neutral       0.044,*0.609,0.346 
    41  2:neutral  2:neutral       0.07,*0.712,0.219 
    42  2:neutral  2:neutral       0.03,*0.767,0.204 
    43  2:neutral 3:positive   +   0.109,0.113,*0.779 
    44  2:neutral  2:neutral       0.086,*0.563,0.35 
    45  2:neutral  2:neutral       0.025,*0.894,0.081 
    46  2:neutral  2:neutral       0.009,*0.869,0.122 
    47  2:neutral  2:neutral       0.08,*0.639,0.281 
    48  2:neutral 3:positive   +   0.018,0.066,*0.916 
    49  2:neutral  2:neutral       0.073,*0.82,0.107 
    50  2:neutral  2:neutral       0.043,*0.821,0.136 
    51  2:neutral  2:neutral       0.068,*0.841,0.091 
    52  2:neutral  2:neutral       0.261,*0.551,0.187 
    53  2:neutral 1:negative   +   *0.396,0.385,0.219 
    54  2:neutral  2:neutral       0.077,*0.54,0.383 
    55  2:neutral  2:neutral       0.068,*0.65,0.282 
    56  2:neutral  2:neutral       0.048,*0.858,0.093 
    57  2:neutral  2:neutral       0.088,*0.747,0.165 
    58  2:neutral  2:neutral       0.063,*0.643,0.293 
    59  2:neutral  2:neutral       0.064,*0.707,0.228 
    60  2:neutral  2:neutral       0.289,*0.486,0.225 
    61  2:neutral  2:neutral       0.147,*0.739,0.114 
    62  2:neutral  2:neutral       0.048,*0.704,0.249 
    63  2:neutral  2:neutral       0.017,*0.815,0.167 
    64  2:neutral  2:neutral       0.181,*0.645,0.174 
    65  2:neutral  2:neutral       0.135,*0.774,0.091 
    66  2:neutral 3:positive   +   0.036,0.304,*0.66 
    67  2:neutral  2:neutral       0.021,*0.757,0.222 
    68  2:neutral  2:neutral       0.181,*0.536,0.283 
    69  2:neutral 3:positive   +   0.032,0.301,*0.667 
    70  2:neutral 3:positive   +   0.04,0.35,*0.609 
    71  2:neutral  2:neutral       0.144,*0.715,0.14 
    72  2:neutral 3:positive   +   0.038,0.169,*0.793 
    73  2:neutral  2:neutral       0.215,*0.413,0.373 
    74  2:neutral 3:positive   +   0.134,0.419,*0.447 
    75  2:neutral  2:neutral       0.039,*0.804,0.158 
    76  2:neutral  2:neutral       0.134,*0.602,0.264 
    77  2:neutral  2:neutral       0.132,*0.558,0.31 
    78  2:neutral  2:neutral       0.055,*0.726,0.219 
    79  2:neutral  2:neutral       0.151,*0.748,0.101 
    80  2:neutral  2:neutral       0.046,*0.909,0.045 
    81  2:neutral 3:positive   +   0.329,0.278,*0.393 
    82  2:neutral  2:neutral       0.13,*0.817,0.053 
    83  2:neutral 3:positive   +   0.39,0.135,*0.475 
    84  2:neutral 3:positive   +   0.026,0.124,*0.85 
    85  2:neutral  2:neutral       0.192,*0.568,0.241 
    86  2:neutral  2:neutral       0.057,*0.823,0.121 
    87  2:neutral  2:neutral       0.016,*0.577,0.407 
    88  2:neutral  2:neutral       0.036,*0.533,0.431 
    89  2:neutral  2:neutral       0.246,*0.47,0.284 
    90  2:neutral  2:neutral       0.086,*0.761,0.153 
    91  2:neutral  2:neutral       0.047,*0.726,0.227 
    92  2:neutral  2:neutral       0.086,*0.699,0.215 
    93  2:neutral  2:neutral       0.083,*0.709,0.208 
    94  2:neutral 3:positive   +   0.049,0.458,*0.493 
    95  2:neutral  2:neutral       0.104,*0.475,0.421 
    96  2:neutral  2:neutral       0.151,*0.749,0.1 
    97  2:neutral  2:neutral       0.047,*0.843,0.109 
    98  2:neutral 3:positive   +   0.065,0.334,*0.601 
    99  2:neutral  2:neutral       0.047,*0.867,0.086 
   100  2:neutral  2:neutral       0.148,*0.671,0.181 
   101  2:neutral  2:neutral       0.389,*0.498,0.112 
   102  2:neutral 3:positive   +   0.077,0.27,*0.652 
   103  2:neutral  2:neutral       0.042,*0.728,0.23 
   104  2:neutral  2:neutral       0.168,*0.462,0.37 
   105  2:neutral  2:neutral       0.076,*0.706,0.217 
   106  2:neutral 3:positive   +   0.196,0.198,*0.606 
   107  2:neutral  2:neutral       0.078,*0.697,0.225 
   108  2:neutral  2:neutral       0.042,*0.882,0.075 
   109  2:neutral  2:neutral       0.022,*0.814,0.163 
   110  2:neutral  2:neutral       0.069,*0.873,0.058 
   111  2:neutral  2:neutral       0.079,*0.558,0.363 
   112  2:neutral  2:neutral       0.008,*0.847,0.145 
   113  2:neutral  2:neutral       0.04,*0.509,0.451 
   114  2:neutral 3:positive   +   0.165,0.291,*0.544 
   115  2:neutral  2:neutral       0.043,*0.735,0.222 
   116  2:neutral  2:neutral       0.444,*0.449,0.107 
   117  2:neutral  2:neutral       0.019,*0.955,0.025 
   118  2:neutral  2:neutral       0.091,*0.67,0.239 
   119  2:neutral  2:neutral       0.02,*0.688,0.292 
   120  2:neutral 3:positive   +   0.093,0.319,*0.588 
   121  2:neutral  2:neutral       0.064,*0.589,0.347 
   122  2:neutral 3:positive   +   0.134,0.199,*0.667 
   123  2:neutral  2:neutral       0.049,*0.877,0.074 
   124  2:neutral  2:neutral       0.107,*0.762,0.131 
   125  2:neutral  2:neutral       0.293,*0.544,0.162 
   126  2:neutral 3:positive   +   0.073,0.378,*0.549 
   127  2:neutral  2:neutral       0.018,*0.897,0.085 
   128  2:neutral 3:positive   +   0.032,0.455,*0.514 
   129  2:neutral  2:neutral       0.099,*0.698,0.203 
   130  2:neutral  2:neutral       0.043,*0.618,0.339 
   131  2:neutral  2:neutral       0.216,*0.431,0.353 
   132  2:neutral  2:neutral       0.053,*0.755,0.192 
   133  2:neutral  2:neutral       0.036,*0.865,0.1 
   134  2:neutral  2:neutral       0.064,*0.772,0.164 
   135  2:neutral  2:neutral       0.023,*0.72,0.257 
   136  2:neutral  2:neutral       0.018,*0.733,0.248 
   137  2:neutral  2:neutral       0.08,*0.65,0.27 
   138  2:neutral 3:positive   +   0.054,0.303,*0.643 
   139  2:neutral  2:neutral       0.122,*0.534,0.344 
   140  2:neutral  2:neutral       0.286,*0.485,0.229 
   141  2:neutral  2:neutral       0.027,*0.792,0.181 
   142  2:neutral  2:neutral       0.076,*0.783,0.141 
   143  2:neutral 3:positive   +   0.164,0.382,*0.454 
   144  2:neutral  2:neutral       0.116,*0.735,0.15 
   145  2:neutral  2:neutral       0.3,*0.409,0.291 
   146  2:neutral  2:neutral       0.067,*0.844,0.089 
   147  2:neutral  2:neutral       0.029,*0.8,0.171 
   148  2:neutral  2:neutral       0.074,*0.76,0.166 
   149  2:neutral 3:positive   +   0.14,0.278,*0.582 
   150  2:neutral  2:neutral       0.06,*0.79,0.15 
   151  2:neutral  2:neutral       0.068,*0.793,0.139 
   152  2:neutral  2:neutral       0.054,*0.892,0.054 
   153  2:neutral  2:neutral       0.021,*0.843,0.136 
   154  2:neutral  2:neutral       0.195,*0.654,0.151 
   155  2:neutral 3:positive   +   0.167,0.278,*0.555 
   156  2:neutral 3:positive   +   0.049,0.433,*0.518 
   157  2:neutral  2:neutral       0.043,*0.616,0.341 
   158  2:neutral  2:neutral       0.029,*0.787,0.184 
   159  2:neutral  2:neutral       0.292,*0.631,0.078 
   160  2:neutral  2:neutral       0.029,*0.768,0.203 
   161  2:neutral  2:neutral       0.154,*0.569,0.278 
   162  2:neutral  2:neutral       0.019,*0.888,0.093 
   163  2:neutral  2:neutral       0.039,*0.638,0.322 
   164  2:neutral 1:negative   +   *0.427,0.37,0.203 
   165  2:neutral  2:neutral       0.134,*0.692,0.174 
   166  2:neutral  2:neutral       0.065,*0.714,0.22 
   167  2:neutral  2:neutral       0.032,*0.538,0.43 
   168  2:neutral  2:neutral       0.039,*0.722,0.238 
   169  2:neutral  2:neutral       0.079,*0.685,0.236 
   170  2:neutral  2:neutral       0.1,*0.825,0.075 
   171  2:neutral  2:neutral       0.045,*0.592,0.363 
   172  2:neutral 1:negative   +   *0.42,0.375,0.205 
   173  2:neutral 1:negative   +   *0.754,0.193,0.053 
   174  2:neutral  2:neutral       0.114,*0.528,0.357 
   175  2:neutral  2:neutral       0.056,*0.681,0.264 
   176  2:neutral 3:positive   +   0.14,0.404,*0.456 
   177  2:neutral  2:neutral       0.101,*0.806,0.093 
   178  2:neutral  2:neutral       0.144,*0.649,0.207 
   179  2:neutral  2:neutral       0.048,*0.737,0.215 
   180  2:neutral  2:neutral       0.054,*0.709,0.237 
   181  2:neutral  2:neutral       0.058,*0.844,0.098 
   182  2:neutral 1:negative   +   *0.513,0.383,0.104 
   183  2:neutral  2:neutral       0.082,*0.71,0.207 
   184  2:neutral 3:positive   +   0.098,0.326,*0.576 
   185  2:neutral  2:neutral       0.116,*0.546,0.338 
   186  2:neutral  2:neutral       0.014,*0.889,0.098 
   187  2:neutral  2:neutral       0.073,*0.617,0.31 
   188  2:neutral  2:neutral       0.196,*0.415,0.389 
   189  2:neutral  2:neutral       0.154,*0.711,0.136 
   190  2:neutral  2:neutral       0.174,*0.712,0.114 
   191  2:neutral  2:neutral       0.111,*0.777,0.112 
   192  2:neutral  2:neutral       0.048,*0.807,0.146 
   193  2:neutral  2:neutral       0.012,*0.57,0.419 
   194  2:neutral  2:neutral       0.059,*0.73,0.212 
   195  2:neutral  2:neutral       0.037,*0.527,0.435 
   196  2:neutral 1:negative   +   *0.473,0.262,0.265 
   197  2:neutral  2:neutral       0.042,*0.607,0.351 
   198  2:neutral  2:neutral       0.291,*0.509,0.2 
   199  2:neutral 3:positive   +   0.049,0.22,*0.731 
   200  2:neutral  2:neutral       0.024,*0.847,0.129 
   201  2:neutral  2:neutral       0.101,*0.678,0.221 
   202  2:neutral  2:neutral       0.136,*0.616,0.248 
   203  2:neutral 3:positive   +   0.076,0.438,*0.486 
   204  2:neutral  2:neutral       0.022,*0.935,0.043 
   205  2:neutral  2:neutral       0.025,*0.697,0.278 
   206  2:neutral  2:neutral       0.085,*0.699,0.216 
   207  2:neutral 3:positive   +   0.031,0.406,*0.563 
   208  2:neutral  2:neutral       0.024,*0.902,0.073 
   209  2:neutral  2:neutral       0.021,*0.908,0.071 
   210  2:neutral 1:negative   +   *0.41,0.204,0.387 
   211  2:neutral  2:neutral       0.024,*0.637,0.339 
   212  2:neutral  2:neutral       0.06,*0.762,0.178 
   213  2:neutral  2:neutral       0.103,*0.588,0.308 
   214  2:neutral  2:neutral       0.037,*0.752,0.21 
   215  2:neutral  2:neutral       0.398,*0.509,0.093 
   216  2:neutral  2:neutral       0.049,*0.664,0.286 
   217  2:neutral  2:neutral       0.062,*0.851,0.087 
   218  2:neutral 1:negative   +   *0.4,0.385,0.214 
   219  2:neutral  2:neutral       0.169,*0.479,0.352 
   220  2:neutral  2:neutral       0.098,*0.671,0.231 
   221  2:neutral 1:negative   +   *0.524,0.337,0.14 
   222  2:neutral 3:positive   +   0.088,0.385,*0.527 
   223  2:neutral  2:neutral       0.022,*0.591,0.387 
   224  2:neutral  2:neutral       0.069,*0.852,0.079 
   225  2:neutral  2:neutral       0.05,*0.815,0.135 
   226  2:neutral  2:neutral       0.057,*0.758,0.186 
   227  2:neutral  2:neutral       0.037,*0.843,0.12 
   228  2:neutral 3:positive   +   0.067,0.263,*0.67 
   229  2:neutral  2:neutral       0.015,*0.727,0.258 
   230  2:neutral 1:negative   +   *0.363,0.361,0.277 
   231  2:neutral  2:neutral       0.098,*0.739,0.163 
   232  2:neutral  2:neutral       0.267,*0.553,0.179 
   233  2:neutral  2:neutral       0.168,*0.574,0.258 
   234  2:neutral  2:neutral       0.046,*0.691,0.263 
   235  2:neutral  2:neutral       0.352,*0.551,0.097 
   236  2:neutral 3:positive   +   0.051,0.379,*0.57 
   237  2:neutral  2:neutral       0.11,*0.468,0.422 
   238  2:neutral  2:neutral       0.247,*0.621,0.132 
   239  2:neutral  2:neutral       0.105,*0.63,0.265 
   240  2:neutral  2:neutral       0.124,*0.725,0.151 
   241  2:neutral 1:negative   +   *0.389,0.315,0.296 
   242  2:neutral  2:neutral       0.042,*0.62,0.337 
   243  2:neutral 3:positive   +   0.02,0.461,*0.519 
   244  2:neutral  2:neutral       0.034,*0.875,0.091 
   245  2:neutral  2:neutral       0.075,*0.805,0.119 
   246  2:neutral 3:positive   +   0.021,0.393,*0.586 
   247  2:neutral  2:neutral       0.026,*0.939,0.035 
   248  2:neutral 3:positive   +   0.072,0.359,*0.569 
   249  2:neutral  2:neutral       0.1,*0.592,0.308 
   250  2:neutral  2:neutral       0.031,*0.789,0.181 
   251  2:neutral  2:neutral       0.063,*0.477,0.46 
   252  2:neutral 3:positive   +   0.019,0.282,*0.699 
   253  2:neutral 3:positive   +   0.059,0.467,*0.473 
   254  2:neutral  2:neutral       0.142,*0.713,0.146 
   255  2:neutral  2:neutral       0.063,*0.814,0.123 
   256  2:neutral  2:neutral       0.071,*0.629,0.3 
   257  2:neutral  2:neutral       0.078,*0.697,0.225 
   258  2:neutral  2:neutral       0.09,*0.85,0.061 
   259  2:neutral  2:neutral       0.122,*0.607,0.271 
   260  2:neutral  2:neutral       0.139,*0.807,0.054 
   261  2:neutral 3:positive   +   0.038,0.354,*0.608 
   262  2:neutral  2:neutral       0.063,*0.811,0.126 
   263  2:neutral  2:neutral       0.071,*0.641,0.288 
   264  2:neutral  2:neutral       0.042,*0.877,0.082 
   265  2:neutral  2:neutral       0.056,*0.65,0.294 
   266  2:neutral  2:neutral       0.024,*0.874,0.102 
   267  2:neutral 3:positive   +   0.082,0.331,*0.587 
   268  2:neutral  2:neutral       0.231,*0.692,0.077 
   269  2:neutral  2:neutral       0.149,*0.533,0.318 
   270  2:neutral  2:neutral       0.094,*0.526,0.379 
   271  2:neutral  2:neutral       0.326,*0.438,0.237 
   272  2:neutral  2:neutral       0.059,*0.579,0.362 
   273  2:neutral  2:neutral       0.23,*0.65,0.12 
   274  2:neutral  2:neutral       0.095,*0.602,0.303 
   275  2:neutral 1:negative   +   *0.618,0.136,0.245 
   276  2:neutral  2:neutral       0.051,*0.764,0.185 
   277  2:neutral 3:positive   +   0.023,0.459,*0.518 
   278  2:neutral  2:neutral       0.04,*0.624,0.336 
   279  2:neutral 1:negative   +   *0.583,0.256,0.161 
   280  2:neutral  2:neutral       0.018,*0.663,0.319 
   281  2:neutral  2:neutral       0.039,*0.74,0.221 
   282  2:neutral  2:neutral       0.032,*0.911,0.057 
   283  2:neutral 1:negative   +   *0.412,0.263,0.325 
   284  2:neutral 3:positive   +   0.051,0.4,*0.549 
   285  2:neutral  2:neutral       0.019,*0.89,0.091 
   286  2:neutral  2:neutral       0.014,*0.571,0.415 
   287  2:neutral  2:neutral       0.043,*0.85,0.107 
   288  2:neutral  2:neutral       0.122,*0.754,0.124 
   289  2:neutral  2:neutral       0.094,*0.736,0.17 
   290  2:neutral  2:neutral       0.009,*0.515,0.476 
   291  2:neutral  2:neutral       0.11,*0.667,0.223 
   292  2:neutral 1:negative   +   *0.6,0.223,0.177 
   293  2:neutral 3:positive   +   0.056,0.239,*0.705 
   294  2:neutral  2:neutral       0.136,*0.438,0.427 
   295  2:neutral  2:neutral       0.281,*0.681,0.038 
   296  2:neutral  2:neutral       0.053,*0.755,0.192 
   297  2:neutral 3:positive   +   0.113,0.422,*0.465 
   298  2:neutral  2:neutral       0.009,*0.652,0.339 
   299  2:neutral  2:neutral       0.075,*0.736,0.19 
   300  2:neutral  2:neutral       0.192,*0.734,0.074 
   301  2:neutral  2:neutral       0.063,*0.646,0.292 
   302  2:neutral  2:neutral       0.079,*0.806,0.115 
   303  2:neutral 3:positive   +   0.05,0.22,*0.73 
   304  2:neutral  2:neutral       0.239,*0.466,0.295 
   305  2:neutral  2:neutral       0.016,*0.891,0.093 
   306  2:neutral  2:neutral       0.027,*0.62,0.353 
   307  2:neutral  2:neutral       0.134,*0.784,0.082 
   308  2:neutral  2:neutral       0.027,*0.953,0.02 
   309  2:neutral 3:positive   +   0.079,0.19,*0.731 
   310  2:neutral  2:neutral       0.139,*0.838,0.023 
   311  2:neutral  2:neutral       0.143,*0.612,0.245 
   312  2:neutral  2:neutral       0.114,*0.709,0.177 
   313  2:neutral  2:neutral       0.093,*0.665,0.242 
   314  2:neutral  2:neutral       0.216,*0.561,0.223 
   315  2:neutral  2:neutral       0.025,*0.677,0.298 
   316  2:neutral  2:neutral       0.064,*0.528,0.409 
   317  2:neutral  2:neutral       0.08,*0.73,0.19 
   318  2:neutral  2:neutral       0.088,*0.823,0.089 
   319  2:neutral  2:neutral       0.209,*0.475,0.316 
   320  2:neutral  2:neutral       0.049,*0.827,0.125 
   321  2:neutral  2:neutral       0.042,*0.889,0.068 
   322  2:neutral  2:neutral       0.09,*0.703,0.206 
   323  2:neutral  2:neutral       0.059,*0.693,0.248 
   324  2:neutral  2:neutral       0.053,*0.797,0.15 
   325  2:neutral  2:neutral       0.038,*0.842,0.12 
   326  2:neutral  2:neutral       0.043,*0.727,0.229 
   327  2:neutral 1:negative   +   *0.995,0.002,0.003 
   328  2:neutral 1:negative   +   *0.613,0.354,0.033 
   329  2:neutral 1:negative   +   *0.731,0.18,0.089 
   330  2:neutral  2:neutral       0.028,*0.89,0.082 
   331  2:neutral  2:neutral       0.062,*0.547,0.391 
   332  2:neutral  2:neutral       0.057,*0.818,0.125 
   333  2:neutral  2:neutral       0.021,*0.82,0.159 
   334  2:neutral 1:negative   +   *0.585,0.169,0.247 
   335  2:neutral 3:positive   +   0.012,0.333,*0.655 
   336  2:neutral  2:neutral       0.062,*0.655,0.283 
   337  2:neutral  2:neutral       0.083,*0.629,0.288 
   338  2:neutral 3:positive   +   0.08,0.45,*0.47 
   339  2:neutral  2:neutral       0.09,*0.736,0.174 
   340  2:neutral  2:neutral       0.317,*0.442,0.241 
   341  2:neutral  2:neutral       0.051,*0.484,0.465 
   342  2:neutral 3:positive   +   0.142,0.128,*0.73 
