Zero Weights processed. Default weights will be used
..
Warning: using -h 0 may be faster
*
optimization finished, #iter = 2453
C = 1649.9960846369743
obj = 861501.8584049501, rho = -53.24667179356018
nSV = 2283, nBSV = 658
Total nSV = 2283
..
Warning: using -h 0 may be faster
*
optimization finished, #iter = 2272
C = 1741.7352072510635
obj = 936877.962108477, rho = -37.52769332662237
nSV = 2250, nBSV = 669
Total nSV = 2250
..
Warning: using -h 0 may be faster
*
optimization finished, #iter = 2321
C = 1614.8152526715471
obj = 863956.50065821, rho = -22.86381183890362
nSV = 2242, nBSV = 657
Total nSV = 2242
..
Warning: using -h 0 may be faster
*
optimization finished, #iter = 2188
C = 1702.5163676612685
obj = 900026.8496025237, rho = -28.16158761458458
nSV = 2259, nBSV = 655
Total nSV = 2259
..
Warning: using -h 0 may be faster
*
optimization finished, #iter = 2281
C = 1596.856870376688
obj = 837925.8618768931, rho = -61.88279930429613
nSV = 2266, nBSV = 666
Total nSV = 2266
..
Warning: using -h 0 may be faster
*
optimization finished, #iter = 2880
C = 1729.329065698528
obj = 1110411.3955729255, rho = -45.239206408622955
nSV = 2735, nBSV = 876
...
Warning: using -h 0 may be faster
*
optimization finished, #iter = 3823
C = 3860.605340470401
obj = 3707173.824748558, rho = -155.86031775126318
nSV = 3829, nBSV = 909
Total nSV = 3829
...
Warning: using -h 0 may be faster
*
optimization finished, #iter = 3689
C = 3710.9677973105654
obj = 3459245.2961418526, rho = -24.93647623249154
nSV = 3785, nBSV = 953
Total nSV = 3785
...
Warning: using -h 0 may be faster
*
optimization finished, #iter = 3711
C = 3698.045344397193
obj = 3473820.174935773, rho = -39.4156496116212
nSV = 3775, nBSV = 943
Total nSV = 3775
...
Warning: using -h 0 may be faster
*
optimization finished, #iter = 3654
C = 3693.1348385245824
obj = 3546886.0933204936, rho = -51.45600374705219
nSV = 3764, nBSV = 924
Total nSV = 3764
...
Warning: using -h 0 may be faster
*
optimization finished, #iter = 3780
C = 3980.391298542465
obj = 3856103.6839922513, rho = -42.69891699410017
nSV = 3807, nBSV = 938
Total nSV = 3807
Line search fails in two-class probability estimates
....
Warning: using -h 0 may be faster
*
optimization finished, #iter = 4600
C = 4097.361344606928
obj = 4762203.482347574, rho = -43.33875950675035
nSV = 4570, nBSV = 1254
..
Warning: using -h 0 may be faster
*
optimization finished, #iter = 2521
C = 1690.6591299767622
obj = 992845.5998972631, rho = -87.85560821810834
nSV = 2640, nBSV = 770
Total nSV = 2640
..
Warning: using -h 0 may be faster
*
optimization finished, #iter = 2379
C = 1713.484976840537
obj = 1037180.0518596016, rho = -83.63453579513497
nSV = 2597, nBSV = 791
Total nSV = 2597
..
Warning: using -h 0 may be faster
*
optimization finished, #iter = 2606
C = 1851.8979301540714
obj = 1147022.1190916013, rho = -103.40250189971212
nSV = 2632, nBSV = 748
Total nSV = 2632
..
Warning: using -h 0 may be faster
*
optimization finished, #iter = 2458
C = 1879.2962966275957
obj = 1167626.2620281314, rho = -90.67295470921677
nSV = 2615, nBSV = 764
Total nSV = 2615
..
Warning: using -h 0 may be faster
*
optimization finished, #iter = 2493
C = 1809.8191232476165
obj = 1111374.0876330647, rho = -103.59755834085914
nSV = 2603, nBSV = 774
Total nSV = 2603
...
Warning: using -h 0 may be faster
*
optimization finished, #iter = 3056
C = 1900.7505637596048
obj = 1381712.9798495255, rho = 3.7826914321651017
nSV = 3168, nBSV = 1029
Total nSV = 7383
.
Warning: using -h 0 may be faster
*
optimization finished, #iter = 1885
C = 1561.5864563632524
obj = 673079.5135179353, rho = -9.914182145725281
nSV = 1892, nBSV = 495
Total nSV = 1892
.
Warning: using -h 0 may be faster
*
optimization finished, #iter = 1878
C = 1581.228748354943
obj = 685646.6732511753, rho = -19.20977058267242
nSV = 1883, nBSV = 469
Total nSV = 1883
.
Warning: using -h 0 may be faster
*
optimization finished, #iter = 1849
C = 1500.104130618442
obj = 637435.8101129255, rho = -31.736063003779435
nSV = 1851, nBSV = 505
Total nSV = 1851
.
Warning: using -h 0 may be faster
*
optimization finished, #iter = 1909
C = 1648.7806931390699
obj = 705083.6073512319, rho = -39.163162973526084
nSV = 1877, nBSV = 468
Total nSV = 1877
.
Warning: using -h 0 may be faster
*
optimization finished, #iter = 1894
C = 1597.7959508569884
obj = 688106.0599303468, rho = -28.769446500613544
nSV = 1870, nBSV = 466
Total nSV = 1870
..
Warning: using -h 0 may be faster
*
optimization finished, #iter = 2411
C = 1629.221317949173
obj = 830534.6060173954, rho = -36.26230534027624
nSV = 2266, nBSV = 657
...
Warning: using -h 0 may be faster
*
optimization finished, #iter = 3084
C = 3446.447243211814
obj = 2676988.9216505666, rho = -154.03380142967598
nSV = 3197, nBSV = 682
Total nSV = 3197
..
Warning: using -h 0 may be faster
*
optimization finished, #iter = 2976
C = 3478.4635822499085
obj = 2693142.6248009875, rho = -19.341446976405535
nSV = 3133, nBSV = 710
Total nSV = 3133
...
Warning: using -h 0 may be faster
*
optimization finished, #iter = 3045
C = 3462.8792646171332
obj = 2737095.9448762555, rho = -19.079117469949562
nSV = 3152, nBSV = 702
Total nSV = 3152
..
Warning: using -h 0 may be faster
*
optimization finished, #iter = 2978
C = 3454.6917389471396
obj = 2779334.6265317765, rho = 6.289991977623268
nSV = 3167, nBSV = 716
Total nSV = 3167
..
Warning: using -h 0 may be faster
*
optimization finished, #iter = 2806
C = 3282.335662622122
obj = 2575512.571584695, rho = -24.47801544299263
nSV = 3064, nBSV = 702
Total nSV = 3064
...
Warning: using -h 0 may be faster
*
optimization finished, #iter = 3596
C = 3755.3580783027414
obj = 3613482.532227839, rho = -18.56893959315992
nSV = 3838, nBSV = 952
..
Warning: using -h 0 may be faster
*
optimization finished, #iter = 2049
C = 1633.3295136106435
obj = 830024.179381042, rho = -78.89610143328039
nSV = 2190, nBSV = 568
Total nSV = 2190
..
Warning: using -h 0 may be faster
*
optimization finished, #iter = 2158
C = 1694.713968383894
obj = 853622.9094647922, rho = -81.72575151032376
nSV = 2207, nBSV = 571
Total nSV = 2207
..
Warning: using -h 0 may be faster
*
optimization finished, #iter = 2235
C = 1718.01448229924
obj = 883699.4878097858, rho = -92.3053783118935
nSV = 2224, nBSV = 557
Total nSV = 2224
..
Warning: using -h 0 may be faster
*
optimization finished, #iter = 2152
C = 1709.8467476371857
obj = 855019.7295602728, rho = -94.20872717289383
nSV = 2220, nBSV = 558
Total nSV = 2220
..
Warning: using -h 0 may be faster
*
optimization finished, #iter = 2187
C = 1700.4878064776194
obj = 871240.4775558006, rho = -90.95839171791742
nSV = 2203, nBSV = 569
Total nSV = 2203
..
Warning: using -h 0 may be faster
*
optimization finished, #iter = 2579
C = 1752.1615689571734
obj = 1065834.5742947254, rho = 16.043757114137325
nSV = 2656, nBSV = 774
Total nSV = 6056
.
Warning: using -h 0 may be faster
*
optimization finished, #iter = 1837
C = 1637.1194087169622
obj = 723745.6154442715, rho = -41.073327074905166
nSV = 1864, nBSV = 499
Total nSV = 1864
..
Warning: using -h 0 may be faster
*
optimization finished, #iter = 2001
C = 1610.50307400605
obj = 702853.1376146964, rho = -30.579422517106575
nSV = 1889, nBSV = 478
Total nSV = 1889
.
Warning: using -h 0 may be faster
*
optimization finished, #iter = 1942
C = 1570.619950605884
obj = 672548.8880140973, rho = -36.572713704375985
nSV = 1905, nBSV = 507
Total nSV = 1905
.
Warning: using -h 0 may be faster
*
optimization finished, #iter = 1978
C = 1543.6423086489594
obj = 648972.5146174254, rho = -29.898341379330496
nSV = 1886, nBSV = 482
Total nSV = 1886
..
Warning: using -h 0 may be faster
*
optimization finished, #iter = 2014
C = 1658.7991562903426
obj = 732771.1120392388, rho = -35.835995251255035
nSV = 1921, nBSV = 478
Total nSV = 1921
..
Warning: using -h 0 may be faster
*
optimization finished, #iter = 2306
C = 1669.260369605763
obj = 870000.7692997224, rho = -44.20531786105359
nSV = 2267, nBSV = 671
...
Warning: using -h 0 may be faster
*
optimization finished, #iter = 3021
C = 3507.4518866155186
obj = 2708987.1050678487, rho = -175.00451072517558
nSV = 3140, nBSV = 712
Total nSV = 3140
..
Warning: using -h 0 may be faster
*
optimization finished, #iter = 2873
C = 3265.797932596783
obj = 2590371.76014049, rho = -133.55177522010325
nSV = 3102, nBSV = 720
Total nSV = 3102
..
Warning: using -h 0 may be faster
*
optimization finished, #iter = 2894
C = 3379.052254065644
obj = 2661654.6009626044, rho = -144.19910185898797
nSV = 3111, nBSV = 713
Total nSV = 3111
..
Warning: using -h 0 may be faster
*
optimization finished, #iter = 2911
C = 3418.030904646584
obj = 2713499.184968163, rho = -125.20743232058794
nSV = 3126, nBSV = 718
Total nSV = 3126
...
Warning: using -h 0 may be faster
*
optimization finished, #iter = 3135
C = 3429.3043350792777
obj = 2627871.824331462, rho = -137.8783462230973
nSV = 3150, nBSV = 683
Total nSV = 3150
Line search fails in two-class probability estimates
...
Warning: using -h 0 may be faster
*
optimization finished, #iter = 3679
C = 3682.8375044325126
obj = 3378976.730430965, rho = -58.17914080685418
nSV = 3811, nBSV = 950
..
Warning: using -h 0 may be faster
*
optimization finished, #iter = 2153
C = 1743.8317041719808
obj = 880640.339854306, rho = 4.178743129405388
nSV = 2176, nBSV = 568
Total nSV = 2176
..
Warning: using -h 0 may be faster
*
optimization finished, #iter = 2085
C = 1710.2392413045293
obj = 857868.769083806, rho = 23.938365993196797
nSV = 2160, nBSV = 587
Total nSV = 2160
..
Warning: using -h 0 may be faster
*
optimization finished, #iter = 2073
C = 1698.2448840080033
obj = 847971.9292385795, rho = 6.200142964141094
nSV = 2179, nBSV = 564
Total nSV = 2179
..
Warning: using -h 0 may be faster
*
optimization finished, #iter = 2014
C = 1633.988585979834
obj = 801276.2339144548, rho = 20.36322543936799
nSV = 2133, nBSV = 586
Total nSV = 2133
..
Warning: using -h 0 may be faster
*
optimization finished, #iter = 2138
C = 1728.8095830856535
obj = 879516.2566900874, rho = 13.62162814716045
nSV = 2185, nBSV = 576
Total nSV = 2185
..
Warning: using -h 0 may be faster
*
optimization finished, #iter = 2417
C = 1766.7429391794
obj = 1051220.0432904111, rho = 15.546345575736929
nSV = 2576, nBSV = 795
Total nSV = 5994
..
Warning: using -h 0 may be faster
*
optimization finished, #iter = 2934
C = 3381.469487993753
obj = 2706703.3681137487, rho = -167.22423015837032
nSV = 3141, nBSV = 712
Total nSV = 3141
..
Warning: using -h 0 may be faster
*
optimization finished, #iter = 2969
C = 3639.5937318369847
obj = 2802627.097504208, rho = -29.11813256627761
nSV = 3161, nBSV = 692
Total nSV = 3161
...
Warning: using -h 0 may be faster
*
optimization finished, #iter = 3229
C = 3508.8342927717185
obj = 2715456.2726975707, rho = -12.412781415433203
nSV = 3232, nBSV = 690
Total nSV = 3232
..
Warning: using -h 0 may be faster
*
optimization finished, #iter = 2877
C = 3489.6975023896066
obj = 2721786.766407692, rho = -28.073281793535422
nSV = 3092, nBSV = 722
Total nSV = 3092
..
Warning: using -h 0 may be faster
*
optimization finished, #iter = 2950
C = 3385.7956878400128
obj = 2625441.564204255, rho = -30.98910309196062
nSV = 3181, nBSV = 686
Total nSV = 3181
Line search fails in two-class probability estimates
...
Warning: using -h 0 may be faster
*
optimization finished, #iter = 3750
C = 3705.9998837476796
obj = 3477877.899541221, rho = -198.13066543691005
nSV = 3818, nBSV = 936
..
Warning: using -h 0 may be faster
*
optimization finished, #iter = 2064
C = 1792.6570033895377
obj = 922404.5140160393, rho = -90.92258277257817
nSV = 2202, nBSV = 554
Total nSV = 2202
..
Warning: using -h 0 may be faster
*
optimization finished, #iter = 2114
C = 1815.6485696895265
obj = 915471.2297034814, rho = -93.82319975748938
nSV = 2201, nBSV = 566
Total nSV = 2201
..
Warning: using -h 0 may be faster
*
optimization finished, #iter = 2183
C = 1792.205038307806
obj = 904247.8525559423, rho = -73.04463486160441
nSV = 2186, nBSV = 585
Total nSV = 2186
..
Warning: using -h 0 may be faster
*
optimization finished, #iter = 2198
C = 1794.8014001838571
obj = 906984.8718157347, rho = -72.71654670642553
nSV = 2214, nBSV = 552
Total nSV = 2214
..
Warning: using -h 0 may be faster
*
optimization finished, #iter = 2166
C = 1726.0534609934607
obj = 873437.5204423654, rho = -81.48317227518088
nSV = 2251, nBSV = 527
Total nSV = 2251
..
Warning: using -h 0 may be faster
*
optimization finished, #iter = 2542
C = 1902.1800087334984
obj = 1165877.790396088, rho = -101.76272514023644
nSV = 2643, nBSV = 752
.
Warning: using -h 0 may be faster
*
optimization finished, #iter = 1937
C = 1565.2996198174048
obj = 674552.7381590238, rho = -38.302473412162136
nSV = 1903, nBSV = 490
Total nSV = 1903
.
Warning: using -h 0 may be faster
*
optimization finished, #iter = 1846
C = 1521.5755376383117
obj = 659467.7504438327, rho = -43.87194133936042
nSV = 1849, nBSV = 496
Total nSV = 1849
.
Warning: using -h 0 may be faster
*
optimization finished, #iter = 1840
C = 1585.2351543270731
obj = 689311.5641775643, rho = -51.3163334241547
nSV = 1876, nBSV = 495
Total nSV = 1876
.
Warning: using -h 0 may be faster
*
optimization finished, #iter = 1910
C = 1624.9198816367518
obj = 718945.552224562, rho = -43.94618477463446
nSV = 1887, nBSV = 465
Total nSV = 1887
.
Warning: using -h 0 may be faster
*
optimization finished, #iter = 1942
C = 1730.438006781243
obj = 780712.9607042922, rho = -65.80989945604121
nSV = 1907, nBSV = 459
Total nSV = 1907
..
Warning: using -h 0 may be faster
*
optimization finished, #iter = 2269
C = 1669.951383298299
obj = 888259.8794037963, rho = -58.39566080709408
nSV = 2255, nBSV = 657
Total nSV = 6073
.
Warning: using -h 0 may be faster
*
optimization finished, #iter = 1882
C = 1623.8282270542024
obj = 719353.3179548585, rho = -40.57266485851849
nSV = 1896, nBSV = 488
Total nSV = 1896
..
Warning: using -h 0 may be faster
*
optimization finished, #iter = 2030
C = 1641.6698516687206
obj = 735520.2928474105, rho = -44.61090025984648
nSV = 1947, nBSV = 468
Total nSV = 1947
..
Warning: using -h 0 may be faster
*
optimization finished, #iter = 2016
C = 1668.501814473436
obj = 749077.4498997855, rho = -24.386028755923892
nSV = 1927, nBSV = 457
Total nSV = 1927
..
Warning: using -h 0 may be faster
*
optimization finished, #iter = 2055
C = 1618.8325186278093
obj = 717114.9245915951, rho = -30.628978946546795
nSV = 1931, nBSV = 471
Total nSV = 1931
.
Warning: using -h 0 may be faster
*
optimization finished, #iter = 1940
C = 1583.9134076997111
obj = 702828.8197163634, rho = -32.247111875008244
nSV = 1913, nBSV = 476
Total nSV = 1913
..
Warning: using -h 0 may be faster
*
optimization finished, #iter = 2396
C = 1669.636322151516
obj = 895829.7454487914, rho = -45.01336480477556
nSV = 2289, nBSV = 633
..
Warning: using -h 0 may be faster
*
optimization finished, #iter = 2160
C = 1769.32002592857
obj = 907616.5377327362, rho = -73.58792263532774
nSV = 2185, nBSV = 571
Total nSV = 2185
..
Warning: using -h 0 may be faster
*
optimization finished, #iter = 2186
C = 1765.6119810466741
obj = 881260.0287502764, rho = -65.66986220955116
nSV = 2214, nBSV = 555
Total nSV = 2214
..
Warning: using -h 0 may be faster
*
optimization finished, #iter = 2109
C = 1671.9479017036856
obj = 833510.9063144048, rho = -54.42637458198224
nSV = 2172, nBSV = 564
Total nSV = 2172
..
Warning: using -h 0 may be faster
*
optimization finished, #iter = 2121
C = 1608.5289921975627
obj = 786957.686117651, rho = -59.59987881779299
nSV = 2183, nBSV = 584
Total nSV = 2183
..
Warning: using -h 0 may be faster
*
optimization finished, #iter = 2287
C = 1681.8511073189386
obj = 818873.691332542, rho = -73.20403535237409
nSV = 2201, nBSV = 554
Total nSV = 2201
..
Warning: using -h 0 may be faster
*
optimization finished, #iter = 2686
C = 1792.05963721748
obj = 1060206.062767097, rho = -8.560918388464186
nSV = 2662, nBSV = 783
...
Warning: using -h 0 may be faster
*
optimization finished, #iter = 3207
C = 3327.2847909217544
obj = 2514635.395640628, rho = -154.15112513337644
nSV = 3148, nBSV = 666
Total nSV = 3148
..
Warning: using -h 0 may be faster
*
optimization finished, #iter = 2974
C = 3232.7090668580418
obj = 2492682.415934913, rho = -139.5657669881305
nSV = 3111, nBSV = 710
Total nSV = 3111
...
Warning: using -h 0 may be faster
*
optimization finished, #iter = 3274
C = 3382.6120232275957
obj = 2537531.8579480485, rho = -143.49148011604746
nSV = 3222, nBSV = 664
Total nSV = 3222
...
Warning: using -h 0 may be faster
*
optimization finished, #iter = 3108
C = 3252.2615603066347
obj = 2477811.0315868002, rho = -133.93732137662784
nSV = 3129, nBSV = 692
Total nSV = 3129
...
Warning: using -h 0 may be faster
*
optimization finished, #iter = 3032
C = 3431.235595922607
obj = 2756599.8550770963, rho = -155.95785885424112
nSV = 3156, nBSV = 670
Total nSV = 3156
...
Warning: using -h 0 may be faster
*
optimization finished, #iter = 3757
C = 3708.15069331175
obj = 3579588.839558237, rho = -21.423919198349818
nSV = 3802, nBSV = 924
Total nSV = 6066
.
Warning: using -h 0 may be faster
*
optimization finished, #iter = 1866
C = 1635.6960363135415
obj = 810149.1643571537, rho = 4.78614154269218
nSV = 2103, nBSV = 597
Total nSV = 2103
.
Warning: using -h 0 may be faster
*
optimization finished, #iter = 1966
C = 1629.902536995384
obj = 804146.005188244, rho = -73.44686307338601
nSV = 2164, nBSV = 581
Total nSV = 2164
..
Warning: using -h 0 may be faster
*
optimization finished, #iter = 2160
C = 1661.3516684891051
obj = 808769.7155582662, rho = -75.24768044518336
nSV = 2168, nBSV = 572
Total nSV = 2168
..
Warning: using -h 0 may be faster
*
optimization finished, #iter = 2169
C = 1640.8386732111248
obj = 812610.156747614, rho = -81.97707686809082
nSV = 2180, nBSV = 573
Total nSV = 2180
..
Warning: using -h 0 may be faster
*
optimization finished, #iter = 2073
C = 1605.4204800273026
obj = 790791.1629783891, rho = -67.08526585206185
nSV = 2157, nBSV = 595
Total nSV = 2157
..
Warning: using -h 0 may be faster
*
optimization finished, #iter = 2540
C = 1666.613077328456
obj = 959955.994364662, rho = -2.322489274004447
nSV = 2607, nBSV = 763
.
Warning: using -h 0 may be faster
*
optimization finished, #iter = 1859
C = 1517.3668070113738
obj = 670963.4376636017, rho = -12.851162555322757
nSV = 1847, nBSV = 499
Total nSV = 1847
.
Warning: using -h 0 may be faster
*
optimization finished, #iter = 1850
C = 1524.405499105907
obj = 661770.8762211793, rho = -24.58618925288295
nSV = 1847, nBSV = 492
Total nSV = 1847
.
Warning: using -h 0 may be faster
*
optimization finished, #iter = 1853
C = 1638.911931540201
obj = 716781.6198294503, rho = -41.23253744348541
nSV = 1858, nBSV = 500
Total nSV = 1858
.
Warning: using -h 0 may be faster
*
optimization finished, #iter = 1693
C = 1554.182059687497
obj = 677375.142561126, rho = -33.367847688971445
nSV = 1815, nBSV = 513
Total nSV = 1815
.
Warning: using -h 0 may be faster
*
optimization finished, #iter = 1897
C = 1567.278584904322
obj = 680023.7116524074, rho = -21.96607468023969
nSV = 1873, nBSV = 502
Total nSV = 1873
..
Warning: using -h 0 may be faster
*
optimization finished, #iter = 2260
C = 1573.8278086821329
obj = 808408.4749363515, rho = -25.79948609723621
nSV = 2225, nBSV = 656
...
Warning: using -h 0 may be faster
*
optimization finished, #iter = 3048
C = 3562.4463028124737
obj = 2817335.613874676, rho = -164.24545413129957
nSV = 3170, nBSV = 691
Total nSV = 3170
...
Warning: using -h 0 may be faster
*
optimization finished, #iter = 3126
C = 3551.5743323681468
obj = 2763485.3088428434, rho = -148.56542641823106
nSV = 3183, nBSV = 694
Total nSV = 3183
..
Warning: using -h 0 may be faster
*
optimization finished, #iter = 2967
C = 3342.7059750397034
obj = 2546107.0747136674, rho = -148.4247063964174
nSV = 3146, nBSV = 710
Total nSV = 3146
..
Warning: using -h 0 may be faster
*
optimization finished, #iter = 2942
C = 3559.5739330944043
obj = 2798486.6464085616, rho = -144.54064378680258
nSV = 3132, nBSV = 722
Total nSV = 3132
..
Warning: using -h 0 may be faster
*
optimization finished, #iter = 2887
C = 3519.0528801657747
obj = 2771603.4788879524, rho = -164.77508894125447
nSV = 3145, nBSV = 701
Total nSV = 3145
Line search fails in two-class probability estimates
...
Warning: using -h 0 may be faster
*
optimization finished, #iter = 3565
C = 3721.6358915451165
obj = 3591095.853630077, rho = -176.02545092145348
nSV = 3781, nBSV = 940
Total nSV = 6040


=== Predictions under cross-validation ===

 inst#     actual  predicted error distribution
     1  2:neutral  2:neutral       0.199,*0.546,0.255 
     2  2:neutral  2:neutral       0.011,*0.849,0.14 
     3  2:neutral 3:positive   +   0.098,0.15,*0.752 
     4  2:neutral  2:neutral       0.095,*0.691,0.214 
     5  2:neutral  2:neutral       0.084,*0.691,0.225 
     6  2:neutral 1:negative   +   *0.494,0.437,0.069 
     7  2:neutral 3:positive   +   0.048,0.279,*0.673 
     8  2:neutral  2:neutral       0.078,*0.62,0.303 
     9  2:neutral  2:neutral       0.102,*0.462,0.436 
    10  2:neutral 1:negative   +   *0.714,0.169,0.117 
    11  2:neutral 3:positive   +   0.056,0.469,*0.475 
    12  2:neutral  2:neutral       0.066,*0.823,0.111 
    13  2:neutral  2:neutral       0.041,*0.687,0.271 
    14  2:neutral  2:neutral       0.023,*0.67,0.307 
    15  2:neutral  2:neutral       0.26,*0.541,0.199 
    16  2:neutral 3:positive   +   0.05,0.456,*0.493 
    17  2:neutral 3:positive   +   0.276,0.287,*0.437 
    18  2:neutral  2:neutral       0.279,*0.377,0.344 
    19  2:neutral  2:neutral       0.07,*0.637,0.293 
    20  2:neutral  2:neutral       0.028,*0.878,0.094 
    21  2:neutral 3:positive   +   0.209,0.382,*0.409 
    22  2:neutral 3:positive   +   0.092,0.427,*0.481 
    23  2:neutral  2:neutral       0.088,*0.607,0.305 
    24  2:neutral  2:neutral       0.079,*0.797,0.124 
    25  2:neutral  2:neutral       0.091,*0.562,0.347 
    26  2:neutral 3:positive   +   0.282,0.208,*0.51 
    27  2:neutral  2:neutral       0.03,*0.689,0.28 
    28  2:neutral  2:neutral       0.367,*0.442,0.19 
    29  2:neutral  2:neutral       0.062,*0.606,0.332 
    30  2:neutral 3:positive   +   0.052,0.291,*0.658 
    31  2:neutral 1:negative   +   *0.59,0.287,0.123 
    32  2:neutral 1:negative   +   *0.919,0.068,0.013 
    33  2:neutral  2:neutral       0.009,*0.849,0.142 
    34  2:neutral  2:neutral       0.076,*0.706,0.217 
    35  2:neutral  2:neutral       0.121,*0.795,0.084 
    36  2:neutral  2:neutral       0.009,*0.875,0.116 
    37  2:neutral  2:neutral       0.32,*0.439,0.241 
    38  2:neutral  2:neutral       0.138,*0.651,0.212 
    39  2:neutral  2:neutral       0.03,*0.681,0.289 
    40  2:neutral 3:positive   +   0.064,0.368,*0.568 
    41  2:neutral  2:neutral       0.078,*0.795,0.128 
    42  2:neutral  2:neutral       0.032,*0.707,0.261 
    43  2:neutral 3:positive   +   0.306,0.099,*0.595 
    44  2:neutral 3:positive   +   0.085,0.409,*0.507 
    45  2:neutral  2:neutral       0.039,*0.785,0.176 
    46  2:neutral  2:neutral       0.03,*0.551,0.419 
    47  2:neutral  2:neutral       0.061,*0.611,0.328 
    48  2:neutral  2:neutral       0.067,*0.592,0.341 
    49  2:neutral  2:neutral       0.042,*0.824,0.134 
    50  2:neutral  2:neutral       0.074,*0.736,0.19 
    51  2:neutral  2:neutral       0.132,*0.757,0.112 
    52  2:neutral  2:neutral       0.18,*0.518,0.303 
    53  2:neutral  2:neutral       0.2,*0.479,0.321 
    54  2:neutral  2:neutral       0.075,*0.569,0.356 
    55  2:neutral  2:neutral       0.088,*0.719,0.193 
    56  2:neutral  2:neutral       0.027,*0.933,0.04 
    57  2:neutral  2:neutral       0.154,*0.446,0.4 
    58  2:neutral 3:positive   +   0.062,0.381,*0.557 
    59  2:neutral  2:neutral       0.08,*0.5,0.42 
    60  2:neutral  2:neutral       0.062,*0.495,0.443 
    61  2:neutral  2:neutral       0.257,*0.51,0.233 
    62  2:neutral  2:neutral       0.158,*0.504,0.339 
    63  2:neutral  2:neutral       0.043,*0.724,0.233 
    64  2:neutral  2:neutral       0.056,*0.561,0.383 
    65  2:neutral  2:neutral       0.261,*0.509,0.23 
    66  2:neutral 3:positive   +   0.17,0.187,*0.643 
    67  2:neutral  2:neutral       0.135,*0.44,0.426 
    68  2:neutral 3:positive   +   0.236,0.277,*0.487 
    69  2:neutral 3:positive   +   0.061,0.418,*0.521 
    70  2:neutral  2:neutral       0.175,*0.475,0.35 
    71  2:neutral  2:neutral       0.169,*0.64,0.191 
    72  2:neutral 3:positive   +   0.03,0.087,*0.883 
    73  2:neutral 3:positive   +   0.109,0.31,*0.581 
    74  2:neutral 3:positive   +   0.076,0.331,*0.593 
    75  2:neutral  2:neutral       0.069,*0.741,0.19 
    76  2:neutral  2:neutral       0.159,*0.629,0.212 
    77  2:neutral  2:neutral       0.129,*0.483,0.387 
    78  2:neutral  2:neutral       0.042,*0.52,0.438 
    79  2:neutral 1:negative   +   *0.593,0.323,0.084 
    80  2:neutral  2:neutral       0.12,*0.808,0.072 
    81  2:neutral  2:neutral       0.321,*0.433,0.246 
    82  2:neutral  2:neutral       0.077,*0.867,0.056 
    83  2:neutral 1:negative   +   *0.467,0.187,0.346 
    84  2:neutral 3:positive   +   0.033,0.226,*0.741 
    85  2:neutral 1:negative   +   *0.521,0.327,0.153 
    86  2:neutral  2:neutral       0.09,*0.63,0.28 
    87  2:neutral  2:neutral       0.025,*0.688,0.287 
    88  2:neutral 3:positive   +   0.042,0.356,*0.602 
    89  2:neutral 1:negative   +   *0.471,0.116,0.413 
    90  2:neutral  2:neutral       0.021,*0.821,0.158 
    91  2:neutral 3:positive   +   0.119,0.435,*0.446 
    92  2:neutral  2:neutral       0.154,*0.556,0.291 
    93  2:neutral  2:neutral       0.089,*0.599,0.312 
    94  2:neutral  2:neutral       0.07,*0.581,0.35 
    95  2:neutral  2:neutral       0.129,*0.504,0.368 
    96  2:neutral  2:neutral       0.163,*0.616,0.221 
    97  2:neutral  2:neutral       0.063,*0.684,0.252 
    98  2:neutral 3:positive   +   0.076,0.317,*0.608 
    99  2:neutral  2:neutral       0.073,*0.702,0.224 
   100  2:neutral  2:neutral       0.092,*0.721,0.188 
   101  2:neutral  2:neutral       0.324,*0.441,0.235 
   102  2:neutral 3:positive   +   0.081,0.431,*0.488 
   103  2:neutral  2:neutral       0.077,*0.714,0.209 
   104  2:neutral  2:neutral       0.163,*0.539,0.298 
   105  2:neutral  2:neutral       0.069,*0.633,0.298 
   106  2:neutral 3:positive   +   0.042,0.149,*0.809 
   107  2:neutral  2:neutral       0.098,*0.562,0.339 
   108  2:neutral  2:neutral       0.087,*0.662,0.251 
   109  2:neutral  2:neutral       0.026,*0.723,0.251 
   110  2:neutral  2:neutral       0.129,*0.656,0.214 
   111  2:neutral  2:neutral       0.06,*0.495,0.445 
   112  2:neutral  2:neutral       0.017,*0.784,0.199 
   113  2:neutral  2:neutral       0.021,*0.669,0.31 
   114  2:neutral 3:positive   +   0.189,0.272,*0.539 
   115  2:neutral 3:positive   +   0.06,0.405,*0.535 
   116  2:neutral  2:neutral       0.097,*0.684,0.219 
   117  2:neutral  2:neutral       0.054,*0.885,0.061 
   118  2:neutral  2:neutral       0.101,*0.608,0.292 
   119  2:neutral  2:neutral       0.038,*0.858,0.104 
   120  2:neutral 3:positive   +   0.046,0.304,*0.65 
   121  2:neutral  2:neutral       0.098,*0.508,0.395 
   122  2:neutral 3:positive   +   0.111,0.27,*0.619 
   123  2:neutral  2:neutral       0.092,*0.751,0.157 
   124  2:neutral  2:neutral       0.101,*0.767,0.132 
   125  2:neutral  2:neutral       0.211,*0.558,0.231 
   126  2:neutral  2:neutral       0.089,*0.521,0.389 
   127  2:neutral  2:neutral       0.053,*0.745,0.202 
   128  2:neutral 3:positive   +   0.012,0.223,*0.765 
   129  2:neutral  2:neutral       0.174,*0.577,0.25 
   130  2:neutral  2:neutral       0.121,*0.7,0.179 
   131  2:neutral  2:neutral       0.245,*0.388,0.366 
   132  2:neutral  2:neutral       0.083,*0.569,0.347 
   133  2:neutral  2:neutral       0.151,*0.61,0.239 
   134  2:neutral  2:neutral       0.066,*0.58,0.354 
   135  2:neutral  2:neutral       0.03,*0.771,0.199 
   136  2:neutral  2:neutral       0.01,*0.73,0.261 
   137  2:neutral  2:neutral       0.08,*0.668,0.252 
   138  2:neutral 3:positive   +   0.039,0.432,*0.529 
   139  2:neutral  2:neutral       0.191,*0.545,0.264 
   140  2:neutral 3:positive   +   0.217,0.372,*0.411 
   141  2:neutral  2:neutral       0.05,*0.618,0.333 
   142  2:neutral  2:neutral       0.24,*0.528,0.232 
   143  2:neutral  2:neutral       0.122,*0.698,0.18 
   144  2:neutral  2:neutral       0.1,*0.575,0.324 
   145  2:neutral 3:positive   +   0.379,0.218,*0.403 
   146  2:neutral  2:neutral       0.424,*0.473,0.102 
   147  2:neutral  2:neutral       0.031,*0.764,0.206 
   148  2:neutral  2:neutral       0.23,*0.507,0.263 
   149  2:neutral 3:positive   +   0.099,0.337,*0.564 
   150  2:neutral  2:neutral       0.098,*0.75,0.152 
   151  2:neutral  2:neutral       0.144,*0.634,0.222 
   152  2:neutral  2:neutral       0.036,*0.862,0.102 
   153  2:neutral  2:neutral       0.037,*0.814,0.15 
   154  2:neutral  2:neutral       0.112,*0.679,0.209 
   155  2:neutral  2:neutral       0.068,*0.506,0.426 
   156  2:neutral 3:positive   +   0.066,0.346,*0.588 
   157  2:neutral  2:neutral       0.067,*0.752,0.181 
   158  2:neutral  2:neutral       0.034,*0.761,0.205 
   159  2:neutral  2:neutral       0.112,*0.819,0.069 
   160  2:neutral  2:neutral       0.007,*0.624,0.369 
   161  2:neutral  2:neutral       0.172,*0.564,0.264 
   162  2:neutral  2:neutral       0.032,*0.831,0.137 
   163  2:neutral  2:neutral       0.019,*0.727,0.254 
   164  2:neutral  2:neutral       0.25,*0.443,0.307 
   165  2:neutral  2:neutral       0.049,*0.839,0.112 
   166  2:neutral  2:neutral       0.114,*0.634,0.252 
   167  2:neutral  2:neutral       0.122,*0.601,0.277 
   168  2:neutral  2:neutral       0.038,*0.667,0.295 
   169  2:neutral 3:positive   +   0.161,0.358,*0.481 
   170  2:neutral  2:neutral       0.079,*0.715,0.206 
   171  2:neutral  2:neutral       0.093,*0.511,0.396 
   172  2:neutral  2:neutral       0.064,*0.586,0.35 
   173  2:neutral 1:negative   +   *0.608,0.303,0.088 
   174  2:neutral  2:neutral       0.11,*0.565,0.325 
   175  2:neutral  2:neutral       0.06,*0.593,0.347 
   176  2:neutral  2:neutral       0.308,*0.356,0.337 
   177  2:neutral  2:neutral       0.013,*0.813,0.175 
   178  2:neutral  2:neutral       0.166,*0.641,0.193 
   179  2:neutral  2:neutral       0.19,*0.565,0.245 
   180  2:neutral  2:neutral       0.065,*0.74,0.195 
   181  2:neutral  2:neutral       0.063,*0.767,0.17 
   182  2:neutral 1:negative   +   *0.821,0.144,0.034 
   183  2:neutral  2:neutral       0.045,*0.696,0.259 
   184  2:neutral 3:positive   +   0.108,0.364,*0.528 
   185  2:neutral  2:neutral       0.104,*0.585,0.311 
   186  2:neutral  2:neutral       0.027,*0.693,0.28 
   187  2:neutral  2:neutral       0.057,*0.472,0.471 
   188  2:neutral  2:neutral       0.113,*0.467,0.421 
   189  2:neutral 1:negative   +   *0.757,0.188,0.055 
   190  2:neutral  2:neutral       0.287,*0.618,0.094 
   191  2:neutral  2:neutral       0.188,*0.668,0.144 
   192  2:neutral  2:neutral       0.042,*0.766,0.193 
   193  2:neutral  2:neutral       0.011,*0.532,0.456 
   194  2:neutral  2:neutral       0.11,*0.76,0.13 
   195  2:neutral 3:positive   +   0.079,0.245,*0.677 
   196  2:neutral  2:neutral       0.071,*0.621,0.308 
   197  2:neutral  2:neutral       0.092,*0.7,0.208 
   198  2:neutral  2:neutral       0.306,*0.47,0.224 
   199  2:neutral 3:positive   +   0.108,0.277,*0.615 
   200  2:neutral  2:neutral       0.095,*0.549,0.356 
   201  2:neutral  2:neutral       0.041,*0.771,0.188 
   202  2:neutral  2:neutral       0.076,*0.613,0.311 
   203  2:neutral  2:neutral       0.125,*0.516,0.359 
   204  2:neutral  2:neutral       0.01,*0.97,0.02 
   205  2:neutral 3:positive   +   0.02,0.442,*0.538 
   206  2:neutral  2:neutral       0.42,*0.439,0.141 
   207  2:neutral 3:positive   +   0.019,0.295,*0.686 
   208  2:neutral  2:neutral       0.039,*0.792,0.169 
   209  2:neutral  2:neutral       0.045,*0.744,0.212 
   210  2:neutral 3:positive   +   0.281,0.309,*0.41 
   211  2:neutral  2:neutral       0.031,*0.74,0.229 
   212  2:neutral  2:neutral       0.058,*0.823,0.119 
   213  2:neutral  2:neutral       0.076,*0.687,0.237 
   214  2:neutral  2:neutral       0.096,*0.672,0.232 
   215  2:neutral  2:neutral       0.149,*0.657,0.193 
   216  2:neutral  2:neutral       0.085,*0.546,0.369 
   217  2:neutral  2:neutral       0.045,*0.792,0.163 
   218  2:neutral 3:positive   +   0.187,0.304,*0.509 
   219  2:neutral  2:neutral       0.112,*0.723,0.166 
   220  2:neutral  2:neutral       0.065,*0.543,0.392 
   221  2:neutral  2:neutral       0.369,*0.405,0.226 
   222  2:neutral  2:neutral       0.169,*0.555,0.277 
   223  2:neutral  2:neutral       0.048,*0.496,0.456 
   224  2:neutral  2:neutral       0.094,*0.636,0.271 
   225  2:neutral  2:neutral       0.06,*0.854,0.086 
   226  2:neutral  2:neutral       0.078,*0.696,0.226 
   227  2:neutral  2:neutral       0.039,*0.768,0.193 
   228  2:neutral  2:neutral       0.05,*0.482,0.469 
   229  2:neutral  2:neutral       0.042,*0.517,0.441 
   230  2:neutral 1:negative   +   *0.377,0.29,0.333 
   231  2:neutral  2:neutral       0.064,*0.753,0.183 
   232  2:neutral  2:neutral       0.316,*0.422,0.262 
   233  2:neutral 3:positive   +   0.204,0.379,*0.417 
   234  2:neutral  2:neutral       0.116,*0.538,0.346 
   235  2:neutral  2:neutral       0.203,*0.673,0.124 
   236  2:neutral  2:neutral       0.118,*0.485,0.396 
   237  2:neutral 3:positive   +   0.05,0.174,*0.776 
   238  2:neutral  2:neutral       0.203,*0.575,0.222 
   239  2:neutral  2:neutral       0.174,*0.589,0.237 
   240  2:neutral  2:neutral       0.077,*0.476,0.447 
   241  2:neutral  2:neutral       0.26,*0.431,0.309 
   242  2:neutral  2:neutral       0.074,*0.598,0.328 
   243  2:neutral 3:positive   +   0.039,0.358,*0.603 
   244  2:neutral  2:neutral       0.078,*0.58,0.343 
   245  2:neutral  2:neutral       0.192,*0.574,0.235 
   246  2:neutral 3:positive   +   0.024,0.382,*0.594 
   247  2:neutral  2:neutral       0.007,*0.97,0.023 
   248  2:neutral 3:positive   +   0.057,0.257,*0.687 
   249  2:neutral 3:positive   +   0.226,0.385,*0.389 
   250  2:neutral  2:neutral       0.051,*0.657,0.292 
   251  2:neutral  2:neutral       0.086,*0.489,0.425 
   252  2:neutral  2:neutral       0.073,*0.486,0.441 
   253  2:neutral  2:neutral       0.229,*0.628,0.143 
   254  2:neutral  2:neutral       0.115,*0.789,0.095 
   255  2:neutral  2:neutral       0.086,*0.738,0.176 
   256  2:neutral  2:neutral       0.07,*0.581,0.348 
   257  2:neutral  2:neutral       0.098,*0.562,0.339 
   258  2:neutral  2:neutral       0.039,*0.857,0.104 
   259  2:neutral 3:positive   +   0.067,0.438,*0.495 
   260  2:neutral  2:neutral       0.067,*0.861,0.072 
   261  2:neutral 3:positive   +   0.022,0.328,*0.651 
   262  2:neutral  2:neutral       0.049,*0.664,0.287 
   263  2:neutral 3:positive   +   0.073,0.391,*0.536 
   264  2:neutral  2:neutral       0.054,*0.848,0.099 
   265  2:neutral  2:neutral       0.132,*0.595,0.273 
   266  2:neutral  2:neutral       0.032,*0.757,0.212 
   267  2:neutral 3:positive   +   0.257,0.357,*0.386 
   268  2:neutral  2:neutral       0.358,*0.473,0.169 
   269  2:neutral  2:neutral       0.213,*0.455,0.331 
   270  2:neutral 3:positive   +   0.163,0.23,*0.607 
   271  2:neutral 1:negative   +   *0.445,0.198,0.357 
   272  2:neutral  2:neutral       0.078,*0.614,0.308 
   273  2:neutral  2:neutral       0.323,*0.456,0.221 
   274  2:neutral 3:positive   +   0.097,0.314,*0.588 
   275  2:neutral 3:positive   +   0.301,0.175,*0.523 
   276  2:neutral  2:neutral       0.048,*0.824,0.129 
   277  2:neutral  2:neutral       0.013,*0.597,0.39 
   278  2:neutral  2:neutral       0.039,*0.742,0.219 
   279  2:neutral 1:negative   +   *0.555,0.174,0.272 
   280  2:neutral 3:positive   +   0.042,0.434,*0.523 
   281  2:neutral  2:neutral       0.075,*0.656,0.269 
   282  2:neutral  2:neutral       0.096,*0.735,0.169 
   283  2:neutral  2:neutral       0.213,*0.436,0.351 
   284  2:neutral 3:positive   +   0.046,0.375,*0.58 
   285  2:neutral  2:neutral       0.01,*0.876,0.114 
   286  2:neutral 3:positive   +   0.104,0.443,*0.453 
   287  2:neutral  2:neutral       0.063,*0.85,0.087 
   288  2:neutral  2:neutral       0.219,*0.666,0.114 
   289  2:neutral 3:positive   +   0.131,0.424,*0.444 
   290  2:neutral  2:neutral       0.018,*0.65,0.333 
   291  2:neutral  2:neutral       0.131,*0.649,0.22 
   292  2:neutral 1:negative   +   *0.537,0.294,0.169 
   293  2:neutral  2:neutral       0.151,*0.492,0.357 
   294  2:neutral 3:positive   +   0.176,0.186,*0.637 
   295  2:neutral  2:neutral       0.044,*0.908,0.049 
   296  2:neutral  2:neutral       0.083,*0.569,0.347 
   297  2:neutral 3:positive   +   0.188,0.235,*0.576 
   298  2:neutral  2:neutral       0.101,*0.766,0.132 
   299  2:neutral  2:neutral       0.267,*0.516,0.218 
   300  2:neutral  2:neutral       0.059,*0.858,0.083 
   301  2:neutral  2:neutral       0.037,*0.619,0.344 
   302  2:neutral  2:neutral       0.074,*0.676,0.249 
   303  2:neutral 3:positive   +   0.074,0.175,*0.751 
   304  2:neutral  2:neutral       0.101,*0.518,0.381 
   305  2:neutral  2:neutral       0.027,*0.8,0.174 
   306  2:neutral 3:positive   +   0.141,0.424,*0.435 
   307  2:neutral  2:neutral       0.105,*0.692,0.204 
   308  2:neutral  2:neutral       0.147,*0.82,0.033 
   309  2:neutral 3:positive   +   0.012,0.241,*0.746 
   310  2:neutral  2:neutral       0.047,*0.933,0.021 
   311  2:neutral  2:neutral       0.196,*0.466,0.339 
   312  2:neutral  2:neutral       0.083,*0.506,0.411 
   313  2:neutral  2:neutral       0.107,*0.751,0.143 
   314  2:neutral  2:neutral       0.186,*0.604,0.21 
   315  2:neutral 3:positive   +   0.038,0.363,*0.599 
   316  2:neutral 3:positive   +   0.047,0.221,*0.733 
   317  2:neutral  2:neutral       0.131,*0.481,0.388 
   318  2:neutral  2:neutral       0.085,*0.645,0.27 
   319  2:neutral  2:neutral       0.122,*0.459,0.419 
   320  2:neutral  2:neutral       0.311,*0.572,0.117 
   321  2:neutral  2:neutral       0.118,*0.768,0.115 
   322  2:neutral  2:neutral       0.07,*0.833,0.097 
   323  2:neutral 3:positive   +   0.136,0.365,*0.498 
   324  2:neutral  2:neutral       0.076,*0.724,0.2 
   325  2:neutral  2:neutral       0.086,*0.545,0.369 
   326  2:neutral  2:neutral       0.094,*0.625,0.281 
   327  2:neutral 1:negative   +   *0.643,0.16,0.196 
   328  2:neutral 1:negative   +   *0.649,0.191,0.159 
   329  2:neutral  2:neutral       0.282,*0.608,0.11 
   330  2:neutral  2:neutral       0.028,*0.868,0.105 
   331  2:neutral  2:neutral       0.109,*0.736,0.155 
   332  2:neutral  2:neutral       0.145,*0.566,0.289 
   333  2:neutral  2:neutral       0.019,*0.75,0.231 
   334  2:neutral  2:neutral       0.332,*0.511,0.157 
   335  2:neutral 3:positive   +   0.036,0.362,*0.602 
   336  2:neutral  2:neutral       0.12,*0.507,0.373 
   337  2:neutral  2:neutral       0.068,*0.834,0.097 
   338  2:neutral  2:neutral       0.089,*0.619,0.292 
   339  2:neutral  2:neutral       0.026,*0.843,0.131 
   340  2:neutral  2:neutral       0.297,*0.429,0.274 
   341  2:neutral  2:neutral       0.077,*0.636,0.287 
   342  2:neutral 3:positive   +   0.079,0.221,*0.7 
   343  2:neutral  2:neutral       0.104,*0.76,0.136 
   344  2:neutral 3:positive   +   0.038,0.321,*0.641 
   345  2:neutral  2:neutral       0.055,*0.694,0.251 
   346  2:neutral 3:positive   +   0.127,0.382,*0.491 
   347  2:neutral  2:neutral       0.098,*0.562,0.339 
   348  2:neutral  2:neutral       0.248,*0.397,0.355 
   349  2:neutral  2:neutral       0.228,*0.536,0.237 
   350  2:neutral  2:neutral       0.101,*0.652,0.247 
   351  2:neutral  2:neutral       0.037,*0.686,0.277 
   352  2:neutral  2:neutral       0.041,*0.661,0.298 
   353  2:neutral  2:neutral       0.247,*0.418,0.335 
   354  2:neutral 1:negative   +   *0.826,0.05,0.124 
   355  2:neutral  2:neutral       0.079,*0.615,0.307 
   356  2:neutral 3:positive   +   0.142,0.27,*0.587 
   357  2:neutral 3:positive   +   0.077,0.449,*0.474 
