Zero Weights processed. Default weights will be used
.
Warning: using -h 0 may be faster
*
optimization finished, #iter = 1997
C = 384.0739828411859
obj = 198268.0879478972, rho = -10.97450149271467
nSV = 2617, nBSV = 1742
Total nSV = 2617
..*
optimization finished, #iter = 2049
C = 348.53417398173406
obj = 174235.940339355, rho = 5.081230460863728
nSV = 2607, nBSV = 1757
Total nSV = 2607
.
Warning: using -h 0 may be faster
*
optimization finished, #iter = 1956
C = 361.56917847345346
obj = 182757.28289333833, rho = -8.756519918523447
nSV = 2608, nBSV = 1762
Total nSV = 2608
.
Warning: using -h 0 may be faster
*
optimization finished, #iter = 1937
C = 322.4679644181178
obj = 155060.5411520705, rho = 1.251879782886564
nSV = 2575, nBSV = 1781
Total nSV = 2575
.
Warning: using -h 0 may be faster
*
optimization finished, #iter = 1955
C = 354.70191446443044
obj = 176958.25863325986, rho = -4.507890907151384
nSV = 2586, nBSV = 1756
Total nSV = 2586
.
Warning: using -h 0 may be faster
.
Warning: using -h 0 may be faster
*
optimization finished, #iter = 2402
C = 331.13615697879294
obj = 195829.3742807441, rho = -9.617232724066588
nSV = 3177, nBSV = 2264
....
Warning: using -h 0 may be faster
*
optimization finished, #iter = 4321
C = 1208.7794870069633
obj = 1179063.8199692112, rho = 37.76531270304853
nSV = 4672, nBSV = 2328
Total nSV = 4672
....
Warning: using -h 0 may be faster
*
optimization finished, #iter = 4133
C = 1216.2692008189483
obj = 1166964.055718026, rho = 33.624145858773055
nSV = 4635, nBSV = 2318
Total nSV = 4635
....
Warning: using -h 0 may be faster
*
optimization finished, #iter = 4188
C = 1250.0682850593773
obj = 1215210.750676662, rho = 32.24742326495602
nSV = 4661, nBSV = 2304
Total nSV = 4661
....
Warning: using -h 0 may be faster
*
optimization finished, #iter = 4256
C = 1222.0927965693597
obj = 1170627.5870509916, rho = 29.341890006210964
nSV = 4656, nBSV = 2294
Total nSV = 4656
....
Warning: using -h 0 may be faster
*
optimization finished, #iter = 4111
C = 1243.5877659361856
obj = 1222465.3553898202, rho = 27.531395407217033
nSV = 4629, nBSV = 2315
Total nSV = 4629
.
Warning: using -h 0 may be faster
....
Warning: using -h 0 may be faster
*
optimization finished, #iter = 5342
C = 1256.5171212764392
obj = 1421213.757677508, rho = 43.430486549204375
nSV = 5668, nBSV = 2970
..
Warning: using -h 0 may be faster
*
optimization finished, #iter = 2321
C = 383.0164466707358
obj = 204421.5049522894, rho = -25.805254100930018
nSV = 3077, nBSV = 1988
Total nSV = 3077
..
Warning: using -h 0 may be faster
*
optimization finished, #iter = 2150
C = 324.25361063090736
obj = 160224.1308003873, rho = -14.777646097675353
nSV = 2998, nBSV = 2047
Total nSV = 2998
..
Warning: using -h 0 may be faster
*
optimization finished, #iter = 2105
C = 340.4448168549894
obj = 176496.38920414998, rho = -25.90490269538875
nSV = 3027, nBSV = 2059
Total nSV = 3027
..
Warning: using -h 0 may be faster
*
optimization finished, #iter = 2290
C = 355.42548800208004
obj = 183808.59525096996, rho = -28.603950086669933
nSV = 3053, nBSV = 2029
Total nSV = 3053
..
Warning: using -h 0 may be faster
*
optimization finished, #iter = 2203
C = 332.8105106735142
obj = 165896.3906350842, rho = -26.512404597392596
nSV = 3017, nBSV = 2048
Total nSV = 3017
.
Warning: using -h 0 may be faster
.
Warning: using -h 0 may be faster
*
optimization finished, #iter = 2693
C = 317.12058468904104
obj = 184632.47208583658, rho = 19.54651707585317
nSV = 3726, nBSV = 2612
Total nSV = 8491
.
Warning: using -h 0 may be faster
*
optimization finished, #iter = 1598
C = 384.0611014448483
obj = 165595.66330869123, rho = -7.5699892813542435
nSV = 2137, nBSV = 1344
Total nSV = 2137
.
Warning: using -h 0 may be faster
*
optimization finished, #iter = 1567
C = 379.06731722835457
obj = 158878.4260384387, rho = -4.871699784017725
nSV = 2108, nBSV = 1377
Total nSV = 2108
.
Warning: using -h 0 may be faster
*
optimization finished, #iter = 1544
C = 350.7350204593275
obj = 146200.57798103854, rho = 2.405032777875916
nSV = 2089, nBSV = 1409
Total nSV = 2089
.
Warning: using -h 0 may be faster
*
optimization finished, #iter = 1555
C = 363.47397813586065
obj = 151913.8473704411, rho = -6.513629818316583
nSV = 2115, nBSV = 1369
Total nSV = 2115
.
Warning: using -h 0 may be faster
*
optimization finished, #iter = 1670
C = 393.12708036907225
obj = 166813.80154840875, rho = -4.02248428405194
nSV = 2141, nBSV = 1358
Total nSV = 2141
.
Warning: using -h 0 may be faster
*
optimization finished, #iter = 1932
C = 347.99354335944986
obj = 171176.1981557995, rho = -4.3558011374558925
nSV = 2587, nBSV = 1764
...
Warning: using -h 0 may be faster
*
optimization finished, #iter = 3207
C = 1164.3024773844859
obj = 955826.2195738581, rho = 45.12558189925659
nSV = 3773, nBSV = 1819
Total nSV = 3773
...
Warning: using -h 0 may be faster
*
optimization finished, #iter = 3297
C = 1172.1217683057446
obj = 980881.9107954135, rho = 54.184137468595154
nSV = 3798, nBSV = 1799
Total nSV = 3798
...
Warning: using -h 0 may be faster
*
optimization finished, #iter = 3397
C = 1214.1446008174148
obj = 1005262.9606757289, rho = 19.02682846947271
nSV = 3822, nBSV = 1751
Total nSV = 3822
...
Warning: using -h 0 may be faster
*
optimization finished, #iter = 3402
C = 1230.4969164605131
obj = 1035125.6364650056, rho = 33.861262538094806
nSV = 3832, nBSV = 1758
Total nSV = 3832
...
Warning: using -h 0 may be faster
*
optimization finished, #iter = 3303
C = 1194.6666003575706
obj = 1002235.7917488957, rho = 38.191346460979226
nSV = 3782, nBSV = 1770
Total nSV = 3782
....
Warning: using -h 0 may be faster
*.
Warning: using -h 0 may be faster
*
optimization finished, #iter = 4154
C = 1191.3435719655631
obj = 1145993.8680272456, rho = 41.382589425258445
nSV = 4674, nBSV = 2304
.
Warning: using -h 0 may be faster
*
optimization finished, #iter = 1732
C = 359.81585455906327
obj = 158336.22303515344, rho = -18.304550008485293
nSV = 2466, nBSV = 1589
Total nSV = 2466
.
Warning: using -h 0 may be faster
*
optimization finished, #iter = 1749
C = 358.98726648166
obj = 158959.3683035395, rho = 13.104572676814175
nSV = 2449, nBSV = 1601
Total nSV = 2449
.
Warning: using -h 0 may be faster
*
optimization finished, #iter = 1763
C = 347.47893568903635
obj = 150124.49337868555, rho = 17.194775107405523
nSV = 2443, nBSV = 1616
Total nSV = 2443
.
Warning: using -h 0 may be faster
*
optimization finished, #iter = 1767
C = 350.1676919968768
obj = 152770.8114796661, rho = 9.957992242663785
nSV = 2463, nBSV = 1608
Total nSV = 2463
.
Warning: using -h 0 may be faster
*
optimization finished, #iter = 1791
C = 369.1069351394453
obj = 160609.5419063065, rho = 11.179947579840036
nSV = 2471, nBSV = 1569
Total nSV = 2471
..
Warning: using -h 0 may be faster
*
optimization finished, #iter = 2097
C = 337.58729764604243
obj = 172627.3528225588, rho = 16.064389880789868
nSV = 3017, nBSV = 2053
Total nSV = 6913
.
Warning: using -h 0 may be faster
*
optimization finished, #iter = 1636
C = 384.8847855606074
obj = 164990.98815221796, rho = -8.988183033357139
nSV = 2105, nBSV = 1351
Total nSV = 2105
.
Warning: using -h 0 may be faster
*
optimization finished, #iter = 1627
C = 404.2220579397629
obj = 176514.26213963842, rho = -2.5137991110779874
nSV = 2159, nBSV = 1351
Total nSV = 2159
.
Warning: using -h 0 may be faster
*
optimization finished, #iter = 1695
C = 388.3514034214934
obj = 167443.29598553706, rho = -6.836043256187076
nSV = 2128, nBSV = 1381
Total nSV = 2128
.
Warning: using -h 0 may be faster
*
optimization finished, #iter = 1590
C = 358.4291280403067
obj = 148886.74241748152, rho = -6.721267614916363
nSV = 2100, nBSV = 1393
Total nSV = 2100
.
Warning: using -h 0 may be faster
*
optimization finished, #iter = 1630
C = 369.46936125513383
obj = 156327.67847486178, rho = -7.7414731731824595
nSV = 2115, nBSV = 1361
Total nSV = 2115
.
Warning: using -h 0 may be faster
*
optimization finished, #iter = 1927
C = 356.56881207248153
obj = 179222.07436613194, rho = -9.052295692913761
nSV = 2573, nBSV = 1771
...
Warning: using -h 0 may be faster
*
optimization finished, #iter = 3280
C = 1138.1442192623047
obj = 931715.0995461663, rho = 37.49827076040519
nSV = 3781, nBSV = 1790
Total nSV = 3781
...
Warning: using -h 0 may be faster
*
optimization finished, #iter = 3420
C = 1226.326531940271
obj = 1029089.1586592814, rho = -93.2431177012952
nSV = 3842, nBSV = 1760
Total nSV = 3842
.
Warning: using -h 0 may be faster
..
Warning: using -h 0 may be faster
*
optimization finished, #iter = 3282
C = 1139.958041745306
obj = 932857.6599293691, rho = -71.73454921947169
nSV = 3774, nBSV = 1789
Total nSV = 3774
...
Warning: using -h 0 may be faster
*
optimization finished, #iter = 3503
C = 1297.6400966124775
obj = 1095968.1311076658, rho = -81.51063589586956
nSV = 3859, nBSV = 1739
Total nSV = 3859
.
Warning: using -h 0 may be faster
..
Warning: using -h 0 may be faster
*
optimization finished, #iter = 3425
C = 1216.8324887613765
obj = 1036870.7003571456, rho = -72.2348348831586
nSV = 3830, nBSV = 1772
Total nSV = 3830
....
Warning: using -h 0 may be faster
*.
Warning: using -h 0 may be faster
*
optimization finished, #iter = 4253
C = 1198.3886389361671
obj = 1143971.6492759248, rho = 36.932697712545966
nSV = 4643, nBSV = 2299
.
Warning: using -h 0 may be faster
*
optimization finished, #iter = 1776
C = 413.32755143545137
obj = 190682.99732355494, rho = -19.019163447441787
nSV = 2506, nBSV = 1553
Total nSV = 2506
.
Warning: using -h 0 may be faster
*
optimization finished, #iter = 1761
C = 371.56014017791546
obj = 161134.59573471273, rho = -24.210956682514617
nSV = 2487, nBSV = 1586
Total nSV = 2487
.
Warning: using -h 0 may be faster
*
optimization finished, #iter = 1649
C = 291.29581724712256
obj = 116475.5795261622, rho = -18.70466547084121
nSV = 2412, nBSV = 1639
Total nSV = 2412
.
Warning: using -h 0 may be faster
*
optimization finished, #iter = 1769
C = 368.4548296197902
obj = 165926.5766084253, rho = -25.772336774356823
nSV = 2470, nBSV = 1583
Total nSV = 2470
.
Warning: using -h 0 may be faster
*
optimization finished, #iter = 1731
C = 364.71464039789566
obj = 160790.59590124624, rho = -21.495846570874956
nSV = 2475, nBSV = 1597
Total nSV = 2475
..
Warning: using -h 0 may be faster
*
optimization finished, #iter = 2088
C = 333.32028345054664
obj = 166814.65763017055, rho = 17.83884460841021
nSV = 3022, nBSV = 2045
Total nSV = 6934
...
Warning: using -h 0 may be faster
*
optimization finished, #iter = 3418
C = 1277.878425063777
obj = 1066978.3000493029, rho = 32.26646753582975
nSV = 3853, nBSV = 1747
Total nSV = 3853
...
Warning: using -h 0 may be faster
*
optimization finished, #iter = 3401
C = 1188.84303096542
obj = 972781.1241114917, rho = 20.836468084490352
nSV = 3825, nBSV = 1776
Total nSV = 3825
...
Warning: using -h 0 may be faster
*
optimization finished, #iter = 3394
C = 1235.0126491992075
obj = 1023552.3384237065, rho = 35.42891829429268
nSV = 3845, nBSV = 1790
Total nSV = 3845
...
Warning: using -h 0 may be faster
*
optimization finished, #iter = 3329
C = 1217.005592464183
obj = 1018853.1407516365, rho = 57.14537177011695
nSV = 3833, nBSV = 1805
Total nSV = 3833
...
Warning: using -h 0 may be faster
*
optimization finished, #iter = 3487
C = 1215.534249565842
obj = 990989.7565251195, rho = 50.214958532757414
nSV = 3861, nBSV = 1751
Total nSV = 3861
....
Warning: using -h 0 may be faster
*
optimization finished, #iter = 4225
C = 1279.338364211714
obj = 1269500.2758160883, rho = -100.27086227012863
nSV = 4671, nBSV = 2322
.
Warning: using -h 0 may be faster
*
optimization finished, #iter = 1846
C = 371.6714451164696
obj = 158903.63797706287, rho = -28.223775661336624
nSV = 2502, nBSV = 1563
Total nSV = 2502
.
Warning: using -h 0 may be faster
*
optimization finished, #iter = 1933
C = 441.94436712849426
obj = 207692.10994621477, rho = -21.065144552677644
nSV = 2534, nBSV = 1541
Total nSV = 2534
.
Warning: using -h 0 may be faster
*
optimization finished, #iter = 1760
C = 423.10883117644204
obj = 193746.27342408334, rho = -19.862383362708663
nSV = 2506, nBSV = 1559
Total nSV = 2506
.
Warning: using -h 0 may be faster
*
optimization finished, #iter = 1822
C = 391.5500956438199
obj = 180781.62337645286, rho = -25.167526995816868
nSV = 2478, nBSV = 1549
Total nSV = 2478
.
Warning: using -h 0 may be faster
*
optimization finished, #iter = 1887
C = 416.3381516193829
obj = 193289.3641425082, rho = -27.837695131833975
nSV = 2549, nBSV = 1539
Total nSV = 2549
..
Warning: using -h 0 may be faster
*
optimization finished, #iter = 2157
C = 386.6583135798312
obj = 204288.32004484764, rho = -28.356527764207893
nSV = 3081, nBSV = 1999
.
Warning: using -h 0 may be faster
*
optimization finished, #iter = 1657
C = 368.8173165608435
obj = 153890.49291405088, rho = -5.161632899470772
nSV = 2116, nBSV = 1385
Total nSV = 2116
.
Warning: using -h 0 may be faster
*
optimization finished, #iter = 1566
C = 373.19876940848764
obj = 158782.26077841406, rho = -4.008012678109181
nSV = 2104, nBSV = 1379
Total nSV = 2104
.
Warning: using -h 0 may be faster
*
optimization finished, #iter = 1637
C = 430.9595329277361
obj = 189259.49809487732, rho = -8.100112882658115
nSV = 2152, nBSV = 1330
Total nSV = 2152
.
Warning: using -h 0 may be faster
*
optimization finished, #iter = 1552
C = 373.39172353350295
obj = 160376.8690592525, rho = -2.356828272858308
nSV = 2106, nBSV = 1363
Total nSV = 2106
.
Warning: using -h 0 may be faster
*
optimization finished, #iter = 1576
C = 373.7800421829975
obj = 157097.77766240962, rho = -6.169747299121087
nSV = 2127, nBSV = 1359
Total nSV = 2127
.
Warning: using -h 0 may be faster
*
optimization finished, #iter = 1930
C = 356.95714230716436
obj = 178123.75331393981, rho = -7.12095641224626
nSV = 2600, nBSV = 1747
Total nSV = 6960
.
Warning: using -h 0 may be faster
*
optimization finished, #iter = 1619
C = 400.14578011120983
obj = 172264.86608576615, rho = -9.750384122187485
nSV = 2125, nBSV = 1369
Total nSV = 2125
.
Warning: using -h 0 may be faster
*
optimization finished, #iter = 1605
C = 402.2655076892394
obj = 173619.2942534285, rho = -0.2849864503974596
nSV = 2113, nBSV = 1363
Total nSV = 2113
.
Warning: using -h 0 may be faster
*
optimization finished, #iter = 1615
C = 375.38078492152584
obj = 162404.86758840812, rho = 2.99148441195279
nSV = 2132, nBSV = 1369
Total nSV = 2132
.
Warning: using -h 0 may be faster
*
optimization finished, #iter = 1611
C = 408.0047813872261
obj = 181003.707514105, rho = -5.643800308514151
nSV = 2134, nBSV = 1348
Total nSV = 2134
.
Warning: using -h 0 may be faster
*
optimization finished, #iter = 1587
C = 404.2752487971307
obj = 177798.95686839463, rho = 2.6864629252878496
nSV = 2136, nBSV = 1364
Total nSV = 2136
.
Warning: using -h 0 may be faster
*
optimization finished, #iter = 1984
C = 369.868397023442
obj = 188389.29721216438, rho = -2.012023652366752
nSV = 2611, nBSV = 1754
.
Warning: using -h 0 may be faster
*
optimization finished, #iter = 1708
C = 347.29536025804896
obj = 149530.92970019073, rho = 14.013728966213272
nSV = 2455, nBSV = 1579
Total nSV = 2455
.
Warning: using -h 0 may be faster
*
optimization finished, #iter = 1789
C = 376.19721635991607
obj = 169749.0728140476, rho = -16.738596827828545
nSV = 2479, nBSV = 1586
Total nSV = 2479
.
Warning: using -h 0 may be faster
*
optimization finished, #iter = 1732
C = 356.0875547673857
obj = 153925.43038278358, rho = -19.579539459032805
nSV = 2482, nBSV = 1580
Total nSV = 2482
.
Warning: using -h 0 may be faster
*
optimization finished, #iter = 1804
C = 353.91190486940815
obj = 153414.35012717755, rho = -16.81889405782911
nSV = 2479, nBSV = 1603
Total nSV = 2479
.
Warning: using -h 0 may be faster
*
optimization finished, #iter = 1816
C = 385.45471299986997
obj = 173931.15213663323, rho = -21.50039431737565
nSV = 2483, nBSV = 1574
Total nSV = 2483
..
Warning: using -h 0 may be faster
*
optimization finished, #iter = 2105
C = 336.5705349087064
obj = 169716.23425021046, rho = 13.151169295407147
nSV = 3013, nBSV = 2036
...
Warning: using -h 0 may be faster
*
optimization finished, #iter = 3356
C = 1150.01476185654
obj = 963260.2437973744, rho = -84.6983711550031
nSV = 3754, nBSV = 1778
Total nSV = 3754
.
Warning: using -h 0 may be faster
..
Warning: using -h 0 may be faster
*
optimization finished, #iter = 3403
C = 1192.9827586955525
obj = 997690.0939882403, rho = -87.07750874627399
nSV = 3811, nBSV = 1791
Total nSV = 3811
...
Warning: using -h 0 may be faster
*
optimization finished, #iter = 3653
C = 1255.5390665488947
obj = 1053484.968289809, rho = -96.89227390803815
nSV = 3855, nBSV = 1784
Total nSV = 3855
...
Warning: using -h 0 may be faster
*
optimization finished, #iter = 3581
C = 1211.858420434236
obj = 1007853.6174506783, rho = -81.39127495161554
nSV = 3826, nBSV = 1762
Total nSV = 3826
...
Warning: using -h 0 may be faster
*
optimization finished, #iter = 3571
C = 1155.1431062160686
obj = 949414.8856453277, rho = -71.12265008348015
nSV = 3837, nBSV = 1763
Total nSV = 3837
....
Warning: using -h 0 may be faster
*
optimization finished, #iter = 4234
C = 1181.019725175481
obj = 1129236.9956479296, rho = 36.126652043729244
nSV = 4617, nBSV = 2335
Total nSV = 6881
.
Warning: using -h 0 may be faster
*
optimization finished, #iter = 1673
C = 337.7217331957761
obj = 142985.25250307607, rho = -20.60296210436909
nSV = 2454, nBSV = 1601
Total nSV = 2454
.
Warning: using -h 0 may be faster
*
optimization finished, #iter = 1677
C = 329.10481957789324
obj = 139364.32983248812, rho = -17.97038597358802
nSV = 2414, nBSV = 1630
Total nSV = 2414
.
Warning: using -h 0 may be faster
*
optimization finished, #iter = 1654
C = 346.6614650956533
obj = 147943.38529977854, rho = -18.941474401898155
nSV = 2446, nBSV = 1613
Total nSV = 2446
.
Warning: using -h 0 may be faster
*
optimization finished, #iter = 1743
C = 317.0093996527095
obj = 130027.5951856621, rho = -15.853558349253714
nSV = 2455, nBSV = 1607
Total nSV = 2455
.
Warning: using -h 0 may be faster
*
optimization finished, #iter = 1806
C = 325.758233218744
obj = 135372.80782324486, rho = -14.76062543239154
nSV = 2469, nBSV = 1600
Total nSV = 2469
..
Warning: using -h 0 may be faster
*
optimization finished, #iter = 2057
C = 304.9631673233159
obj = 146349.57758212194, rho = 12.866564070477589
nSV = 2983, nBSV = 2074
.
Warning: using -h 0 may be faster
*
optimization finished, #iter = 1586
C = 375.0675779999142
obj = 159131.39586659943, rho = -8.56378369565656
nSV = 2110, nBSV = 1355
Total nSV = 2110
.
Warning: using -h 0 may be faster
*
optimization finished, #iter = 1577
C = 364.1734489983663
obj = 155209.46725951272, rho = -8.643921034736428
nSV = 2113, nBSV = 1374
Total nSV = 2113
.
Warning: using -h 0 may be faster
*
optimization finished, #iter = 1608
C = 360.73683439154274
obj = 154463.89020567923, rho = -11.71842725035862
nSV = 2107, nBSV = 1366
Total nSV = 2107
.
Warning: using -h 0 may be faster
*
optimization finished, #iter = 1542
C = 369.85798734040395
obj = 153054.65376786477, rho = -4.269153753529705
nSV = 2097, nBSV = 1404
Total nSV = 2097
.
Warning: using -h 0 may be faster
*
optimization finished, #iter = 1624
C = 388.6153251002682
obj = 170138.22124541734, rho = -9.615550270289932
nSV = 2131, nBSV = 1346
Total nSV = 2131
.
Warning: using -h 0 may be faster
*
optimization finished, #iter = 1982
C = 347.8354286591551
obj = 174265.16534187, rho = 1.0355901757657668
nSV = 2585, nBSV = 1742
...
Warning: using -h 0 may be faster
*
optimization finished, #iter = 3236
C = 1255.2080678470033
obj = 1057152.12856111, rho = 21.24200446740465
nSV = 3800, nBSV = 1771
Total nSV = 3800
...
Warning: using -h 0 may be faster
*
optimization finished, #iter = 3460
C = 1263.7064711111364
obj = 1056148.4014620332, rho = -85.19537853547429
nSV = 3832, nBSV = 1745
Total nSV = 3832
...
Warning: using -h 0 may be faster
*
optimization finished, #iter = 3477
C = 1234.9126977652545
obj = 1046616.31718857, rho = -85.93613529744736
nSV = 3820, nBSV = 1747
Total nSV = 3820
...
Warning: using -h 0 may be faster
*
optimization finished, #iter = 3471
C = 1276.664207189892
obj = 1085357.9432147562, rho = -84.09843267418326
nSV = 3886, nBSV = 1723
Total nSV = 3886
...
Warning: using -h 0 may be faster
*
optimization finished, #iter = 3412
C = 1256.3675302734875
obj = 1071122.1535385968, rho = -88.41514130011025
nSV = 3812, nBSV = 1754
Total nSV = 3812
....
Warning: using -h 0 may be faster
*
optimization finished, #iter = 4223
C = 1304.5496101190045
obj = 1319896.3189001689, rho = -94.15556393878973
nSV = 4672, nBSV = 2288
Total nSV = 6939


=== Predictions under cross-validation ===

 inst#     actual  predicted error distribution
     1  2:neutral  2:neutral       0.329,*0.558,0.113 
     2  2:neutral  2:neutral       0.035,*0.809,0.155 
     3  2:neutral 3:positive   +   0.084,0.382,*0.534 
     4  2:neutral  2:neutral       0.062,*0.544,0.395 
     5  2:neutral  2:neutral       0.054,*0.732,0.214 
     6  2:neutral 1:negative   +   *0.495,0.456,0.049 
     7  2:neutral  2:neutral       0.079,*0.585,0.336 
     8  2:neutral  2:neutral       0.084,*0.745,0.172 
     9  2:neutral  2:neutral       0.085,*0.656,0.259 
    10  2:neutral 1:negative   +   *0.65,0.206,0.144 
    11  2:neutral 3:positive   +   0.042,0.355,*0.603 
    12  2:neutral  2:neutral       0.047,*0.756,0.198 
    13  2:neutral  2:neutral       0.05,*0.832,0.118 
    14  2:neutral  2:neutral       0.019,*0.559,0.423 
    15  2:neutral  2:neutral       0.397,*0.479,0.123 
    16  2:neutral  2:neutral       0.026,*0.783,0.191 
    17  2:neutral 1:negative   +   *0.406,0.305,0.289 
    18  2:neutral  2:neutral       0.234,*0.477,0.289 
    19  2:neutral  2:neutral       0.103,*0.723,0.175 
    20  2:neutral  2:neutral       0.067,*0.876,0.058 
    21  2:neutral 1:negative   +   *0.61,0.217,0.173 
    22  2:neutral  2:neutral       0.125,*0.568,0.307 
    23  2:neutral  2:neutral       0.078,*0.715,0.207 
    24  2:neutral  2:neutral       0.077,*0.836,0.087 
    25  2:neutral  2:neutral       0.046,*0.707,0.248 
    26  2:neutral 3:positive   +   0.051,0.231,*0.718 
    27  2:neutral  2:neutral       0.03,*0.917,0.053 
    28  2:neutral 1:negative   +   *0.654,0.285,0.061 
    29  2:neutral  2:neutral       0.014,*0.644,0.341 
    30  2:neutral 3:positive   +   0.028,0.3,*0.671 
    31  2:neutral 1:negative   +   *0.49,0.457,0.053 
    32  2:neutral 1:negative   +   *0.926,0.06,0.014 
    33  2:neutral  2:neutral       0.017,*0.904,0.079 
    34  2:neutral  2:neutral       0.048,*0.806,0.147 
    35  2:neutral  2:neutral       0.2,*0.7,0.099 
    36  2:neutral  2:neutral       0.027,*0.652,0.322 
    37  2:neutral  2:neutral       0.177,*0.655,0.168 
    38  2:neutral  2:neutral       0.107,*0.746,0.146 
    39  2:neutral  2:neutral       0.061,*0.702,0.237 
    40  2:neutral  2:neutral       0.04,*0.764,0.196 
    41  2:neutral  2:neutral       0.081,*0.809,0.109 
    42  2:neutral  2:neutral       0.078,*0.737,0.184 
    43  2:neutral 3:positive   +   0.107,0.11,*0.783 
    44  2:neutral 3:positive   +   0.06,0.399,*0.541 
    45  2:neutral  2:neutral       0.053,*0.834,0.114 
    46  2:neutral  2:neutral       0.03,*0.671,0.299 
    47  2:neutral  2:neutral       0.087,*0.669,0.244 
    48  2:neutral 3:positive   +   0.043,0.293,*0.664 
    49  2:neutral  2:neutral       0.056,*0.89,0.055 
    50  2:neutral  2:neutral       0.047,*0.816,0.137 
    51  2:neutral  2:neutral       0.158,*0.731,0.111 
    52  2:neutral  2:neutral       0.287,*0.482,0.23 
    53  2:neutral  2:neutral       0.342,*0.396,0.262 
    54  2:neutral  2:neutral       0.091,*0.564,0.345 
    55  2:neutral  2:neutral       0.048,*0.797,0.155 
    56  2:neutral  2:neutral       0.034,*0.928,0.038 
    57  2:neutral  2:neutral       0.177,*0.549,0.274 
    58  2:neutral  2:neutral       0.07,*0.581,0.349 
    59  2:neutral  2:neutral       0.071,*0.618,0.312 
    60  2:neutral  2:neutral       0.152,*0.56,0.288 
    61  2:neutral  2:neutral       0.173,*0.713,0.115 
    62  2:neutral  2:neutral       0.07,*0.671,0.26 
    63  2:neutral  2:neutral       0.037,*0.664,0.298 
    64  2:neutral  2:neutral       0.125,*0.624,0.251 
    65  2:neutral  2:neutral       0.179,*0.688,0.133 
    66  2:neutral 3:positive   +   0.033,0.324,*0.644 
    67  2:neutral 3:positive   +   0.028,0.42,*0.552 
    68  2:neutral  2:neutral       0.307,*0.486,0.207 
    69  2:neutral 3:positive   +   0.03,0.337,*0.632 
    70  2:neutral 3:positive   +   0.053,0.382,*0.565 
    71  2:neutral  2:neutral       0.193,*0.611,0.197 
    72  2:neutral 3:positive   +   0.031,0.142,*0.827 
    73  2:neutral  2:neutral       0.166,*0.6,0.234 
    74  2:neutral  2:neutral       0.151,*0.462,0.387 
    75  2:neutral  2:neutral       0.057,*0.806,0.137 
    76  2:neutral  2:neutral       0.102,*0.537,0.361 
    77  2:neutral  2:neutral       0.09,*0.612,0.298 
    78  2:neutral  2:neutral       0.106,*0.682,0.212 
    79  2:neutral  2:neutral       0.209,*0.682,0.108 
    80  2:neutral  2:neutral       0.035,*0.793,0.172 
    81  2:neutral  2:neutral       0.326,*0.377,0.298 
    82  2:neutral  2:neutral       0.115,*0.838,0.047 
    83  2:neutral 1:negative   +   *0.441,0.147,0.412 
    84  2:neutral 3:positive   +   0.02,0.272,*0.709 
    85  2:neutral  2:neutral       0.284,*0.448,0.268 
    86  2:neutral  2:neutral       0.064,*0.864,0.072 
    87  2:neutral  2:neutral       0.013,*0.524,0.463 
    88  2:neutral  2:neutral       0.037,*0.768,0.195 
    89  2:neutral 1:negative   +   *0.521,0.312,0.167 
    90  2:neutral  2:neutral       0.038,*0.681,0.28 
    91  2:neutral  2:neutral       0.073,*0.762,0.166 
    92  2:neutral  2:neutral       0.139,*0.679,0.182 
    93  2:neutral  2:neutral       0.075,*0.657,0.269 
    94  2:neutral  2:neutral       0.057,*0.511,0.433 
    95  2:neutral 3:positive   +   0.075,0.322,*0.604 
    96  2:neutral  2:neutral       0.27,*0.622,0.108 
    97  2:neutral  2:neutral       0.064,*0.775,0.161 
    98  2:neutral  2:neutral       0.055,*0.48,0.466 
    99  2:neutral  2:neutral       0.041,*0.821,0.138 
   100  2:neutral  2:neutral       0.069,*0.704,0.227 
   101  2:neutral 3:positive   +   0.228,0.376,*0.396 
   102  2:neutral 3:positive   +   0.052,0.298,*0.65 
   103  2:neutral  2:neutral       0.037,*0.767,0.195 
   104  2:neutral  2:neutral       0.202,*0.567,0.231 
   105  2:neutral  2:neutral       0.052,*0.677,0.271 
   106  2:neutral 3:positive   +   0.204,0.242,*0.555 
   107  2:neutral  2:neutral       0.078,*0.715,0.207 
   108  2:neutral  2:neutral       0.025,*0.835,0.14 
   109  2:neutral  2:neutral       0.011,*0.853,0.136 
   110  2:neutral  2:neutral       0.115,*0.718,0.166 
   111  2:neutral  2:neutral       0.053,*0.735,0.212 
   112  2:neutral  2:neutral       0.017,*0.786,0.197 
   113  2:neutral  2:neutral       0.03,*0.623,0.347 
   114  2:neutral 3:positive   +   0.174,0.368,*0.458 
   115  2:neutral  2:neutral       0.057,*0.725,0.218 
   116  2:neutral  2:neutral       0.177,*0.542,0.281 
   117  2:neutral  2:neutral       0.021,*0.946,0.033 
   118  2:neutral  2:neutral       0.112,*0.528,0.361 
   119  2:neutral  2:neutral       0.032,*0.843,0.125 
   120  2:neutral 3:positive   +   0.052,0.351,*0.596 
   121  2:neutral  2:neutral       0.053,*0.592,0.355 
   122  2:neutral 3:positive   +   0.151,0.162,*0.688 
   123  2:neutral  2:neutral       0.079,*0.847,0.073 
   124  2:neutral  2:neutral       0.103,*0.774,0.124 
   125  2:neutral  2:neutral       0.207,*0.661,0.132 
   126  2:neutral  2:neutral       0.072,*0.627,0.301 
   127  2:neutral  2:neutral       0.033,*0.856,0.11 
   128  2:neutral 3:positive   +   0.04,0.296,*0.663 
   129  2:neutral  2:neutral       0.178,*0.716,0.107 
   130  2:neutral  2:neutral       0.071,*0.73,0.198 
   131  2:neutral 3:positive   +   0.258,0.353,*0.389 
   132  2:neutral  2:neutral       0.067,*0.737,0.196 
   133  2:neutral  2:neutral       0.038,*0.643,0.319 
   134  2:neutral  2:neutral       0.041,*0.872,0.087 
   135  2:neutral  2:neutral       0.029,*0.842,0.13 
   136  2:neutral  2:neutral       0.013,*0.833,0.153 
   137  2:neutral  2:neutral       0.047,*0.729,0.224 
   138  2:neutral  2:neutral       0.059,*0.475,0.466 
   139  2:neutral  2:neutral       0.154,*0.55,0.295 
   140  2:neutral  2:neutral       0.246,*0.665,0.089 
   141  2:neutral  2:neutral       0.039,*0.717,0.243 
   142  2:neutral  2:neutral       0.11,*0.71,0.179 
   143  2:neutral  2:neutral       0.199,*0.53,0.271 
   144  2:neutral  2:neutral       0.137,*0.644,0.219 
   145  2:neutral 3:positive   +   0.298,0.278,*0.424 
   146  2:neutral  2:neutral       0.149,*0.74,0.112 
   147  2:neutral  2:neutral       0.023,*0.825,0.152 
   148  2:neutral  2:neutral       0.05,*0.793,0.157 
   149  2:neutral 3:positive   +   0.185,0.3,*0.515 
   150  2:neutral  2:neutral       0.068,*0.858,0.074 
   151  2:neutral  2:neutral       0.046,*0.659,0.296 
   152  2:neutral  2:neutral       0.047,*0.841,0.112 
   153  2:neutral  2:neutral       0.034,*0.84,0.125 
   154  2:neutral  2:neutral       0.188,*0.685,0.127 
   155  2:neutral 3:positive   +   0.044,0.22,*0.736 
   156  2:neutral 3:positive   +   0.062,0.44,*0.499 
   157  2:neutral  2:neutral       0.041,*0.663,0.296 
   158  2:neutral  2:neutral       0.045,*0.809,0.146 
   159  2:neutral  2:neutral       0.142,*0.802,0.057 
   160  2:neutral  2:neutral       0.009,*0.813,0.179 
   161  2:neutral  2:neutral       0.209,*0.525,0.266 
   162  2:neutral  2:neutral       0.017,*0.876,0.106 
   163  2:neutral  2:neutral       0.023,*0.76,0.217 
   164  2:neutral 1:negative   +   *0.426,0.421,0.152 
   165  2:neutral  2:neutral       0.102,*0.803,0.095 
   166  2:neutral  2:neutral       0.064,*0.766,0.17 
   167  2:neutral  2:neutral       0.062,*0.61,0.327 
   168  2:neutral  2:neutral       0.044,*0.815,0.141 
   169  2:neutral  2:neutral       0.126,*0.713,0.161 
   170  2:neutral  2:neutral       0.112,*0.749,0.139 
   171  2:neutral  2:neutral       0.055,*0.605,0.34 
   172  2:neutral  2:neutral       0.266,*0.643,0.091 
   173  2:neutral 1:negative   +   *0.798,0.158,0.043 
   174  2:neutral  2:neutral       0.092,*0.637,0.271 
   175  2:neutral  2:neutral       0.079,*0.672,0.249 
   176  2:neutral  2:neutral       0.193,*0.41,0.397 
   177  2:neutral  2:neutral       0.069,*0.774,0.157 
   178  2:neutral  2:neutral       0.178,*0.583,0.239 
   179  2:neutral  2:neutral       0.048,*0.753,0.199 
   180  2:neutral  2:neutral       0.035,*0.849,0.116 
   181  2:neutral  2:neutral       0.052,*0.822,0.126 
   182  2:neutral 1:negative   +   *0.814,0.164,0.021 
   183  2:neutral  2:neutral       0.064,*0.729,0.208 
   184  2:neutral 3:positive   +   0.097,0.397,*0.506 
   185  2:neutral  2:neutral       0.133,*0.679,0.188 
   186  2:neutral  2:neutral       0.012,*0.718,0.269 
   187  2:neutral  2:neutral       0.051,*0.579,0.37 
   188  2:neutral 3:positive   +   0.142,0.411,*0.447 
   189  2:neutral  2:neutral       0.416,*0.479,0.105 
   190  2:neutral  2:neutral       0.221,*0.697,0.081 
   191  2:neutral  2:neutral       0.202,*0.704,0.094 
   192  2:neutral  2:neutral       0.057,*0.716,0.226 
   193  2:neutral 3:positive   +   0.01,0.384,*0.606 
   194  2:neutral  2:neutral       0.065,*0.847,0.088 
   195  2:neutral  2:neutral       0.068,*0.518,0.414 
   196  2:neutral  2:neutral       0.183,*0.659,0.157 
   197  2:neutral  2:neutral       0.085,*0.799,0.115 
   198  2:neutral  2:neutral       0.385,*0.437,0.179 
   199  2:neutral 3:positive   +   0.098,0.162,*0.74 
   200  2:neutral  2:neutral       0.072,*0.709,0.219 
   201  2:neutral  2:neutral       0.034,*0.881,0.085 
   202  2:neutral  2:neutral       0.104,*0.725,0.171 
   203  2:neutral 3:positive   +   0.093,0.397,*0.511 
   204  2:neutral  2:neutral       0.03,*0.949,0.021 
   205  2:neutral  2:neutral       0.027,*0.597,0.375 
   206  2:neutral  2:neutral       0.203,*0.586,0.211 
   207  2:neutral  2:neutral       0.069,*0.489,0.441 
   208  2:neutral  2:neutral       0.038,*0.858,0.104 
   209  2:neutral  2:neutral       0.047,*0.826,0.127 
   210  2:neutral 1:negative   +   *0.422,0.264,0.315 
   211  2:neutral  2:neutral       0.028,*0.61,0.363 
   212  2:neutral  2:neutral       0.062,*0.824,0.114 
   213  2:neutral  2:neutral       0.078,*0.796,0.127 
   214  2:neutral  2:neutral       0.087,*0.763,0.149 
   215  2:neutral  2:neutral       0.177,*0.583,0.24 
   216  2:neutral  2:neutral       0.042,*0.601,0.357 
   217  2:neutral  2:neutral       0.073,*0.83,0.098 
   218  2:neutral  2:neutral       0.346,*0.384,0.27 
   219  2:neutral  2:neutral       0.298,*0.593,0.11 
   220  2:neutral  2:neutral       0.061,*0.766,0.173 
   221  2:neutral 1:negative   +   *0.503,0.237,0.26 
   222  2:neutral 3:positive   +   0.094,0.438,*0.468 
   223  2:neutral  2:neutral       0.057,*0.773,0.17 
   224  2:neutral  2:neutral       0.16,*0.707,0.133 
   225  2:neutral  2:neutral       0.034,*0.827,0.139 
   226  2:neutral  2:neutral       0.039,*0.728,0.233 
   227  2:neutral  2:neutral       0.038,*0.816,0.146 
   228  2:neutral 3:positive   +   0.041,0.346,*0.613 
   229  2:neutral  2:neutral       0.013,*0.628,0.359 
   230  2:neutral 1:negative   +   *0.53,0.244,0.226 
   231  2:neutral  2:neutral       0.111,*0.696,0.193 
   232  2:neutral  2:neutral       0.253,*0.516,0.231 
   233  2:neutral  2:neutral       0.166,*0.59,0.244 
   234  2:neutral  2:neutral       0.019,*0.505,0.476 
   235  2:neutral  2:neutral       0.295,*0.627,0.078 
   236  2:neutral  2:neutral       0.09,*0.472,0.438 
   237  2:neutral 3:positive   +   0.05,0.419,*0.531 
   238  2:neutral  2:neutral       0.323,*0.599,0.078 
   239  2:neutral  2:neutral       0.133,*0.453,0.414 
   240  2:neutral  2:neutral       0.115,*0.622,0.263 
   241  2:neutral 1:negative   +   *0.49,0.399,0.111 
   242  2:neutral  2:neutral       0.06,*0.796,0.144 
   243  2:neutral 3:positive   +   0.032,0.357,*0.611 
   244  2:neutral  2:neutral       0.037,*0.832,0.132 
   245  2:neutral  2:neutral       0.132,*0.701,0.167 
   246  2:neutral 3:positive   +   0.012,0.302,*0.687 
   247  2:neutral  2:neutral       0.017,*0.949,0.034 
   248  2:neutral 3:positive   +   0.067,0.438,*0.495 
   249  2:neutral  2:neutral       0.087,*0.566,0.347 
   250  2:neutral  2:neutral       0.04,*0.751,0.209 
   251  2:neutral  2:neutral       0.074,*0.509,0.418 
   252  2:neutral  2:neutral       0.046,*0.708,0.247 
   253  2:neutral  2:neutral       0.105,*0.781,0.114 
   254  2:neutral  2:neutral       0.121,*0.791,0.088 
   255  2:neutral  2:neutral       0.027,*0.794,0.178 
   256  2:neutral  2:neutral       0.073,*0.59,0.338 
   257  2:neutral  2:neutral       0.078,*0.715,0.207 
   258  2:neutral  2:neutral       0.093,*0.852,0.055 
   259  2:neutral  2:neutral       0.065,*0.478,0.458 
   260  2:neutral  2:neutral       0.115,*0.804,0.082 
   261  2:neutral 3:positive   +   0.029,0.274,*0.698 
   262  2:neutral  2:neutral       0.026,*0.852,0.122 
   263  2:neutral  2:neutral       0.085,*0.722,0.193 
   264  2:neutral  2:neutral       0.054,*0.882,0.064 
   265  2:neutral  2:neutral       0.092,*0.604,0.304 
   266  2:neutral  2:neutral       0.042,*0.664,0.294 
   267  2:neutral 3:positive   +   0.055,0.22,*0.725 
   268  2:neutral  2:neutral       0.21,*0.693,0.097 
   269  2:neutral  2:neutral       0.182,*0.562,0.256 
   270  2:neutral  2:neutral       0.16,*0.468,0.372 
   271  2:neutral 1:negative   +   *0.492,0.326,0.182 
   272  2:neutral 3:positive   +   0.07,0.098,*0.832 
   273  2:neutral  2:neutral       0.263,*0.606,0.131 
   274  2:neutral  2:neutral       0.079,*0.63,0.29 
   275  2:neutral 1:negative   +   *0.616,0.115,0.269 
   276  2:neutral  2:neutral       0.019,*0.905,0.076 
   277  2:neutral  2:neutral       0.019,*0.661,0.32 
   278  2:neutral  2:neutral       0.034,*0.89,0.076 
   279  2:neutral 1:negative   +   *0.633,0.25,0.117 
   280  2:neutral 3:positive   +   0.016,0.407,*0.577 
   281  2:neutral  2:neutral       0.081,*0.773,0.146 
   282  2:neutral  2:neutral       0.032,*0.888,0.08 
   283  2:neutral 1:negative   +   *0.401,0.356,0.243 
   284  2:neutral  2:neutral       0.048,*0.54,0.412 
   285  2:neutral  2:neutral       0.015,*0.949,0.036 
   286  2:neutral 3:positive   +   0.054,0.454,*0.492 
   287  2:neutral  2:neutral       0.057,*0.891,0.052 
   288  2:neutral  2:neutral       0.108,*0.79,0.102 
   289  2:neutral  2:neutral       0.107,*0.706,0.187 
   290  2:neutral  2:neutral       0.018,*0.647,0.335 
   291  2:neutral  2:neutral       0.167,*0.431,0.402 
   292  2:neutral 1:negative   +   *0.554,0.249,0.197 
   293  2:neutral 3:positive   +   0.042,0.431,*0.527 
   294  2:neutral  2:neutral       0.129,*0.555,0.316 
   295  2:neutral  2:neutral       0.172,*0.766,0.062 
   296  2:neutral  2:neutral       0.067,*0.737,0.196 
   297  2:neutral  2:neutral       0.128,*0.456,0.416 
   298  2:neutral  2:neutral       0.053,*0.751,0.196 
   299  2:neutral  2:neutral       0.111,*0.744,0.146 
   300  2:neutral  2:neutral       0.088,*0.853,0.059 
   301  2:neutral  2:neutral       0.032,*0.715,0.254 
   302  2:neutral  2:neutral       0.064,*0.67,0.266 
   303  2:neutral 3:positive   +   0.105,0.273,*0.622 
   304  2:neutral 3:positive   +   0.217,0.356,*0.427 
   305  2:neutral  2:neutral       0.02,*0.818,0.161 
   306  2:neutral  2:neutral       0.059,*0.679,0.262 
   307  2:neutral  2:neutral       0.168,*0.635,0.197 
   308  2:neutral  2:neutral       0.026,*0.965,0.009 
   309  2:neutral 3:positive   +   0.048,0.229,*0.723 
   310  2:neutral  2:neutral       0.177,*0.779,0.044 
   311  2:neutral  2:neutral       0.144,*0.498,0.358 
   312  2:neutral  2:neutral       0.075,*0.692,0.234 
   313  2:neutral  2:neutral       0.188,*0.678,0.134 
   314  2:neutral  2:neutral       0.256,*0.598,0.146 
   315  2:neutral  2:neutral       0.019,*0.63,0.352 
   316  2:neutral 3:positive   +   0.045,0.238,*0.717 
   317  2:neutral  2:neutral       0.138,*0.639,0.222 
   318  2:neutral  2:neutral       0.084,*0.792,0.124 
   319  2:neutral  2:neutral       0.144,*0.537,0.32 
   320  2:neutral  2:neutral       0.081,*0.789,0.131 
   321  2:neutral  2:neutral       0.113,*0.77,0.117 
   322  2:neutral  2:neutral       0.074,*0.799,0.127 
   323  2:neutral  2:neutral       0.085,*0.706,0.208 
   324  2:neutral  2:neutral       0.098,*0.808,0.094 
   325  2:neutral  2:neutral       0.042,*0.812,0.146 
   326  2:neutral  2:neutral       0.045,*0.738,0.217 
   327  2:neutral 1:negative   +   *0.972,0.02,0.007 
   328  2:neutral 1:negative   +   *0.638,0.309,0.053 
   329  2:neutral 1:negative   +   *0.63,0.263,0.106 
   330  2:neutral  2:neutral       0.028,*0.893,0.079 
   331  2:neutral 3:positive   +   0.038,0.323,*0.639 
   332  2:neutral  2:neutral       0.078,*0.733,0.189 
   333  2:neutral  2:neutral       0.017,*0.796,0.188 
   334  2:neutral  2:neutral       0.266,*0.372,0.362 
   335  2:neutral  2:neutral       0.033,*0.543,0.424 
   336  2:neutral  2:neutral       0.075,*0.625,0.3 
   337  2:neutral  2:neutral       0.051,*0.844,0.105 
   338  2:neutral  2:neutral       0.068,*0.584,0.348 
   339  2:neutral  2:neutral       0.089,*0.742,0.169 
   340  2:neutral  2:neutral       0.291,*0.55,0.159 
   341  2:neutral  2:neutral       0.064,*0.7,0.236 
   342  2:neutral 3:positive   +   0.16,0.101,*0.739 
   343  2:neutral  2:neutral       0.223,*0.409,0.368 
   344  2:neutral  2:neutral       0.029,*0.545,0.426 
   345  2:neutral  2:neutral       0.02,*0.827,0.153 
   346  2:neutral  2:neutral       0.052,*0.558,0.39 
   347  2:neutral  2:neutral       0.078,*0.715,0.207 
   348  2:neutral  2:neutral       0.327,*0.49,0.183 
   349  2:neutral  2:neutral       0.166,*0.697,0.137 
   350  2:neutral  2:neutral       0.028,*0.687,0.285 
   351  2:neutral  2:neutral       0.042,*0.839,0.119 
   352  2:neutral  2:neutral       0.051,*0.73,0.22 
   353  2:neutral  2:neutral       0.309,*0.526,0.165 
   354  2:neutral 1:negative   +   *0.763,0.083,0.155 
