Zero Weights processed. Default weights will be used
.
Warning: using -h 0 may be faster
*
optimization finished, #iter = 1491
C = 68.09893114691378
obj = 24203.300705934464, rho = 4.950132891374665
nSV = 2874, nBSV = 2540
Total nSV = 2874
.
Warning: using -h 0 may be faster
*
optimization finished, #iter = 1450
C = 67.95016529429685
obj = 24071.60360022224, rho = -4.431538698782969
nSV = 2865, nBSV = 2545
Total nSV = 2865
.
Warning: using -h 0 may be faster
*
optimization finished, #iter = 1367
C = 56.53696626941307
obj = 18610.59584961443, rho = -5.430451263578186
nSV = 2862, nBSV = 2561
Total nSV = 2862
.
Warning: using -h 0 may be faster
*
optimization finished, #iter = 1390
C = 61.266513035384946
obj = 21127.88680146918, rho = -3.2686674817883867
nSV = 2864, nBSV = 2564
Total nSV = 2864
.
Warning: using -h 0 may be faster
*
optimization finished, #iter = 1404
C = 64.4750298063253
obj = 21813.572691589383, rho = -3.2339448343190775
nSV = 2865, nBSV = 2553
Total nSV = 2865
.
Warning: using -h 0 may be faster
*.*
optimization finished, #iter = 1807
C = 54.083300209744344
obj = 21909.416673976044, rho = 3.8622613920669435
nSV = 3561, nBSV = 3209
.
Warning: using -h 0 may be faster
...
Warning: using -h 0 may be faster
*
optimization finished, #iter = 4627
C = 421.73945061956977
obj = 347048.956682515, rho = 20.367754020915328
nSV = 5092, nBSV = 3475
Total nSV = 5092
.
Warning: using -h 0 may be faster
...
Warning: using -h 0 may be faster
*
optimization finished, #iter = 4646
C = 450.6471187930481
obj = 363315.52988976426, rho = 21.739856773358312
nSV = 5102, nBSV = 3458
Total nSV = 5102
.
Warning: using -h 0 may be faster
...
Warning: using -h 0 may be faster
*
optimization finished, #iter = 4462
C = 418.81077857732714
obj = 337947.95825605805, rho = 21.797109297929058
nSV = 5082, nBSV = 3504
Total nSV = 5082
.
Warning: using -h 0 may be faster
...
Warning: using -h 0 may be faster
*
optimization finished, #iter = 4598
C = 481.3319032328833
obj = 401813.0167249721, rho = 31.834896979264432
nSV = 5145, nBSV = 3430
Total nSV = 5145
.
Warning: using -h 0 may be faster
...
Warning: using -h 0 may be faster
*
optimization finished, #iter = 4626
C = 465.75907997385343
obj = 384440.4476059779, rho = 26.206086266971067
nSV = 5126, nBSV = 3425
Total nSV = 5126
..
Warning: using -h 0 may be faster
...
Warning: using -h 0 may be faster
*
optimization finished, #iter = 5759
C = 420.27619293752946
obj = 390690.0731788542, rho = 28.31422388958561
nSV = 6285, nBSV = 4433
.
Warning: using -h 0 may be faster
*
optimization finished, #iter = 1122
C = 0.0
obj = 0.0, rho = NaN
nSV = 0, nBSV = 0
Total nSV = 0
.
Warning: using -h 0 may be faster
*
optimization finished, #iter = 1180
C = 6.245616192931666
obj = 666.7919661136481, rho = -0.3312519500138181
nSV = 3191, nBSV = 3079
Total nSV = 3191
.
Warning: using -h 0 may be faster
*
optimization finished, #iter = 1232
C = 15.912918132177955
obj = 2910.4428924318254, rho = -1.7336298579713407
nSV = 3218, nBSV = 3068
Total nSV = 3218
.
Warning: using -h 0 may be faster
*
optimization finished, #iter = 1179
C = 0.0
obj = 0.0, rho = NaN
nSV = 0, nBSV = 0
Total nSV = 0
.
Warning: using -h 0 may be faster
*
optimization finished, #iter = 1161
C = 7.957253536168061
obj = 898.9015971354424, rho = -0.4193658329006921
nSV = 3191, nBSV = 3079
Total nSV = 3191
Line search fails in two-class probability estimates
.
Warning: using -h 0 may be faster
*
optimization finished, #iter = 1395
C = 8.053774481823826
obj = 1318.8661752267967, rho = 0.6638525321329362
nSV = 3980, nBSV = 3864
Total nSV = 9291
.
Warning: using -h 0 may be faster
*
optimization finished, #iter = 1154
C = 66.34555222794606
obj = 19232.44951805365, rho = 6.866241782588509
nSV = 2311, nBSV = 2030
Total nSV = 2311
.
Warning: using -h 0 may be faster
*
optimization finished, #iter = 1259
C = 83.6580012455206
obj = 25167.443741464234, rho = 1.9312893755277443
nSV = 2344, nBSV = 1991
Total nSV = 2344
.
Warning: using -h 0 may be faster
*
optimization finished, #iter = 1241
C = 76.17113472598649
obj = 23249.618712204436, rho = 2.2124018581613507
nSV = 2310, nBSV = 2012
Total nSV = 2310
.
Warning: using -h 0 may be faster
*
optimization finished, #iter = 1125
C = 66.80419855126274
obj = 19680.567956705407, rho = 4.353198180655973
nSV = 2311, nBSV = 2027
Total nSV = 2311
.
Warning: using -h 0 may be faster
*
optimization finished, #iter = 1225
C = 76.68479834596286
obj = 22882.79569455703, rho = 5.782068172301613
nSV = 2324, nBSV = 2012
Total nSV = 2324
.
Warning: using -h 0 may be faster
*
optimization finished, #iter = 1431
C = 63.9408591301007
obj = 22457.60194280942, rho = 4.825902361701074
nSV = 2858, nBSV = 2563
.
Warning: using -h 0 may be faster
..
Warning: using -h 0 may be faster
*
optimization finished, #iter = 3794
C = 491.2725147197931
obj = 357774.47261022223, rho = -39.8901356508617
nSV = 4201, nBSV = 2679
Total nSV = 4201
.
Warning: using -h 0 may be faster
..
Warning: using -h 0 may be faster
*
optimization finished, #iter = 3843
C = 479.870776251703
obj = 346349.30188877025, rho = -49.938609789290915
nSV = 4194, nBSV = 2688
Total nSV = 4194
.
Warning: using -h 0 may be faster
..
Warning: using -h 0 may be faster
*
optimization finished, #iter = 3804
C = 432.3508221021277
obj = 304992.11107521085, rho = -35.4912961500962
nSV = 4148, nBSV = 2720
Total nSV = 4148
.
Warning: using -h 0 may be faster
...
Warning: using -h 0 may be faster
*
optimization finished, #iter = 4024
C = 454.40755834409407
obj = 322262.8803495589, rho = -40.560151486250845
nSV = 4181, nBSV = 2704
Total nSV = 4181
.
Warning: using -h 0 may be faster
..
Warning: using -h 0 may be faster
*
optimization finished, #iter = 3918
C = 457.25506497899045
obj = 325290.64567369403, rho = -41.892808732154386
nSV = 4200, nBSV = 2689
Total nSV = 4200
.
Warning: using -h 0 may be faster
...
Warning: using -h 0 may be faster
*
optimization finished, #iter = 4622
C = 432.37150966496466
obj = 349406.13826039294, rho = 32.02614515043736
nSV = 5127, nBSV = 3473
.
Warning: using -h 0 may be faster
*
optimization finished, #iter = 1007
C = 20.204565102744976
obj = 3280.820069372095, rho = -0.7615214378759492
nSV = 2589, nBSV = 2434
Total nSV = 2589
*
optimization finished, #iter = 959
C = 8.714260372579595
obj = 774.7711765760142, rho = 0.7722009159917195
nSV = 2571, nBSV = 2454
Total nSV = 2571
*
optimization finished, #iter = 935
C = 0.0
obj = 0.0, rho = NaN
nSV = 0, nBSV = 0
Total nSV = 0
*
optimization finished, #iter = 980
C = 14.94540036243584
obj = 2054.618921725824, rho = 0.785284053101856
nSV = 2562, nBSV = 2453
Total nSV = 2562
*
optimization finished, #iter = 940
C = 8.717024569789935
obj = 822.8199123880402, rho = 0.2889308845499597
nSV = 2566, nBSV = 2455
Total nSV = 2566
Line search fails in two-class probability estimates
.
Warning: using -h 0 may be faster
*
optimization finished, #iter = 1201
C = 10.95168682753313
obj = 1640.1211741973311, rho = 0.5548792888776981
nSV = 3187, nBSV = 3080
Total nSV = 7514
.
Warning: using -h 0 may be faster
*
optimization finished, #iter = 1175
C = 68.08116142504319
obj = 19843.364140808095, rho = 2.121849860887809
nSV = 2318, nBSV = 2023
Total nSV = 2318
.
Warning: using -h 0 may be faster
*
optimization finished, #iter = 1173
C = 69.16559690367569
obj = 19994.716616344187, rho = 4.3928086978333125
nSV = 2315, nBSV = 2027
Total nSV = 2315
.
Warning: using -h 0 may be faster
*
optimization finished, #iter = 1205
C = 76.88186033810035
obj = 22824.016367512082, rho = 3.461836562626436
nSV = 2309, nBSV = 2023
Total nSV = 2309
.
Warning: using -h 0 may be faster
*
optimization finished, #iter = 1150
C = 64.72758738883569
obj = 18282.290923845056, rho = 4.8424018212630635
nSV = 2291, nBSV = 2038
Total nSV = 2291
.
Warning: using -h 0 may be faster
*
optimization finished, #iter = 1286
C = 83.97392229143618
obj = 25369.916394918575, rho = 1.2816714730315184
nSV = 2341, nBSV = 1995
Total nSV = 2341
.
Warning: using -h 0 may be faster
*
optimization finished, #iter = 1432
C = 61.790185454843275
obj = 20991.137893058665, rho = 3.277266927774147
nSV = 2882, nBSV = 2542
.
Warning: using -h 0 may be faster
..
Warning: using -h 0 may be faster
*
optimization finished, #iter = 3901
C = 454.21223737220004
obj = 324805.66628767207, rho = 27.845984756609386
nSV = 4198, nBSV = 2696
Total nSV = 4198
.
Warning: using -h 0 may be faster
..
Warning: using -h 0 may be faster
*
optimization finished, #iter = 3761
C = 462.63274120777805
obj = 326759.72135590354, rho = -39.57842197944573
nSV = 4160, nBSV = 2727
Total nSV = 4160
.
Warning: using -h 0 may be faster
...
Warning: using -h 0 may be faster
*
optimization finished, #iter = 4030
C = 461.0847816197454
obj = 331542.11934239947, rho = -35.89978330391269
nSV = 4219, nBSV = 2694
Total nSV = 4219
.
Warning: using -h 0 may be faster
..
Warning: using -h 0 may be faster
*
optimization finished, #iter = 3975
C = 475.11431358264247
obj = 343548.9941706545, rho = -27.49434265046949
nSV = 4211, nBSV = 2663
Total nSV = 4211
.
Warning: using -h 0 may be faster
..
Warning: using -h 0 may be faster
*
optimization finished, #iter = 3827
C = 436.68196560997785
obj = 314378.4115405994, rho = -47.323312576799765
nSV = 4202, nBSV = 2670
Total nSV = 4202
.
Warning: using -h 0 may be faster
...
Warning: using -h 0 may be faster
*
optimization finished, #iter = 4676
C = 432.1881250570484
obj = 350968.1225348617, rho = 25.083827948727208
nSV = 5137, nBSV = 3473
*
optimization finished, #iter = 883
C = 0.0
obj = 0.0, rho = NaN
nSV = 0, nBSV = 0
Total nSV = 0
*
optimization finished, #iter = 960
C = 11.146854086163463
obj = 1236.278615370213, rho = -0.9393288463668306
nSV = 2566, nBSV = 2450
Total nSV = 2566
*
optimization finished, #iter = 957
C = 12.118135639017133
obj = 1523.2687131292648, rho = -1.2269651875979009
nSV = 2563, nBSV = 2459
Total nSV = 2563
.*
optimization finished, #iter = 1021
C = 18.879705935741896
obj = 2911.905612910101, rho = -1.9477165696839058
nSV = 2583, nBSV = 2441
Total nSV = 2583
*
optimization finished, #iter = 921
C = 0.0
obj = 0.0, rho = NaN
nSV = 0, nBSV = 0
Total nSV = 0
Line search fails in two-class probability estimates
.
Warning: using -h 0 may be faster
*
optimization finished, #iter = 1162
C = 8.731663309391475
obj = 1162.9507802350715, rho = 1.1208603221932374
nSV = 3186, nBSV = 3082
Total nSV = 7522
.
Warning: using -h 0 may be faster
...
Warning: using -h 0 may be faster
*
optimization finished, #iter = 4156
C = 521.3448409785127
obj = 379513.5674564771, rho = -44.54949693340749
nSV = 4235, nBSV = 2641
Total nSV = 4235
.
Warning: using -h 0 may be faster
...
Warning: using -h 0 may be faster
*
optimization finished, #iter = 4234
C = 482.051518653273
obj = 346056.1168482596, rho = -41.292150290349184
nSV = 4240, nBSV = 2664
Total nSV = 4240
.
Warning: using -h 0 may be faster
...
Warning: using -h 0 may be faster
*
optimization finished, #iter = 4059
C = 531.5505892496382
obj = 394211.07268540724, rho = -45.86014307235558
nSV = 4229, nBSV = 2629
Total nSV = 4229
.
Warning: using -h 0 may be faster
..
Warning: using -h 0 may be faster
*
optimization finished, #iter = 3763
C = 446.258372227876
obj = 316985.72482536116, rho = -38.997756114763554
nSV = 4171, nBSV = 2721
Total nSV = 4171
.
Warning: using -h 0 may be faster
...
Warning: using -h 0 may be faster
*
optimization finished, #iter = 4081
C = 481.4811242846519
obj = 349544.3911005881, rho = -42.420941636349625
nSV = 4175, nBSV = 2625
Total nSV = 4175
.
Warning: using -h 0 may be faster
...
Warning: using -h 0 may be faster
*
optimization finished, #iter = 4757
C = 471.8154841877524
obj = 393316.11039047706, rho = -45.88530043365474
nSV = 5158, nBSV = 3414
*
optimization finished, #iter = 975
C = 0.0
obj = 0.0, rho = NaN
nSV = 0, nBSV = 0
Total nSV = 0
*
optimization finished, #iter = 994
C = 18.082490469324878
obj = 2456.6041628514495, rho = 1.375060199019771
nSV = 2590, nBSV = 2427
Total nSV = 2590
*
optimization finished, #iter = 975
C = 18.97547686473044
obj = 2753.9370919589355, rho = 0.9572225387128583
nSV = 2591, nBSV = 2437
Total nSV = 2591
*
optimization finished, #iter = 935
C = 16.59698925791179
obj = 2202.947722617769, rho = 0.2445990238568091
nSV = 2581, nBSV = 2434
Total nSV = 2581
*
optimization finished, #iter = 990
C = 0.0
obj = 0.0, rho = NaN
nSV = 0, nBSV = 0
Total nSV = 0
Line search fails in two-class probability estimates
.
Warning: using -h 0 may be faster
*
optimization finished, #iter = 1211
C = 13.15180186502744
obj = 1927.991772843494, rho = -0.9666720937161554
nSV = 3209, nBSV = 3061
.
Warning: using -h 0 may be faster
*
optimization finished, #iter = 1265
C = 88.85618439427304
obj = 29164.16002038067, rho = 2.4205439091409877
nSV = 2344, nBSV = 1982
Total nSV = 2344
.
Warning: using -h 0 may be faster
*
optimization finished, #iter = 1185
C = 72.66581179769634
obj = 21444.7247209294, rho = -4.280367889542951
nSV = 2313, nBSV = 2027
Total nSV = 2313
.
Warning: using -h 0 may be faster
*
optimization finished, #iter = 1194
C = 74.65485976214346
obj = 21672.77553188862, rho = -4.120285756431518
nSV = 2329, nBSV = 2014
Total nSV = 2329
.
Warning: using -h 0 may be faster
*
optimization finished, #iter = 1211
C = 71.14812366734952
obj = 21436.695713591198, rho = -3.4912498570925656
nSV = 2306, nBSV = 2024
Total nSV = 2306
.
Warning: using -h 0 may be faster
*
optimization finished, #iter = 1224
C = 80.48785174735382
obj = 24639.042712840353, rho = -2.5817348951751735
nSV = 2347, nBSV = 1997
Total nSV = 2347
.
Warning: using -h 0 may be faster
*
optimization finished, #iter = 1428
C = 67.0951554297261
obj = 24040.9102062189, rho = 3.3140784644866446
nSV = 2864, nBSV = 2549
Total nSV = 7531
.
Warning: using -h 0 may be faster
*
optimization finished, #iter = 1235
C = 72.45642791366917
obj = 20632.8645325136, rho = 3.045994039326471
nSV = 2322, nBSV = 2022
Total nSV = 2322
.
Warning: using -h 0 may be faster
*
optimization finished, #iter = 1292
C = 90.21062829401244
obj = 27878.88666187244, rho = 2.9992793786166025
nSV = 2343, nBSV = 2001
Total nSV = 2343
.
Warning: using -h 0 may be faster
*
optimization finished, #iter = 1170
C = 69.83680453510907
obj = 20399.59068850027, rho = 4.225973603405386
nSV = 2320, nBSV = 2013
Total nSV = 2320
.
Warning: using -h 0 may be faster
*
optimization finished, #iter = 1235
C = 88.16367017604784
obj = 27195.906632862636, rho = 3.2784913015868327
nSV = 2348, nBSV = 1998
Total nSV = 2348
.
Warning: using -h 0 may be faster
*
optimization finished, #iter = 1205
C = 73.33811499622644
obj = 20883.800621457667, rho = 4.144758955457456
nSV = 2321, nBSV = 2017
Total nSV = 2321
.
Warning: using -h 0 may be faster
*
optimization finished, #iter = 1481
C = 68.06810575937473
obj = 23734.424234162965, rho = -4.78052733159364
nSV = 2869, nBSV = 2549
*
optimization finished, #iter = 998
C = 17.154125624002756
obj = 2458.20791768954, rho = -1.2459184038594238
nSV = 2565, nBSV = 2447
Total nSV = 2565
*
optimization finished, #iter = 934
C = 8.738630797031394
obj = 849.8681312933496, rho = -0.8875795966705896
nSV = 2562, nBSV = 2460
Total nSV = 2562
*
optimization finished, #iter = 907
C = 0.0
obj = 0.0, rho = NaN
nSV = 0, nBSV = 0
Total nSV = 0
*
optimization finished, #iter = 967
C = 15.260417088161798
obj = 2174.3274999956184, rho = -0.11503727228581326
nSV = 2576, nBSV = 2454
Total nSV = 2576
.*
optimization finished, #iter = 1011
C = 17.437756723872617
obj = 2554.7988300691213, rho = -0.78900572559322
nSV = 2597, nBSV = 2434
Total nSV = 2597
Line search fails in two-class probability estimates
.
Warning: using -h 0 may be faster
*
optimization finished, #iter = 1165
C = 9.604931749531257
obj = 1301.5758817426035, rho = 0.6075737613084442
nSV = 3202, nBSV = 3070
.
Warning: using -h 0 may be faster
..
Warning: using -h 0 may be faster
*
optimization finished, #iter = 3877
C = 474.3825019803957
obj = 343696.3877211833, rho = -43.38607921546332
nSV = 4198, nBSV = 2698
Total nSV = 4198
.
Warning: using -h 0 may be faster
..
Warning: using -h 0 may be faster
*
optimization finished, #iter = 3903
C = 428.75122936634233
obj = 299934.7986161233, rho = -44.992205440592734
nSV = 4163, nBSV = 2708
Total nSV = 4163
.
Warning: using -h 0 may be faster
..
Warning: using -h 0 may be faster
*
optimization finished, #iter = 3975
C = 496.6403622673683
obj = 355269.0076544531, rho = -38.705630943399896
nSV = 4219, nBSV = 2677
Total nSV = 4219
.
Warning: using -h 0 may be faster
..
Warning: using -h 0 may be faster
*
optimization finished, #iter = 3593
C = 433.3328025683403
obj = 308037.2455764287, rho = -34.446950277035775
nSV = 4150, nBSV = 2719
Total nSV = 4150
.
Warning: using -h 0 may be faster
..
Warning: using -h 0 may be faster
*
optimization finished, #iter = 3735
C = 439.04297558732304
obj = 313631.09881841845, rho = -42.282584701553255
nSV = 4175, nBSV = 2702
Total nSV = 4175
.
Warning: using -h 0 may be faster
...
Warning: using -h 0 may be faster
*
optimization finished, #iter = 4771
C = 431.8843561189936
obj = 352462.04781281773, rho = 28.572764843102046
nSV = 5086, nBSV = 3444
Total nSV = 7475
*
optimization finished, #iter = 972
C = 12.012025147253457
obj = 1521.7343570833245, rho = -0.5506400855262531
nSV = 2571, nBSV = 2457
Total nSV = 2571
*
optimization finished, #iter = 937
C = 13.807060098721745
obj = 2003.1978568484892, rho = -0.2830848016978305
nSV = 2566, nBSV = 2462
Total nSV = 2566
*
optimization finished, #iter = 968
C = 12.253900096870085
obj = 1515.0496480769743, rho = -0.2908816740553448
nSV = 2567, nBSV = 2455
Total nSV = 2567
*
optimization finished, #iter = 899
C = 0.0
obj = 0.0, rho = NaN
nSV = 0, nBSV = 0
Total nSV = 0
*
optimization finished, #iter = 900
C = 0.0
obj = 0.0, rho = NaN
nSV = 0, nBSV = 0
Total nSV = 0
Line search fails in two-class probability estimates
.
Warning: using -h 0 may be faster
*
optimization finished, #iter = 1134
C = 7.930911288465352
obj = 1094.3201030300738, rho = 0.1350558378459771
nSV = 3189, nBSV = 3090
.
Warning: using -h 0 may be faster
*
optimization finished, #iter = 1143
C = 70.64202088155173
obj = 20460.74550811961, rho = -2.6662113484868115
nSV = 2302, nBSV = 2025
Total nSV = 2302
.*
optimization finished, #iter = 1078
C = 57.316662240653336
obj = 15116.2108772775, rho = 3.937835357048191
nSV = 2295, nBSV = 2037
Total nSV = 2295
.
Warning: using -h 0 may be faster
*
optimization finished, #iter = 1175
C = 66.4155228671273
obj = 18703.777382163753, rho = 2.897821461625646
nSV = 2301, nBSV = 2026
Total nSV = 2301
.
Warning: using -h 0 may be faster
*
optimization finished, #iter = 1186
C = 71.57456397758602
obj = 20300.0628457345, rho = 1.240299038269735
nSV = 2301, nBSV = 2038
Total nSV = 2301
.
Warning: using -h 0 may be faster
*
optimization finished, #iter = 1186
C = 68.07560131182318
obj = 19170.995528445128, rho = 3.0310925344352775
nSV = 2317, nBSV = 2026
Total nSV = 2317
.
Warning: using -h 0 may be faster
*
optimization finished, #iter = 1413
C = 56.880677565412554
obj = 18582.539686066095, rho = -3.2409543720083183
nSV = 2863, nBSV = 2551
.
Warning: using -h 0 may be faster
..
Warning: using -h 0 may be faster
*
optimization finished, #iter = 3728
C = 505.15351900397457
obj = 369577.36777836387, rho = -36.88682658012595
nSV = 4170, nBSV = 2702
Total nSV = 4170
.
Warning: using -h 0 may be faster
..
Warning: using -h 0 may be faster
*
optimization finished, #iter = 3746
C = 471.2171108236614
obj = 330514.9530646749, rho = -38.442022028273875
nSV = 4197, nBSV = 2670
Total nSV = 4197
.
Warning: using -h 0 may be faster
..
Warning: using -h 0 may be faster
*
optimization finished, #iter = 3762
C = 482.829769163479
obj = 355460.36889227736, rho = -29.103598246676988
nSV = 4152, nBSV = 2706
Total nSV = 4152
.
Warning: using -h 0 may be faster
..
Warning: using -h 0 may be faster
*
optimization finished, #iter = 3812
C = 480.68654887547115
obj = 350790.65364758513, rho = -23.728524997236036
nSV = 4194, nBSV = 2675
Total nSV = 4194
.
Warning: using -h 0 may be faster
..
Warning: using -h 0 may be faster
*
optimization finished, #iter = 3803
C = 479.18289819804414
obj = 338179.70051891403, rho = -33.14141087692319
nSV = 4203, nBSV = 2697
Total nSV = 4203
.
Warning: using -h 0 may be faster
...
Warning: using -h 0 may be faster
*
optimization finished, #iter = 4757
C = 458.10203056700436
obj = 374604.5014888259, rho = -32.62583093476133
nSV = 5137, nBSV = 3435
Total nSV = 7531


=== Predictions under cross-validation ===

 inst#     actual  predicted error distribution
     1  2:neutral  2:neutral       0.196,*0.61,0.193 
     2  2:neutral  2:neutral       0.145,*0.72,0.134 
     3  2:neutral 3:positive   +   0.087,0.302,*0.611 
     4  2:neutral  2:neutral       0.097,*0.46,0.443 
     5  2:neutral  2:neutral       0.13,*0.645,0.225 
     6  2:neutral  2:neutral       0.242,*0.695,0.063 
     7  2:neutral  2:neutral       0.136,*0.617,0.247 
     8  2:neutral  2:neutral       0.152,*0.7,0.148 
     9  2:neutral  2:neutral       0.135,*0.636,0.228 
    10  2:neutral  2:neutral       0.238,*0.651,0.112 
    11  2:neutral 3:positive   +   0.11,0.218,*0.672 
    12  2:neutral  2:neutral       0.118,*0.632,0.25 
    13  2:neutral  2:neutral       0.188,*0.693,0.119 
    14  2:neutral  2:neutral       0.104,*0.615,0.282 
    15  2:neutral  2:neutral       0.212,*0.541,0.247 
    16  2:neutral  2:neutral       0.093,*0.622,0.285 
    17  2:neutral 3:positive   +   0.172,0.355,*0.473 
    18  2:neutral  2:neutral       0.239,*0.48,0.28 
    19  2:neutral  2:neutral       0.193,*0.706,0.101 
    20  2:neutral  2:neutral       0.169,*0.752,0.078 
    21  2:neutral  2:neutral       0.287,*0.512,0.202 
    22  2:neutral 3:positive   +   0.137,0.384,*0.479 
    23  2:neutral  2:neutral       0.136,*0.676,0.188 
    24  2:neutral  2:neutral       0.124,*0.655,0.221 
    25  2:neutral  2:neutral       0.144,*0.638,0.217 
    26  2:neutral  2:neutral       0.143,*0.5,0.358 
    27  2:neutral  2:neutral       0.124,*0.737,0.139 
    28  2:neutral  2:neutral       0.257,*0.637,0.107 
    29  2:neutral  2:neutral       0.074,*0.491,0.436 
    30  2:neutral 3:positive   +   0.084,0.439,*0.478 
    31  2:neutral  2:neutral       0.238,*0.695,0.066 
    32  2:neutral  2:neutral       0.246,*0.692,0.062 
    33  2:neutral  2:neutral       0.124,*0.741,0.135 
    34  2:neutral  2:neutral       0.139,*0.69,0.171 
    35  2:neutral  2:neutral       0.197,*0.709,0.095 
    36  2:neutral  2:neutral       0.117,*0.699,0.184 
    37  2:neutral  2:neutral       0.205,*0.639,0.156 
    38  2:neutral  2:neutral       0.154,*0.655,0.19 
    39  2:neutral  2:neutral       0.135,*0.721,0.143 
    40  2:neutral  2:neutral       0.117,*0.63,0.253 
    41  2:neutral  2:neutral       0.163,*0.637,0.2 
    42  2:neutral  2:neutral       0.135,*0.694,0.171 
    43  2:neutral 3:positive   +   0.08,0.162,*0.758 
    44  2:neutral  2:neutral       0.135,*0.6,0.265 
    45  2:neutral  2:neutral       0.129,*0.749,0.122 
    46  2:neutral  2:neutral       0.119,*0.743,0.138 
    47  2:neutral  2:neutral       0.164,*0.582,0.254 
    48  2:neutral 3:positive   +   0.021,0.048,*0.931 
    49  2:neutral  2:neutral       0.163,*0.711,0.127 
    50  2:neutral  2:neutral       0.138,*0.718,0.145 
    51  2:neutral  2:neutral       0.142,*0.733,0.125 
    52  2:neutral  2:neutral       0.21,*0.613,0.176 
    53  2:neutral  2:neutral       0.214,*0.508,0.278 
    54  2:neutral  2:neutral       0.117,*0.519,0.364 
    55  2:neutral  2:neutral       0.144,*0.622,0.235 
    56  2:neutral  2:neutral       0.141,*0.743,0.116 
    57  2:neutral  2:neutral       0.16,*0.677,0.163 
    58  2:neutral  2:neutral       0.136,*0.627,0.238 
    59  2:neutral  2:neutral       0.153,*0.645,0.202 
    60  2:neutral  2:neutral       0.247,*0.566,0.188 
    61  2:neutral  2:neutral       0.19,*0.695,0.115 
    62  2:neutral  2:neutral       0.121,*0.632,0.247 
    63  2:neutral  2:neutral       0.115,*0.698,0.187 
    64  2:neutral  2:neutral       0.194,*0.618,0.188 
    65  2:neutral  2:neutral       0.181,*0.705,0.114 
    66  2:neutral 3:positive   +   0.064,0.36,*0.577 
    67  2:neutral  2:neutral       0.103,*0.668,0.23 
    68  2:neutral  2:neutral       0.189,*0.552,0.259 
    69  2:neutral 3:positive   +   0.062,0.308,*0.629 
    70  2:neutral 3:positive   +   0.075,0.337,*0.589 
    71  2:neutral  2:neutral       0.164,*0.679,0.156 
    72  2:neutral 3:positive   +   0.064,0.252,*0.684 
    73  2:neutral  2:neutral       0.183,*0.532,0.285 
    74  2:neutral  2:neutral       0.157,*0.491,0.352 
    75  2:neutral  2:neutral       0.129,*0.704,0.167 
    76  2:neutral  2:neutral       0.189,*0.57,0.241 
    77  2:neutral  2:neutral       0.171,*0.613,0.216 
    78  2:neutral  2:neutral       0.136,*0.696,0.167 
    79  2:neutral  2:neutral       0.164,*0.724,0.112 
    80  2:neutral  2:neutral       0.16,*0.754,0.087 
    81  2:neutral 3:positive   +   0.248,0.375,*0.377 
    82  2:neutral  2:neutral       0.186,*0.739,0.075 
    83  2:neutral 3:positive   +   0.281,0.227,*0.492 
    84  2:neutral 3:positive   +   0.052,0.161,*0.788 
    85  2:neutral  2:neutral       0.152,*0.546,0.303 
    86  2:neutral  2:neutral       0.138,*0.706,0.156 
    87  2:neutral  2:neutral       0.087,*0.585,0.328 
    88  2:neutral  2:neutral       0.101,*0.546,0.353 
    89  2:neutral  2:neutral       0.202,*0.572,0.225 
    90  2:neutral  2:neutral       0.142,*0.712,0.145 
    91  2:neutral  2:neutral       0.123,*0.634,0.243 
    92  2:neutral  2:neutral       0.164,*0.623,0.212 
    93  2:neutral  2:neutral       0.133,*0.657,0.21 
    94  2:neutral  2:neutral       0.097,*0.466,0.437 
    95  2:neutral  2:neutral       0.115,*0.463,0.421 
    96  2:neutral  2:neutral       0.218,*0.652,0.13 
    97  2:neutral  2:neutral       0.133,*0.713,0.154 
    98  2:neutral 3:positive   +   0.107,0.402,*0.491 
    99  2:neutral  2:neutral       0.135,*0.743,0.122 
   100  2:neutral  2:neutral       0.18,*0.634,0.185 
   101  2:neutral  2:neutral       0.235,*0.647,0.118 
   102  2:neutral 3:positive   +   0.077,0.253,*0.67 
   103  2:neutral  2:neutral       0.121,*0.634,0.245 
   104  2:neutral  2:neutral       0.138,*0.503,0.359 
   105  2:neutral  2:neutral       0.131,*0.656,0.213 
   106  2:neutral 3:positive   +   0.195,0.257,*0.549 
   107  2:neutral  2:neutral       0.136,*0.652,0.212 
   108  2:neutral  2:neutral       0.116,*0.742,0.142 
   109  2:neutral  2:neutral       0.132,*0.734,0.134 
   110  2:neutral  2:neutral       0.171,*0.742,0.087 
   111  2:neutral  2:neutral       0.122,*0.53,0.348 
   112  2:neutral  2:neutral       0.121,*0.74,0.139 
   113  2:neutral  2:neutral       0.085,*0.482,0.432 
   114  2:neutral 3:positive   +   0.16,0.285,*0.555 
   115  2:neutral  2:neutral       0.128,*0.677,0.194 
   116  2:neutral  2:neutral       0.241,*0.696,0.063 
   117  2:neutral  2:neutral       0.152,*0.778,0.069 
   118  2:neutral  2:neutral       0.129,*0.619,0.252 
   119  2:neutral  2:neutral       0.105,*0.641,0.254 
   120  2:neutral 3:positive   +   0.12,0.343,*0.537 
   121  2:neutral  2:neutral       0.105,*0.549,0.346 
   122  2:neutral 3:positive   +   0.137,0.313,*0.55 
   123  2:neutral  2:neutral       0.168,*0.72,0.112 
   124  2:neutral  2:neutral       0.143,*0.695,0.162 
   125  2:neutral  2:neutral       0.232,*0.564,0.204 
   126  2:neutral 3:positive   +   0.123,0.392,*0.486 
   127  2:neutral  2:neutral       0.134,*0.747,0.119 
   128  2:neutral 3:positive   +   0.079,0.422,*0.499 
   129  2:neutral  2:neutral       0.141,*0.678,0.181 
   130  2:neutral  2:neutral       0.109,*0.543,0.348 
   131  2:neutral  2:neutral       0.156,*0.437,0.407 
   132  2:neutral  2:neutral       0.133,*0.676,0.191 
   133  2:neutral  2:neutral       0.118,*0.744,0.138 
   134  2:neutral  2:neutral       0.151,*0.649,0.201 
   135  2:neutral  2:neutral       0.104,*0.667,0.229 
   136  2:neutral  2:neutral       0.116,*0.657,0.228 
   137  2:neutral  2:neutral       0.128,*0.623,0.249 
   138  2:neutral 3:positive   +   0.073,0.218,*0.708 
   139  2:neutral  2:neutral       0.145,*0.497,0.358 
   140  2:neutral  2:neutral       0.229,*0.551,0.22 
   141  2:neutral  2:neutral       0.115,*0.665,0.22 
   142  2:neutral  2:neutral       0.154,*0.672,0.174 
   143  2:neutral 3:positive   +   0.145,0.351,*0.504 
   144  2:neutral  2:neutral       0.165,*0.67,0.165 
   145  2:neutral  2:neutral       0.268,*0.486,0.246 
   146  2:neutral  2:neutral       0.148,*0.733,0.119 
   147  2:neutral  2:neutral       0.127,*0.681,0.191 
   148  2:neutral  2:neutral       0.141,*0.707,0.153 
   149  2:neutral 3:positive   +   0.152,0.24,*0.608 
   150  2:neutral  2:neutral       0.134,*0.696,0.169 
   151  2:neutral  2:neutral       0.142,*0.707,0.15 
   152  2:neutral  2:neutral       0.196,*0.704,0.1 
   153  2:neutral  2:neutral       0.12,*0.744,0.136 
   154  2:neutral  2:neutral       0.203,*0.648,0.149 
   155  2:neutral 3:positive   +   0.141,0.305,*0.553 
   156  2:neutral  2:neutral       0.109,*0.537,0.355 
   157  2:neutral  2:neutral       0.098,*0.531,0.371 
   158  2:neutral  2:neutral       0.118,*0.711,0.172 
   159  2:neutral  2:neutral       0.24,*0.681,0.078 
   160  2:neutral  2:neutral       0.124,*0.709,0.167 
   161  2:neutral  2:neutral       0.176,*0.57,0.254 
   162  2:neutral  2:neutral       0.131,*0.756,0.113 
   163  2:neutral  2:neutral       0.092,*0.541,0.367 
   164  2:neutral  2:neutral       0.236,*0.574,0.191 
   165  2:neutral  2:neutral       0.183,*0.609,0.209 
   166  2:neutral  2:neutral       0.144,*0.648,0.208 
   167  2:neutral  2:neutral       0.097,*0.546,0.358 
   168  2:neutral  2:neutral       0.116,*0.654,0.231 
   169  2:neutral  2:neutral       0.135,*0.623,0.242 
   170  2:neutral  2:neutral       0.194,*0.682,0.124 
   171  2:neutral  2:neutral       0.123,*0.59,0.287 
   172  2:neutral  2:neutral       0.229,*0.578,0.193 
   173  2:neutral  2:neutral       0.26,*0.618,0.122 
   174  2:neutral  2:neutral       0.16,*0.488,0.352 
   175  2:neutral  2:neutral       0.121,*0.601,0.278 
   176  2:neutral 3:positive   +   0.121,0.351,*0.527 
   177  2:neutral  2:neutral       0.179,*0.704,0.116 
   178  2:neutral  2:neutral       0.185,*0.577,0.238 
   179  2:neutral  2:neutral       0.133,*0.671,0.196 
   180  2:neutral  2:neutral       0.109,*0.557,0.334 
   181  2:neutral  2:neutral       0.191,*0.698,0.111 
   182  2:neutral  2:neutral       0.248,*0.611,0.141 
   183  2:neutral  2:neutral       0.135,*0.66,0.205 
   184  2:neutral 3:positive   +   0.152,0.304,*0.544 
   185  2:neutral  2:neutral       0.16,*0.489,0.351 
   186  2:neutral  2:neutral       0.127,*0.755,0.117 
   187  2:neutral  2:neutral       0.126,*0.556,0.318 
   188  2:neutral  2:neutral       0.182,*0.47,0.349 
   189  2:neutral  2:neutral       0.176,*0.696,0.128 
   190  2:neutral  2:neutral       0.202,*0.667,0.131 
   191  2:neutral  2:neutral       0.189,*0.669,0.142 
   192  2:neutral  2:neutral       0.14,*0.698,0.162 
   193  2:neutral  2:neutral       0.079,*0.544,0.377 
   194  2:neutral  2:neutral       0.126,*0.631,0.243 
   195  2:neutral  2:neutral       0.12,*0.62,0.259 
   196  2:neutral  2:neutral       0.254,*0.559,0.186 
   197  2:neutral  2:neutral       0.091,*0.563,0.345 
   198  2:neutral  2:neutral       0.192,*0.57,0.238 
   199  2:neutral 3:positive   +   0.068,0.199,*0.733 
   200  2:neutral  2:neutral       0.13,*0.73,0.14 
   201  2:neutral  2:neutral       0.148,*0.589,0.262 
   202  2:neutral  2:neutral       0.172,*0.577,0.251 
   203  2:neutral 3:positive   +   0.14,0.423,*0.437 
   204  2:neutral  2:neutral       0.141,*0.774,0.085 
   205  2:neutral  2:neutral       0.094,*0.593,0.312 
   206  2:neutral  2:neutral       0.126,*0.646,0.228 
   207  2:neutral 3:positive   +   0.087,0.416,*0.497 
   208  2:neutral  2:neutral       0.142,*0.752,0.106 
   209  2:neutral  2:neutral       0.136,*0.759,0.106 
   210  2:neutral 3:positive   +   0.232,0.383,*0.385 
   211  2:neutral  2:neutral       0.092,*0.598,0.31 
   212  2:neutral  2:neutral       0.158,*0.676,0.166 
   213  2:neutral  2:neutral       0.167,*0.599,0.235 
   214  2:neutral  2:neutral       0.132,*0.672,0.197 
   215  2:neutral  2:neutral       0.238,*0.65,0.112 
   216  2:neutral  2:neutral       0.135,*0.663,0.202 
   217  2:neutral  2:neutral       0.153,*0.725,0.122 
   218  2:neutral  2:neutral       0.244,*0.565,0.191 
   219  2:neutral  2:neutral       0.22,*0.502,0.278 
   220  2:neutral  2:neutral       0.143,*0.659,0.198 
   221  2:neutral  2:neutral       0.245,*0.599,0.156 
   222  2:neutral 3:positive   +   0.126,0.407,*0.467 
   223  2:neutral  2:neutral       0.091,*0.555,0.354 
   224  2:neutral  2:neutral       0.139,*0.753,0.108 
   225  2:neutral  2:neutral       0.145,*0.708,0.147 
   226  2:neutral  2:neutral       0.125,*0.641,0.234 
   227  2:neutral  2:neutral       0.122,*0.735,0.143 
   228  2:neutral 3:positive   +   0.092,0.316,*0.592 
   229  2:neutral  2:neutral       0.104,*0.664,0.232 
   230  2:neutral  2:neutral       0.223,*0.523,0.254 
   231  2:neutral  2:neutral       0.157,*0.678,0.165 
   232  2:neutral  2:neutral       0.194,*0.64,0.166 
   233  2:neutral  2:neutral       0.177,*0.634,0.189 
   234  2:neutral  2:neutral       0.126,*0.618,0.256 
   235  2:neutral  2:neutral       0.22,*0.693,0.087 
   236  2:neutral 3:positive   +   0.098,0.416,*0.486 
   237  2:neutral  2:neutral       0.198,*0.529,0.272 
   238  2:neutral  2:neutral       0.231,*0.653,0.116 
   239  2:neutral  2:neutral       0.154,*0.601,0.246 
   240  2:neutral  2:neutral       0.201,*0.671,0.128 
   241  2:neutral  2:neutral       0.214,*0.481,0.305 
   242  2:neutral  2:neutral       0.108,*0.575,0.317 
   243  2:neutral 3:positive   +   0.076,0.41,*0.513 
   244  2:neutral  2:neutral       0.142,*0.744,0.114 
   245  2:neutral  2:neutral       0.164,*0.702,0.135 
   246  2:neutral 3:positive   +   0.076,0.369,*0.555 
   247  2:neutral  2:neutral       0.131,*0.805,0.064 
   248  2:neutral 3:positive   +   0.094,0.343,*0.563 
   249  2:neutral  2:neutral       0.158,*0.553,0.289 
   250  2:neutral  2:neutral       0.122,*0.671,0.207 
   251  2:neutral 3:positive   +   0.096,0.327,*0.577 
   252  2:neutral 3:positive   +   0.054,0.274,*0.672 
   253  2:neutral 3:positive   +   0.088,0.452,*0.46 
   254  2:neutral  2:neutral       0.181,*0.662,0.157 
   255  2:neutral  2:neutral       0.156,*0.697,0.147 
   256  2:neutral  2:neutral       0.147,*0.621,0.232 
   257  2:neutral  2:neutral       0.136,*0.652,0.212 
   258  2:neutral  2:neutral       0.183,*0.733,0.085 
   259  2:neutral  2:neutral       0.144,*0.613,0.243 
   260  2:neutral  2:neutral       0.206,*0.713,0.081 
   261  2:neutral 3:positive   +   0.09,0.418,*0.491 
   262  2:neutral  2:neutral       0.165,*0.706,0.13 
   263  2:neutral  2:neutral       0.135,*0.599,0.266 
   264  2:neutral  2:neutral       0.149,*0.735,0.116 
   265  2:neutral  2:neutral       0.11,*0.6,0.29 
   266  2:neutral  2:neutral       0.13,*0.734,0.136 
   267  2:neutral 3:positive   +   0.103,0.31,*0.587 
   268  2:neutral  2:neutral       0.225,*0.7,0.075 
   269  2:neutral  2:neutral       0.132,*0.523,0.345 
   270  2:neutral  2:neutral       0.177,*0.548,0.274 
   271  2:neutral  2:neutral       0.225,*0.563,0.212 
   272  2:neutral  2:neutral       0.125,*0.559,0.316 
   273  2:neutral  2:neutral       0.225,*0.66,0.115 
   274  2:neutral  2:neutral       0.121,*0.52,0.359 
   275  2:neutral  2:neutral       0.294,*0.359,0.347 
   276  2:neutral  2:neutral       0.132,*0.625,0.243 
   277  2:neutral  2:neutral       0.097,*0.487,0.416 
   278  2:neutral  2:neutral       0.108,*0.63,0.262 
   279  2:neutral  2:neutral       0.276,*0.536,0.189 
   280  2:neutral  2:neutral       0.095,*0.594,0.311 
   281  2:neutral  2:neutral       0.133,*0.672,0.195 
   282  2:neutral  2:neutral       0.138,*0.764,0.098 
   283  2:neutral 3:positive   +   0.241,0.355,*0.404 
   284  2:neutral  2:neutral       0.103,*0.483,0.414 
   285  2:neutral  2:neutral       0.121,*0.759,0.12 
   286  2:neutral  2:neutral       0.089,*0.6,0.311 
   287  2:neutral  2:neutral       0.154,*0.712,0.134 
   288  2:neutral  2:neutral       0.2,*0.664,0.136 
   289  2:neutral  2:neutral       0.201,*0.649,0.15 
   290  2:neutral 3:positive   +   0.061,0.396,*0.542 
   291  2:neutral  2:neutral       0.135,*0.639,0.226 
   292  2:neutral  2:neutral       0.307,*0.433,0.26 
   293  2:neutral 3:positive   +   0.07,0.23,*0.7 
   294  2:neutral  2:neutral       0.156,*0.478,0.367 
   295  2:neutral  2:neutral       0.241,*0.714,0.045 
   296  2:neutral  2:neutral       0.133,*0.676,0.191 
   297  2:neutral  2:neutral       0.124,*0.474,0.403 
   298  2:neutral  2:neutral       0.088,*0.613,0.3 
   299  2:neutral  2:neutral       0.143,*0.694,0.163 
   300  2:neutral  2:neutral       0.219,*0.707,0.074 
   301  2:neutral  2:neutral       0.115,*0.542,0.343 
   302  2:neutral  2:neutral       0.145,*0.7,0.155 
   303  2:neutral 3:positive   +   0.077,0.226,*0.698 
   304  2:neutral  2:neutral       0.2,*0.469,0.331 
   305  2:neutral  2:neutral       0.113,*0.729,0.157 
   306  2:neutral  2:neutral       0.106,*0.609,0.285 
   307  2:neutral  2:neutral       0.224,*0.701,0.075 
   308  2:neutral  2:neutral       0.172,*0.76,0.067 
   309  2:neutral 3:positive   +   0.08,0.192,*0.728 
   310  2:neutral  2:neutral       0.224,*0.732,0.045 
   311  2:neutral  2:neutral       0.166,*0.605,0.229 
   312  2:neutral  2:neutral       0.149,*0.653,0.198 
   313  2:neutral  2:neutral       0.159,*0.672,0.169 
   314  2:neutral  2:neutral       0.186,*0.549,0.265 
   315  2:neutral  2:neutral       0.113,*0.647,0.24 
   316  2:neutral  2:neutral       0.108,*0.519,0.372 
   317  2:neutral  2:neutral       0.137,*0.629,0.234 
   318  2:neutral  2:neutral       0.164,*0.717,0.119 
   319  2:neutral  2:neutral       0.214,*0.493,0.293 
   320  2:neutral  2:neutral       0.133,*0.73,0.136 
   321  2:neutral  2:neutral       0.146,*0.75,0.104 
   322  2:neutral  2:neutral       0.126,*0.633,0.24 
   323  2:neutral  2:neutral       0.147,*0.569,0.284 
   324  2:neutral  2:neutral       0.143,*0.706,0.15 
   325  2:neutral  2:neutral       0.139,*0.73,0.13 
   326  2:neutral  2:neutral       0.112,*0.656,0.233 
   327  2:neutral 1:negative   +   *0.468,0.311,0.221 
   328  2:neutral  2:neutral       0.241,*0.709,0.051 
   329  2:neutral  2:neutral       0.252,*0.625,0.123 
   330  2:neutral  2:neutral       0.13,*0.751,0.119 
   331  2:neutral  2:neutral       0.1,*0.466,0.434 
   332  2:neutral  2:neutral       0.14,*0.712,0.148 
   333  2:neutral  2:neutral       0.108,*0.688,0.204 
   334  2:neutral  2:neutral       0.26,*0.44,0.3 
   335  2:neutral 3:positive   +   0.056,0.342,*0.602 
   336  2:neutral  2:neutral       0.124,*0.609,0.268 
   337  2:neutral  2:neutral       0.14,*0.585,0.275 
   338  2:neutral  2:neutral       0.135,*0.479,0.386 
   339  2:neutral  2:neutral       0.169,*0.609,0.222 
   340  2:neutral  2:neutral       0.195,*0.582,0.223 
   341  2:neutral 3:positive   +   0.083,0.452,*0.465 
   342  2:neutral 3:positive   +   0.17,0.157,*0.674 
   343  2:neutral  2:neutral       0.161,*0.612,0.228 
   344  2:neutral  2:neutral       0.116,*0.654,0.23 
   345  2:neutral  2:neutral       0.114,*0.767,0.118 
   346  2:neutral  2:neutral       0.12,*0.621,0.259 
   347  2:neutral  2:neutral       0.136,*0.652,0.212 
   348  2:neutral  2:neutral       0.224,*0.513,0.264 
   349  2:neutral  2:neutral       0.147,*0.669,0.184 
   350  2:neutral  2:neutral       0.141,*0.731,0.128 
   351  2:neutral  2:neutral       0.12,*0.718,0.162 
   352  2:neutral  2:neutral       0.119,*0.743,0.138 
   353  2:neutral  2:neutral       0.169,*0.619,0.212 
   354  2:neutral  2:neutral       0.287,*0.408,0.306 
   355  2:neutral  2:neutral       0.134,*0.681,0.185 
   356  2:neutral  2:neutral       0.147,*0.515,0.338 
   357  2:neutral  2:neutral       0.121,*0.47,0.409 
