Zero Weights processed. Default weights will be used
..
Warning: using -h 0 may be faster
*
optimization finished, #iter = 2157
C = 1542.2377599182403
obj = 800376.4061489714, rho = -42.002329158483334
nSV = 2234, nBSV = 669
Total nSV = 2234
..
Warning: using -h 0 may be faster
*
optimization finished, #iter = 2098
C = 1606.4877806490472
obj = 854778.8197565849, rho = -15.212371758993836
nSV = 2235, nBSV = 677
Total nSV = 2235
..
Warning: using -h 0 may be faster
*
optimization finished, #iter = 2148
C = 1528.1033857173798
obj = 782258.3730977805, rho = -20.015376178057487
nSV = 2225, nBSV = 684
Total nSV = 2225
..
Warning: using -h 0 may be faster
*
optimization finished, #iter = 2119
C = 1581.1500804349075
obj = 831651.2250349699, rho = -17.657570953872924
nSV = 2202, nBSV = 692
Total nSV = 2202
..
Warning: using -h 0 may be faster
*
optimization finished, #iter = 2249
C = 1576.9152288280961
obj = 810249.6083031419, rho = -26.521819530783663
nSV = 2250, nBSV = 676
Total nSV = 2250
..
Warning: using -h 0 may be faster
*
optimization finished, #iter = 2797
C = 1646.6978396275574
obj = 1033787.0329205024, rho = -44.88983352260772
nSV = 2689, nBSV = 886
...
Warning: using -h 0 may be faster
*
optimization finished, #iter = 3337
C = 3465.418772022693
obj = 3300764.3483953127, rho = 1.3877984014364442
nSV = 3726, nBSV = 964
Total nSV = 3726
...
Warning: using -h 0 may be faster
*
optimization finished, #iter = 3260
C = 3547.3034281791865
obj = 3485105.217636286, rho = -190.4491366250181
nSV = 3704, nBSV = 988
Total nSV = 3704
...
Warning: using -h 0 may be faster
*
optimization finished, #iter = 3254
C = 3499.619783180421
obj = 3332130.342310579, rho = -190.69690870693395
nSV = 3688, nBSV = 966
Total nSV = 3688
...
Warning: using -h 0 may be faster
*
optimization finished, #iter = 3266
C = 3510.5692141810946
obj = 3450444.0033882386, rho = -211.87188372649217
nSV = 3706, nBSV = 973
Total nSV = 3706
...
Warning: using -h 0 may be faster
*
optimization finished, #iter = 3254
C = 3411.9842248065697
obj = 3250682.962871343, rho = -189.52428005989802
nSV = 3705, nBSV = 1010
Total nSV = 3705
....
Warning: using -h 0 may be faster
*
optimization finished, #iter = 4130
C = 3749.704345953567
obj = 4371789.594281549, rho = -7.320370837780711
nSV = 4500, nBSV = 1300
..
Warning: using -h 0 may be faster
*
optimization finished, #iter = 2368
C = 1902.1670305002585
obj = 1192043.0987036638, rho = -96.51204912963505
nSV = 2653, nBSV = 745
Total nSV = 2653
..
Warning: using -h 0 may be faster
*
optimization finished, #iter = 2354
C = 1850.5162624323289
obj = 1183938.4451420137, rho = -92.52995040159797
nSV = 2614, nBSV = 777
Total nSV = 2614
..
Warning: using -h 0 may be faster
*
optimization finished, #iter = 2404
C = 1796.558170969825
obj = 1101002.9875364783, rho = -95.2886799575938
nSV = 2616, nBSV = 770
Total nSV = 2616
..
Warning: using -h 0 may be faster
*
optimization finished, #iter = 2534
C = 1868.1177691659552
obj = 1155361.673194695, rho = -95.11464079153768
nSV = 2687, nBSV = 729
Total nSV = 2687
..
Warning: using -h 0 may be faster
*
optimization finished, #iter = 2374
C = 1765.0103444190127
obj = 1098194.2987106119, rho = -104.38748100714511
nSV = 2612, nBSV = 772
Total nSV = 2612
..
Warning: using -h 0 may be faster
*
optimization finished, #iter = 2895
C = 1941.1119581728667
obj = 1448664.0682530971, rho = 17.77860902640216
nSV = 3132, nBSV = 999
Total nSV = 7231
.
Warning: using -h 0 may be faster
*
optimization finished, #iter = 1746
C = 1493.5685457609554
obj = 651164.6349509201, rho = -26.133121519582026
nSV = 1806, nBSV = 515
Total nSV = 1806
.
Warning: using -h 0 may be faster
*
optimization finished, #iter = 1744
C = 1554.3017123112436
obj = 674955.7465524041, rho = -36.49158505046126
nSV = 1855, nBSV = 510
Total nSV = 1855
.
Warning: using -h 0 may be faster
*
optimization finished, #iter = 1779
C = 1544.2567468974748
obj = 658357.889939102, rho = -27.701103505227927
nSV = 1876, nBSV = 490
Total nSV = 1876
.
Warning: using -h 0 may be faster
*
optimization finished, #iter = 1776
C = 1589.7918986936284
obj = 693421.4302664204, rho = -49.928165545190225
nSV = 1873, nBSV = 489
Total nSV = 1873
.
Warning: using -h 0 may be faster
*
optimization finished, #iter = 1690
C = 1483.007338122958
obj = 645394.8377022003, rho = -22.979885954307832
nSV = 1808, nBSV = 518
Total nSV = 1808
..
Warning: using -h 0 may be faster
*
optimization finished, #iter = 2241
C = 1562.2076638953693
obj = 798563.4840606722, rho = -39.31534769320981
nSV = 2252, nBSV = 658
..
Warning: using -h 0 may be faster
*
optimization finished, #iter = 2626
C = 2963.8574350670183
obj = 2321624.7200398734, rho = -171.54228490774406
nSV = 3070, nBSV = 723
Total nSV = 3070
..
Warning: using -h 0 may be faster
*
optimization finished, #iter = 2814
C = 3422.6019421642623
obj = 2726846.183074659, rho = -208.1199133152485
nSV = 3124, nBSV = 711
Total nSV = 3124
..
Warning: using -h 0 may be faster
*
optimization finished, #iter = 2568
C = 3078.187753260005
obj = 2436502.2154443995, rho = -181.68539756565627
nSV = 3064, nBSV = 737
Total nSV = 3064
..
Warning: using -h 0 may be faster
*
optimization finished, #iter = 2668
C = 3226.2553723433916
obj = 2579416.8200191753, rho = -207.11721947732985
nSV = 3100, nBSV = 720
Total nSV = 3100
..
Warning: using -h 0 may be faster
*
optimization finished, #iter = 2727
C = 3079.5611161806155
obj = 2370751.2562770047, rho = -162.50383263229813
nSV = 3086, nBSV = 725
Total nSV = 3086
...
Warning: using -h 0 may be faster
*
optimization finished, #iter = 3373
C = 3345.5960162230917
obj = 3115953.2812297926, rho = -5.623140738918651
nSV = 3735, nBSV = 959
.
Warning: using -h 0 may be faster
*
optimization finished, #iter = 1986
C = 1730.8259077097127
obj = 913860.6735539669, rho = -67.98652571442597
nSV = 2161, nBSV = 572
Total nSV = 2161
.
Warning: using -h 0 may be faster
*
optimization finished, #iter = 1953
C = 1723.4259608111265
obj = 882072.7111108572, rho = -98.13891443893091
nSV = 2179, nBSV = 555
Total nSV = 2179
..
Warning: using -h 0 may be faster
*
optimization finished, #iter = 2135
C = 1752.3134126148866
obj = 893363.6036933832, rho = -88.99900268881989
nSV = 2212, nBSV = 547
Total nSV = 2212
..
Warning: using -h 0 may be faster
*
optimization finished, #iter = 2026
C = 1741.9743842098155
obj = 919374.7935660122, rho = -101.71507793184178
nSV = 2191, nBSV = 546
Total nSV = 2191
.
Warning: using -h 0 may be faster
*
optimization finished, #iter = 1978
C = 1679.742394238352
obj = 849037.0804631045, rho = -87.22795856730197
nSV = 2149, nBSV = 578
Total nSV = 2149
..
Warning: using -h 0 may be faster
*
optimization finished, #iter = 2424
C = 1759.6844047702962
obj = 1070174.127518152, rho = 31.505177318985705
nSV = 2642, nBSV = 764
Total nSV = 5973
.
Warning: using -h 0 may be faster
*
optimization finished, #iter = 1783
C = 1533.477214169936
obj = 664119.1498978272, rho = -25.111494942633723
nSV = 1866, nBSV = 514
Total nSV = 1866
.
Warning: using -h 0 may be faster
*
optimization finished, #iter = 1614
C = 1534.181784644576
obj = 659811.2300318857, rho = -32.077834258117186
nSV = 1810, nBSV = 524
Total nSV = 1810
.
Warning: using -h 0 may be faster
*
optimization finished, #iter = 1686
C = 1483.4465808216653
obj = 628948.8254650959, rho = -26.539909298143996
nSV = 1827, nBSV = 521
Total nSV = 1827
.
Warning: using -h 0 may be faster
*
optimization finished, #iter = 1750
C = 1504.4245704102732
obj = 647374.8446881762, rho = -16.76941483606036
nSV = 1830, nBSV = 519
Total nSV = 1830
.
Warning: using -h 0 may be faster
*
optimization finished, #iter = 1733
C = 1641.3176080338599
obj = 733490.1962795535, rho = -30.618175348964314
nSV = 1847, nBSV = 485
Total nSV = 1847
..
Warning: using -h 0 may be faster
*
optimization finished, #iter = 2363
C = 1629.1325075961659
obj = 841982.6904318107, rho = -40.877665980859966
nSV = 2278, nBSV = 672
..
Warning: using -h 0 may be faster
*
optimization finished, #iter = 2674
C = 3205.7656870316
obj = 2560233.408690941, rho = -191.69698783723004
nSV = 3061, nBSV = 724
Total nSV = 3061
..
Warning: using -h 0 may be faster
*
optimization finished, #iter = 2917
C = 3175.0283075499583
obj = 2370579.0185961844, rho = -0.9084532583479112
nSV = 3143, nBSV = 683
Total nSV = 3143
..
Warning: using -h 0 may be faster
*
optimization finished, #iter = 2847
C = 2960.3086869155154
obj = 2203459.245588923, rho = -21.20232389248556
nSV = 3099, nBSV = 726
Total nSV = 3099
..
Warning: using -h 0 may be faster
*
optimization finished, #iter = 2846
C = 3109.126035444695
obj = 2370812.155031752, rho = 7.144663635525961
nSV = 3046, nBSV = 708
Total nSV = 3046
..
Warning: using -h 0 may be faster
*
optimization finished, #iter = 2943
C = 3071.877556877139
obj = 2297606.003983425, rho = -11.673178642097055
nSV = 3092, nBSV = 693
Total nSV = 3092
...
Warning: using -h 0 may be faster
*
optimization finished, #iter = 3365
C = 3477.0316675462186
obj = 3247812.2523919507, rho = 17.84272956202139
nSV = 3727, nBSV = 994
.
Warning: using -h 0 may be faster
*
optimization finished, #iter = 1968
C = 1740.3558135124124
obj = 885189.0394259791, rho = 17.769402500187184
nSV = 2157, nBSV = 580
Total nSV = 2157
..
Warning: using -h 0 may be faster
*
optimization finished, #iter = 2001
C = 1780.5102171128567
obj = 905704.8553382216, rho = -81.14051494896513
nSV = 2203, nBSV = 549
Total nSV = 2203
.
Warning: using -h 0 may be faster
*
optimization finished, #iter = 1870
C = 1742.7921668935685
obj = 894150.7649015194, rho = -80.2448769542379
nSV = 2154, nBSV = 559
Total nSV = 2154
..
Warning: using -h 0 may be faster
*
optimization finished, #iter = 2042
C = 1717.7250953548453
obj = 887026.3757642086, rho = -87.83838043614783
nSV = 2205, nBSV = 550
Total nSV = 2205
..
Warning: using -h 0 may be faster
*
optimization finished, #iter = 2039
C = 1767.1485675204763
obj = 897750.4516390191, rho = -92.04866089815998
nSV = 2204, nBSV = 537
Total nSV = 2204
..
Warning: using -h 0 may be faster
*
optimization finished, #iter = 2359
C = 1834.2597540781414
obj = 1106109.9994905565, rho = 16.262462296174228
nSV = 2613, nBSV = 766
Total nSV = 5934
..
Warning: using -h 0 may be faster
*
optimization finished, #iter = 2845
C = 3394.5876485105155
obj = 2726236.8961298736, rho = -191.77655288985144
nSV = 3113, nBSV = 702
Total nSV = 3113
..
Warning: using -h 0 may be faster
*
optimization finished, #iter = 2694
C = 3227.5518155642126
obj = 2521416.5542870946, rho = 1.3793979405719428
nSV = 3068, nBSV = 738
Total nSV = 3068
..
Warning: using -h 0 may be faster
*
optimization finished, #iter = 2852
C = 3131.848455608612
obj = 2331053.9557431447, rho = 13.930294611993471
nSV = 3087, nBSV = 734
Total nSV = 3087
..
Warning: using -h 0 may be faster
*
optimization finished, #iter = 2834
C = 3175.1738578396553
obj = 2417347.119026729, rho = 11.255682060284617
nSV = 3097, nBSV = 735
Total nSV = 3097
..
Warning: using -h 0 may be faster
*
optimization finished, #iter = 2717
C = 3146.656021732921
obj = 2384118.359892992, rho = 12.021157038292246
nSV = 3041, nBSV = 746
Total nSV = 3041
...
Warning: using -h 0 may be faster
*
optimization finished, #iter = 3562
C = 3710.811072211892
obj = 3617748.506756209, rho = -211.58004220278335
nSV = 3802, nBSV = 921
..
Warning: using -h 0 may be faster
*
optimization finished, #iter = 2044
C = 1905.7182710621673
obj = 990226.4620329441, rho = -99.00825493246755
nSV = 2247, nBSV = 543
Total nSV = 2247
.
Warning: using -h 0 may be faster
*
optimization finished, #iter = 1963
C = 1895.8547232114736
obj = 984821.9427073308, rho = 19.391370058205705
nSV = 2209, nBSV = 557
Total nSV = 2209
.
Warning: using -h 0 may be faster
*
optimization finished, #iter = 1944
C = 1741.4939151315946
obj = 899145.1586293938, rho = 16.483221462492864
nSV = 2149, nBSV = 567
Total nSV = 2149
.
Warning: using -h 0 may be faster
*
optimization finished, #iter = 1895
C = 1780.4109675882617
obj = 913178.1360448847, rho = 13.864430732021921
nSV = 2179, nBSV = 573
Total nSV = 2179
.
Warning: using -h 0 may be faster
*
optimization finished, #iter = 1953
C = 1890.7408368910758
obj = 1008941.5367537432, rho = 8.042247619162703
nSV = 2202, nBSV = 566
Total nSV = 2202
..
Warning: using -h 0 may be faster
*
optimization finished, #iter = 2403
C = 1966.876864005257
obj = 1232747.6617488365, rho = -104.1953613471581
nSV = 2642, nBSV = 748
.
Warning: using -h 0 may be faster
*
optimization finished, #iter = 1848
C = 1474.0610426411426
obj = 627858.0265853003, rho = -22.582857416098893
nSV = 1857, nBSV = 503
Total nSV = 1857
.
Warning: using -h 0 may be faster
*
optimization finished, #iter = 1776
C = 1576.6155126492279
obj = 693974.2778677708, rho = -33.295282832260966
nSV = 1875, nBSV = 512
Total nSV = 1875
.
Warning: using -h 0 may be faster
*
optimization finished, #iter = 1724
C = 1562.412651483166
obj = 680461.4397931901, rho = -48.2049332728058
nSV = 1839, nBSV = 521
Total nSV = 1839
.
Warning: using -h 0 may be faster
*
optimization finished, #iter = 1759
C = 1635.2415472822636
obj = 721073.7361411648, rho = -40.65583917706269
nSV = 1857, nBSV = 522
Total nSV = 1857
.
Warning: using -h 0 may be faster
*
optimization finished, #iter = 1739
C = 1487.0267264701897
obj = 645876.1955259554, rho = -45.42594934316826
nSV = 1856, nBSV = 509
Total nSV = 1856
..
Warning: using -h 0 may be faster
*
optimization finished, #iter = 2210
C = 1614.3555039066516
obj = 855077.2352329259, rho = -45.67964742377241
nSV = 2227, nBSV = 659
Total nSV = 6017
.
Warning: using -h 0 may be faster
*
optimization finished, #iter = 1735
C = 1489.4369713745616
obj = 651698.7821978583, rho = -24.421757732920177
nSV = 1848, nBSV = 503
Total nSV = 1848
.
Warning: using -h 0 may be faster
*
optimization finished, #iter = 1771
C = 1578.834871204606
obj = 706203.5627277184, rho = -30.826982384996352
nSV = 1853, nBSV = 508
Total nSV = 1853
.
Warning: using -h 0 may be faster
*
optimization finished, #iter = 1734
C = 1602.405108722519
obj = 715717.1477865544, rho = -27.35324714023735
nSV = 1841, nBSV = 501
Total nSV = 1841
.
Warning: using -h 0 may be faster
*
optimization finished, #iter = 1727
C = 1571.7949385230856
obj = 697254.0394610828, rho = -4.50199057989382
nSV = 1857, nBSV = 493
Total nSV = 1857
.
Warning: using -h 0 may be faster
*
optimization finished, #iter = 1736
C = 1533.7207623015697
obj = 662434.8732309781, rho = -26.92204177790914
nSV = 1842, nBSV = 519
Total nSV = 1842
..
Warning: using -h 0 may be faster
*
optimization finished, #iter = 2192
C = 1574.6921374439808
obj = 828214.5918057958, rho = -34.33551596346739
nSV = 2243, nBSV = 669
.
Warning: using -h 0 may be faster
*
optimization finished, #iter = 1921
C = 1742.8737108577848
obj = 898795.2574939554, rho = -83.42722068961267
nSV = 2156, nBSV = 587
Total nSV = 2156
..
Warning: using -h 0 may be faster
*
optimization finished, #iter = 2029
C = 1692.6731784427575
obj = 879146.2529682958, rho = -69.86562968013597
nSV = 2202, nBSV = 560
Total nSV = 2202
.
Warning: using -h 0 may be faster
*
optimization finished, #iter = 1943
C = 1742.470310772137
obj = 899527.860596454, rho = -74.6754175053355
nSV = 2162, nBSV = 561
Total nSV = 2162
.
Warning: using -h 0 may be faster
*
optimization finished, #iter = 1969
C = 1739.6142258123814
obj = 900212.0985543974, rho = -84.42782335161938
nSV = 2174, nBSV = 580
Total nSV = 2174
..
Warning: using -h 0 may be faster
*
optimization finished, #iter = 2000
C = 1814.8525557416594
obj = 946988.5441791832, rho = -99.64261259637068
nSV = 2185, nBSV = 568
Total nSV = 2185
..
Warning: using -h 0 may be faster
*
optimization finished, #iter = 2348
C = 1781.7479000129695
obj = 1086191.8186644504, rho = 10.908941745599595
nSV = 2604, nBSV = 759
..
Warning: using -h 0 may be faster
*
optimization finished, #iter = 2761
C = 3193.560358120875
obj = 2487895.7275008275, rho = -164.81576226613305
nSV = 3094, nBSV = 720
Total nSV = 3094
..
Warning: using -h 0 may be faster
*
optimization finished, #iter = 2878
C = 3131.8606269096504
obj = 2484122.9254289437, rho = -154.76227281529012
nSV = 3144, nBSV = 700
Total nSV = 3144
..
Warning: using -h 0 may be faster
*
optimization finished, #iter = 2598
C = 3039.3943047255675
obj = 2347764.077349183, rho = -163.7995998704252
nSV = 3044, nBSV = 748
Total nSV = 3044
..
Warning: using -h 0 may be faster
*
optimization finished, #iter = 2894
C = 3155.9438592518964
obj = 2437801.708644982, rho = -160.37123732918764
nSV = 3122, nBSV = 717
Total nSV = 3122
..
Warning: using -h 0 may be faster
*
optimization finished, #iter = 2721
C = 3156.8276741479544
obj = 2499057.068535571, rho = -162.5887496736454
nSV = 3081, nBSV = 729
Total nSV = 3081
...
Warning: using -h 0 may be faster
*
optimization finished, #iter = 3260
C = 3264.291984312271
obj = 3047289.7873739153, rho = 25.565085757886266
nSV = 3661, nBSV = 971
Total nSV = 5888
.
Warning: using -h 0 may be faster
*
optimization finished, #iter = 1936
C = 1707.2382641460938
obj = 874620.8356959687, rho = -67.93729459754002
nSV = 2173, nBSV = 570
Total nSV = 2173
..
Warning: using -h 0 may be faster
*
optimization finished, #iter = 2041
C = 1664.6657437351319
obj = 825454.6141398975, rho = -87.97668630131672
nSV = 2203, nBSV = 574
Total nSV = 2203
..
Warning: using -h 0 may be faster
*
optimization finished, #iter = 2068
C = 1793.257753422472
obj = 928526.4452142841, rho = -76.60742973311747
nSV = 2194, nBSV = 575
Total nSV = 2194
.
Warning: using -h 0 may be faster
*
optimization finished, #iter = 1924
C = 1654.1989579996368
obj = 833092.7300047613, rho = -79.97105176212847
nSV = 2159, nBSV = 586
Total nSV = 2159
..
Warning: using -h 0 may be faster
*
optimization finished, #iter = 2027
C = 1762.9422770406336
obj = 898526.0467747337, rho = -91.02760021285978
nSV = 2205, nBSV = 567
Total nSV = 2205
..
Warning: using -h 0 may be faster
*
optimization finished, #iter = 2331
C = 1785.0767909144945
obj = 1095681.0598067017, rho = 13.866660309193914
nSV = 2595, nBSV = 761
.
Warning: using -h 0 may be faster
*
optimization finished, #iter = 1728
C = 1514.2689785395994
obj = 663658.7205098768, rho = -3.380575777635722
nSV = 1854, nBSV = 504
Total nSV = 1854
.
Warning: using -h 0 may be faster
*
optimization finished, #iter = 1697
C = 1534.6971046767908
obj = 677686.2856198327, rho = -43.917258939229875
nSV = 1820, nBSV = 492
Total nSV = 1820
.
Warning: using -h 0 may be faster
*
optimization finished, #iter = 1746
C = 1462.265812597749
obj = 614685.2055358028, rho = -14.506570568164108
nSV = 1841, nBSV = 516
Total nSV = 1841
.
Warning: using -h 0 may be faster
*
optimization finished, #iter = 1767
C = 1474.9224563906566
obj = 637858.1455543607, rho = -41.38479961197102
nSV = 1833, nBSV = 516
Total nSV = 1833
.
Warning: using -h 0 may be faster
*
optimization finished, #iter = 1813
C = 1578.8981629662412
obj = 678157.9576164793, rho = -49.61048098127677
nSV = 1884, nBSV = 500
Total nSV = 1884
..
Warning: using -h 0 may be faster
*
optimization finished, #iter = 2123
C = 1533.808998587006
obj = 783649.9385157982, rho = -17.087795100273176
nSV = 2204, nBSV = 687
..
Warning: using -h 0 may be faster
*
optimization finished, #iter = 2814
C = 3270.779600059679
obj = 2558137.0696608126, rho = -176.37144988044648
nSV = 3132, nBSV = 720
Total nSV = 3132
..
Warning: using -h 0 may be faster
*
optimization finished, #iter = 2577
C = 3076.419038336717
obj = 2374005.78285716, rho = 13.65582678446823
nSV = 3019, nBSV = 750
Total nSV = 3019
..
Warning: using -h 0 may be faster
*
optimization finished, #iter = 2683
C = 3197.2332609873647
obj = 2476700.267933227, rho = 5.287991150046458
nSV = 3084, nBSV = 714
Total nSV = 3084
..
Warning: using -h 0 may be faster
*
optimization finished, #iter = 2544
C = 3178.7022708365516
obj = 2524967.463767294, rho = -9.45254920048907
nSV = 3052, nBSV = 759
Total nSV = 3052
..
Warning: using -h 0 may be faster
*
optimization finished, #iter = 2767
C = 3090.6821287704306
obj = 2374683.25950927, rho = 26.197358430948373
nSV = 3067, nBSV = 716
Total nSV = 3067
...
Warning: using -h 0 may be faster
*
optimization finished, #iter = 3294
C = 3482.9021151859556
obj = 3342498.127733572, rho = -196.10007744623155
nSV = 3703, nBSV = 970
Total nSV = 5956


=== Predictions under cross-validation ===

 inst#     actual  predicted error distribution
     1  2:neutral  2:neutral       0.302,*0.46,0.238 
     2  2:neutral  2:neutral       0.024,*0.747,0.229 
     3  2:neutral 3:positive   +   0.133,0.233,*0.635 
     4  2:neutral  2:neutral       0.059,*0.8,0.141 
     5  2:neutral  2:neutral       0.03,*0.707,0.263 
     6  2:neutral 1:negative   +   *0.462,0.442,0.096 
     7  2:neutral 3:positive   +   0.036,0.232,*0.732 
     8  2:neutral  2:neutral       0.171,*0.687,0.142 
     9  2:neutral  2:neutral       0.106,*0.542,0.352 
    10  2:neutral 1:negative   +   *0.741,0.124,0.135 
    11  2:neutral  2:neutral       0.033,*0.534,0.433 
    12  2:neutral  2:neutral       0.059,*0.756,0.185 
    13  2:neutral  2:neutral       0.066,*0.782,0.152 
    14  2:neutral  2:neutral       0.033,*0.656,0.311 
    15  2:neutral  2:neutral       0.394,*0.419,0.187 
    16  2:neutral  2:neutral       0.058,*0.629,0.314 
    17  2:neutral 3:positive   +   0.306,0.319,*0.375 
    18  2:neutral  2:neutral       0.258,*0.438,0.304 
    19  2:neutral  2:neutral       0.078,*0.608,0.314 
    20  2:neutral  2:neutral       0.034,*0.913,0.053 
    21  2:neutral 3:positive   +   0.269,0.307,*0.424 
    22  2:neutral  2:neutral       0.109,*0.555,0.336 
    23  2:neutral  2:neutral       0.102,*0.628,0.27 
    24  2:neutral  2:neutral       0.066,*0.767,0.167 
    25  2:neutral  2:neutral       0.074,*0.636,0.29 
    26  2:neutral 3:positive   +   0.056,0.189,*0.756 
    27  2:neutral  2:neutral       0.037,*0.752,0.211 
    28  2:neutral  2:neutral       0.381,*0.45,0.168 
    29  2:neutral  2:neutral       0.047,*0.58,0.373 
    30  2:neutral 3:positive   +   0.037,0.377,*0.586 
    31  2:neutral 1:negative   +   *0.486,0.436,0.078 
    32  2:neutral 1:negative   +   *0.904,0.076,0.02 
    33  2:neutral  2:neutral       0.01,*0.849,0.142 
    34  2:neutral  2:neutral       0.062,*0.661,0.277 
    35  2:neutral  2:neutral       0.156,*0.739,0.105 
    36  2:neutral  2:neutral       0.011,*0.818,0.171 
    37  2:neutral  2:neutral       0.209,*0.62,0.172 
    38  2:neutral  2:neutral       0.116,*0.708,0.175 
    39  2:neutral  2:neutral       0.052,*0.704,0.244 
    40  2:neutral  2:neutral       0.079,*0.76,0.16 
    41  2:neutral  2:neutral       0.165,*0.731,0.105 
    42  2:neutral  2:neutral       0.086,*0.637,0.277 
    43  2:neutral 3:positive   +   0.256,0.05,*0.695 
    44  2:neutral 3:positive   +   0.058,0.249,*0.693 
    45  2:neutral  2:neutral       0.052,*0.797,0.151 
    46  2:neutral  2:neutral       0.068,*0.627,0.305 
    47  2:neutral  2:neutral       0.095,*0.626,0.279 
    48  2:neutral  2:neutral       0.05,*0.595,0.355 
    49  2:neutral  2:neutral       0.034,*0.859,0.107 
    50  2:neutral  2:neutral       0.1,*0.677,0.223 
    51  2:neutral  2:neutral       0.146,*0.794,0.06 
    52  2:neutral  2:neutral       0.191,*0.532,0.276 
    53  2:neutral  2:neutral       0.219,*0.401,0.38 
    54  2:neutral 3:positive   +   0.076,0.446,*0.478 
    55  2:neutral  2:neutral       0.078,*0.741,0.18 
    56  2:neutral  2:neutral       0.018,*0.915,0.067 
    57  2:neutral  2:neutral       0.141,*0.595,0.264 
    58  2:neutral  2:neutral       0.079,*0.484,0.437 
    59  2:neutral  2:neutral       0.074,*0.511,0.415 
    60  2:neutral  2:neutral       0.079,*0.643,0.278 
    61  2:neutral  2:neutral       0.267,*0.492,0.24 
    62  2:neutral  2:neutral       0.16,*0.648,0.192 
    63  2:neutral  2:neutral       0.057,*0.676,0.267 
    64  2:neutral 3:positive   +   0.059,0.428,*0.513 
    65  2:neutral  2:neutral       0.242,*0.595,0.163 
    66  2:neutral 3:positive   +   0.234,0.256,*0.511 
    67  2:neutral  2:neutral       0.097,*0.548,0.356 
    68  2:neutral  2:neutral       0.312,*0.472,0.216 
    69  2:neutral 3:positive   +   0.055,0.345,*0.6 
    70  2:neutral  2:neutral       0.225,*0.401,0.374 
    71  2:neutral  2:neutral       0.146,*0.685,0.169 
    72  2:neutral 3:positive   +   0.024,0.106,*0.87 
    73  2:neutral  2:neutral       0.122,*0.478,0.401 
    74  2:neutral  2:neutral       0.08,*0.532,0.388 
    75  2:neutral  2:neutral       0.075,*0.734,0.191 
    76  2:neutral  2:neutral       0.107,*0.686,0.207 
    77  2:neutral  2:neutral       0.055,*0.559,0.386 
    78  2:neutral 3:positive   +   0.064,0.426,*0.511 
    79  2:neutral 1:negative   +   *0.465,0.446,0.089 
    80  2:neutral  2:neutral       0.065,*0.819,0.116 
    81  2:neutral  2:neutral       0.319,*0.418,0.263 
    82  2:neutral  2:neutral       0.075,*0.814,0.111 
    83  2:neutral 1:negative   +   *0.455,0.305,0.24 
    84  2:neutral 3:positive   +   0.033,0.171,*0.796 
    85  2:neutral 1:negative   +   *0.489,0.361,0.15 
    86  2:neutral  2:neutral       0.083,*0.725,0.192 
    87  2:neutral 3:positive   +   0.019,0.437,*0.544 
    88  2:neutral 3:positive   +   0.02,0.323,*0.657 
    89  2:neutral 3:positive   +   0.344,0.136,*0.52 
    90  2:neutral  2:neutral       0.016,*0.796,0.187 
    91  2:neutral  2:neutral       0.133,*0.691,0.177 
    92  2:neutral  2:neutral       0.136,*0.577,0.287 
    93  2:neutral  2:neutral       0.084,*0.68,0.236 
    94  2:neutral  2:neutral       0.068,*0.619,0.313 
    95  2:neutral 3:positive   +   0.115,0.299,*0.586 
    96  2:neutral  2:neutral       0.395,*0.419,0.185 
    97  2:neutral  2:neutral       0.082,*0.752,0.166 
    98  2:neutral 3:positive   +   0.069,0.378,*0.553 
    99  2:neutral  2:neutral       0.079,*0.727,0.194 
   100  2:neutral  2:neutral       0.059,*0.76,0.182 
   101  2:neutral  2:neutral       0.176,*0.425,0.399 
   102  2:neutral 3:positive   +   0.072,0.438,*0.49 
   103  2:neutral  2:neutral       0.054,*0.799,0.147 
   104  2:neutral  2:neutral       0.167,*0.539,0.294 
   105  2:neutral  2:neutral       0.053,*0.652,0.294 
   106  2:neutral 3:positive   +   0.097,0.202,*0.7 
   107  2:neutral  2:neutral       0.102,*0.628,0.27 
   108  2:neutral  2:neutral       0.095,*0.73,0.174 
   109  2:neutral  2:neutral       0.018,*0.81,0.172 
   110  2:neutral  2:neutral       0.121,*0.707,0.172 
   111  2:neutral  2:neutral       0.052,*0.617,0.331 
   112  2:neutral  2:neutral       0.013,*0.878,0.109 
   113  2:neutral  2:neutral       0.02,*0.743,0.237 
   114  2:neutral 3:positive   +   0.17,0.353,*0.477 
   115  2:neutral  2:neutral       0.085,*0.516,0.399 
   116  2:neutral  2:neutral       0.118,*0.631,0.25 
   117  2:neutral  2:neutral       0.048,*0.897,0.055 
   118  2:neutral  2:neutral       0.088,*0.493,0.419 
   119  2:neutral  2:neutral       0.043,*0.85,0.107 
   120  2:neutral 3:positive   +   0.056,0.206,*0.738 
   121  2:neutral  2:neutral       0.083,*0.549,0.368 
   122  2:neutral 3:positive   +   0.08,0.301,*0.618 
   123  2:neutral  2:neutral       0.115,*0.808,0.077 
   124  2:neutral  2:neutral       0.101,*0.799,0.1 
   125  2:neutral  2:neutral       0.207,*0.643,0.15 
   126  2:neutral  2:neutral       0.127,*0.57,0.303 
   127  2:neutral  2:neutral       0.053,*0.788,0.159 
   128  2:neutral 3:positive   +   0.023,0.259,*0.718 
   129  2:neutral  2:neutral       0.187,*0.614,0.199 
   130  2:neutral  2:neutral       0.097,*0.638,0.265 
   131  2:neutral  2:neutral       0.292,*0.531,0.177 
   132  2:neutral  2:neutral       0.093,*0.617,0.29 
   133  2:neutral  2:neutral       0.118,*0.509,0.373 
   134  2:neutral  2:neutral       0.048,*0.654,0.298 
   135  2:neutral  2:neutral       0.042,*0.767,0.19 
   136  2:neutral  2:neutral       0.011,*0.811,0.179 
   137  2:neutral  2:neutral       0.071,*0.742,0.187 
   138  2:neutral  2:neutral       0.051,*0.51,0.439 
   139  2:neutral  2:neutral       0.353,*0.48,0.167 
   140  2:neutral  2:neutral       0.242,*0.486,0.272 
   141  2:neutral  2:neutral       0.036,*0.68,0.284 
   142  2:neutral  2:neutral       0.23,*0.578,0.192 
   143  2:neutral  2:neutral       0.104,*0.634,0.262 
   144  2:neutral  2:neutral       0.135,*0.548,0.317 
   145  2:neutral 3:positive   +   0.325,0.233,*0.441 
   146  2:neutral 1:negative   +   *0.478,0.37,0.152 
   147  2:neutral  2:neutral       0.016,*0.709,0.274 
   148  2:neutral  2:neutral       0.115,*0.685,0.2 
   149  2:neutral 3:positive   +   0.118,0.421,*0.461 
   150  2:neutral  2:neutral       0.095,*0.712,0.193 
   151  2:neutral  2:neutral       0.094,*0.633,0.273 
   152  2:neutral  2:neutral       0.039,*0.843,0.117 
   153  2:neutral  2:neutral       0.039,*0.741,0.219 
   154  2:neutral  2:neutral       0.112,*0.739,0.148 
   155  2:neutral 3:positive   +   0.034,0.345,*0.621 
   156  2:neutral 3:positive   +   0.071,0.33,*0.599 
   157  2:neutral  2:neutral       0.034,*0.627,0.34 
   158  2:neutral  2:neutral       0.049,*0.755,0.196 
   159  2:neutral  2:neutral       0.066,*0.883,0.05 
   160  2:neutral  2:neutral       0.007,*0.691,0.301 
   161  2:neutral  2:neutral       0.167,*0.57,0.263 
   162  2:neutral  2:neutral       0.032,*0.879,0.088 
   163  2:neutral  2:neutral       0.009,*0.824,0.167 
   164  2:neutral  2:neutral       0.293,*0.487,0.22 
   165  2:neutral  2:neutral       0.057,*0.845,0.098 
   166  2:neutral  2:neutral       0.077,*0.796,0.127 
   167  2:neutral  2:neutral       0.184,*0.542,0.274 
   168  2:neutral  2:neutral       0.062,*0.806,0.133 
   169  2:neutral  2:neutral       0.308,*0.386,0.306 
   170  2:neutral  2:neutral       0.094,*0.666,0.239 
   171  2:neutral  2:neutral       0.129,*0.532,0.339 
   172  2:neutral  2:neutral       0.054,*0.647,0.299 
   173  2:neutral 1:negative   +   *0.617,0.291,0.091 
   174  2:neutral  2:neutral       0.117,*0.592,0.291 
   175  2:neutral  2:neutral       0.054,*0.795,0.151 
   176  2:neutral  2:neutral       0.26,*0.428,0.312 
   177  2:neutral  2:neutral       0.024,*0.82,0.157 
   178  2:neutral  2:neutral       0.203,*0.598,0.198 
   179  2:neutral  2:neutral       0.178,*0.567,0.255 
   180  2:neutral  2:neutral       0.064,*0.696,0.239 
   181  2:neutral  2:neutral       0.058,*0.827,0.115 
   182  2:neutral 1:negative   +   *0.83,0.142,0.028 
   183  2:neutral  2:neutral       0.052,*0.675,0.272 
   184  2:neutral 3:positive   +   0.093,0.405,*0.502 
   185  2:neutral  2:neutral       0.081,*0.696,0.223 
   186  2:neutral  2:neutral       0.05,*0.585,0.365 
   187  2:neutral  2:neutral       0.056,*0.59,0.354 
   188  2:neutral 3:positive   +   0.125,0.405,*0.47 
   189  2:neutral 1:negative   +   *0.805,0.131,0.064 
   190  2:neutral  2:neutral       0.182,*0.678,0.139 
   191  2:neutral  2:neutral       0.275,*0.574,0.152 
   192  2:neutral  2:neutral       0.06,*0.741,0.199 
   193  2:neutral 3:positive   +   0.01,0.491,*0.499 
   194  2:neutral  2:neutral       0.131,*0.73,0.139 
   195  2:neutral 3:positive   +   0.095,0.227,*0.679 
   196  2:neutral  2:neutral       0.107,*0.679,0.213 
   197  2:neutral  2:neutral       0.112,*0.7,0.188 
   198  2:neutral  2:neutral       0.354,*0.402,0.244 
   199  2:neutral 3:positive   +   0.092,0.197,*0.711 
   200  2:neutral  2:neutral       0.065,*0.641,0.294 
   201  2:neutral  2:neutral       0.028,*0.827,0.144 
   202  2:neutral  2:neutral       0.079,*0.676,0.245 
   203  2:neutral  2:neutral       0.1,*0.528,0.373 
   204  2:neutral  2:neutral       0.01,*0.97,0.021 
   205  2:neutral  2:neutral       0.022,*0.609,0.369 
   206  2:neutral 1:negative   +   *0.432,0.409,0.159 
   207  2:neutral  2:neutral       0.06,*0.653,0.286 
   208  2:neutral  2:neutral       0.03,*0.879,0.091 
   209  2:neutral  2:neutral       0.046,*0.592,0.362 
   210  2:neutral  2:neutral       0.32,*0.342,0.338 
   211  2:neutral  2:neutral       0.018,*0.798,0.184 
   212  2:neutral  2:neutral       0.062,*0.847,0.09 
   213  2:neutral  2:neutral       0.077,*0.66,0.262 
   214  2:neutral  2:neutral       0.208,*0.629,0.163 
   215  2:neutral  2:neutral       0.077,*0.667,0.255 
   216  2:neutral  2:neutral       0.06,*0.496,0.444 
   217  2:neutral  2:neutral       0.053,*0.844,0.103 
   218  2:neutral 3:positive   +   0.233,0.381,*0.386 
   219  2:neutral  2:neutral       0.148,*0.726,0.126 
   220  2:neutral  2:neutral       0.061,*0.629,0.31 
   221  2:neutral 1:negative   +   *0.388,0.264,0.349 
   222  2:neutral  2:neutral       0.103,*0.541,0.357 
   223  2:neutral  2:neutral       0.072,*0.636,0.293 
   224  2:neutral  2:neutral       0.147,*0.64,0.214 
   225  2:neutral  2:neutral       0.035,*0.827,0.138 
   226  2:neutral  2:neutral       0.036,*0.78,0.184 
   227  2:neutral  2:neutral       0.059,*0.787,0.153 
   228  2:neutral  2:neutral       0.032,*0.525,0.443 
   229  2:neutral  2:neutral       0.025,*0.616,0.359 
   230  2:neutral 1:negative   +   *0.581,0.202,0.217 
   231  2:neutral  2:neutral       0.06,*0.786,0.154 
   232  2:neutral  2:neutral       0.366,*0.386,0.249 
   233  2:neutral 3:positive   +   0.173,0.326,*0.5 
   234  2:neutral  2:neutral       0.036,*0.628,0.336 
   235  2:neutral  2:neutral       0.197,*0.602,0.201 
   236  2:neutral  2:neutral       0.154,*0.539,0.307 
   237  2:neutral 3:positive   +   0.015,0.485,*0.5 
   238  2:neutral  2:neutral       0.216,*0.671,0.112 
   239  2:neutral  2:neutral       0.257,*0.424,0.319 
   240  2:neutral 3:positive   +   0.117,0.39,*0.493 
   241  2:neutral  2:neutral       0.337,*0.488,0.174 
   242  2:neutral  2:neutral       0.069,*0.821,0.11 
   243  2:neutral 3:positive   +   0.035,0.47,*0.495 
   244  2:neutral  2:neutral       0.078,*0.706,0.216 
   245  2:neutral  2:neutral       0.18,*0.692,0.127 
   246  2:neutral 3:positive   +   0.015,0.465,*0.519 
   247  2:neutral  2:neutral       0.008,*0.958,0.034 
   248  2:neutral 3:positive   +   0.068,0.322,*0.611 
   249  2:neutral 3:positive   +   0.144,0.406,*0.45 
   250  2:neutral  2:neutral       0.047,*0.761,0.191 
   251  2:neutral  2:neutral       0.082,*0.556,0.361 
   252  2:neutral  2:neutral       0.157,*0.602,0.24 
   253  2:neutral  2:neutral       0.246,*0.563,0.191 
   254  2:neutral  2:neutral       0.113,*0.749,0.138 
   255  2:neutral  2:neutral       0.033,*0.759,0.208 
   256  2:neutral  2:neutral       0.048,*0.663,0.289 
   257  2:neutral  2:neutral       0.102,*0.628,0.27 
   258  2:neutral  2:neutral       0.051,*0.902,0.047 
   259  2:neutral  2:neutral       0.05,*0.515,0.435 
   260  2:neutral  2:neutral       0.068,*0.871,0.061 
   261  2:neutral 3:positive   +   0.021,0.355,*0.624 
   262  2:neutral  2:neutral       0.027,*0.617,0.356 
   263  2:neutral  2:neutral       0.063,*0.62,0.316 
   264  2:neutral  2:neutral       0.082,*0.826,0.093 
   265  2:neutral  2:neutral       0.154,*0.535,0.311 
   266  2:neutral 3:positive   +   0.088,0.395,*0.516 
   267  2:neutral 3:positive   +   0.139,0.266,*0.595 
   268  2:neutral  2:neutral       0.381,*0.494,0.126 
   269  2:neutral  2:neutral       0.205,*0.531,0.265 
   270  2:neutral 3:positive   +   0.228,0.312,*0.46 
   271  2:neutral 1:negative   +   *0.631,0.146,0.222 
   272  2:neutral 3:positive   +   0.165,0.302,*0.533 
   273  2:neutral 1:negative   +   *0.423,0.42,0.156 
   274  2:neutral  2:neutral       0.066,*0.476,0.458 
   275  2:neutral 3:positive   +   0.334,0.145,*0.521 
   276  2:neutral  2:neutral       0.03,*0.851,0.119 
   277  2:neutral  2:neutral       0.023,*0.576,0.401 
   278  2:neutral  2:neutral       0.04,*0.78,0.18 
   279  2:neutral 1:negative   +   *0.538,0.283,0.179 
   280  2:neutral 3:positive   +   0.021,0.463,*0.515 
   281  2:neutral  2:neutral       0.141,*0.661,0.197 
   282  2:neutral  2:neutral       0.07,*0.792,0.138 
   283  2:neutral  2:neutral       0.214,*0.489,0.297 
   284  2:neutral 3:positive   +   0.045,0.39,*0.564 
   285  2:neutral  2:neutral       0.016,*0.898,0.087 
   286  2:neutral  2:neutral       0.068,*0.7,0.231 
   287  2:neutral  2:neutral       0.087,*0.827,0.087 
   288  2:neutral  2:neutral       0.109,*0.772,0.119 
   289  2:neutral  2:neutral       0.102,*0.638,0.26 
   290  2:neutral 3:positive   +   0.013,0.385,*0.603 
   291  2:neutral  2:neutral       0.137,*0.64,0.222 
   292  2:neutral 1:negative   +   *0.492,0.374,0.135 
   293  2:neutral  2:neutral       0.073,*0.511,0.417 
   294  2:neutral 3:positive   +   0.172,0.338,*0.49 
   295  2:neutral  2:neutral       0.107,*0.838,0.056 
   296  2:neutral  2:neutral       0.093,*0.617,0.29 
   297  2:neutral 3:positive   +   0.162,0.398,*0.44 
   298  2:neutral  2:neutral       0.092,*0.642,0.266 
   299  2:neutral  2:neutral       0.182,*0.704,0.114 
   300  2:neutral  2:neutral       0.071,*0.891,0.039 
   301  2:neutral  2:neutral       0.034,*0.804,0.162 
   302  2:neutral  2:neutral       0.049,*0.626,0.325 
   303  2:neutral 3:positive   +   0.124,0.235,*0.641 
   304  2:neutral 3:positive   +   0.07,0.13,*0.8 
   305  2:neutral  2:neutral       0.041,*0.598,0.361 
   306  2:neutral  2:neutral       0.186,*0.473,0.341 
   307  2:neutral  2:neutral       0.083,*0.791,0.126 
   308  2:neutral  2:neutral       0.164,*0.808,0.028 
   309  2:neutral 3:positive   +   0.035,0.418,*0.547 
   310  2:neutral  2:neutral       0.076,*0.898,0.026 
   311  2:neutral  2:neutral       0.182,*0.543,0.275 
   312  2:neutral 3:positive   +   0.089,0.437,*0.474 
   313  2:neutral  2:neutral       0.042,*0.866,0.092 
   314  2:neutral  2:neutral       0.177,*0.644,0.179 
   315  2:neutral 3:positive   +   0.029,0.401,*0.57 
   316  2:neutral 3:positive   +   0.025,0.189,*0.786 
   317  2:neutral 3:positive   +   0.13,0.419,*0.451 
   318  2:neutral  2:neutral       0.126,*0.628,0.246 
   319  2:neutral  2:neutral       0.149,*0.454,0.396 
   320  2:neutral  2:neutral       0.152,*0.797,0.051 
   321  2:neutral  2:neutral       0.192,*0.614,0.194 
   322  2:neutral  2:neutral       0.063,*0.86,0.076 
   323  2:neutral  2:neutral       0.117,*0.585,0.297 
   324  2:neutral  2:neutral       0.085,*0.806,0.109 
   325  2:neutral  2:neutral       0.08,*0.568,0.352 
   326  2:neutral  2:neutral       0.078,*0.605,0.317 
   327  2:neutral 1:negative   +   *0.713,0.115,0.172 
   328  2:neutral 1:negative   +   *0.726,0.162,0.112 
   329  2:neutral  2:neutral       0.24,*0.644,0.116 
   330  2:neutral  2:neutral       0.039,*0.884,0.077 
   331  2:neutral  2:neutral       0.089,*0.574,0.337 
   332  2:neutral  2:neutral       0.145,*0.599,0.256 
   333  2:neutral  2:neutral       0.028,*0.755,0.217 
   334  2:neutral  2:neutral       0.235,*0.486,0.278 
   335  2:neutral 3:positive   +   0.087,0.45,*0.463 
   336  2:neutral  2:neutral       0.133,*0.453,0.414 
   337  2:neutral  2:neutral       0.048,*0.83,0.123 
   338  2:neutral  2:neutral       0.073,*0.559,0.367 
   339  2:neutral  2:neutral       0.035,*0.789,0.176 
   340  2:neutral  2:neutral       0.301,*0.51,0.189 
   341  2:neutral  2:neutral       0.062,*0.689,0.249 
   342  2:neutral 3:positive   +   0.047,0.117,*0.836 
   343  2:neutral  2:neutral       0.137,*0.649,0.214 
   344  2:neutral  2:neutral       0.03,*0.547,0.423 
   345  2:neutral  2:neutral       0.088,*0.694,0.219 
   346  2:neutral  2:neutral       0.089,*0.551,0.36 
   347  2:neutral  2:neutral       0.102,*0.628,0.27 
   348  2:neutral  2:neutral       0.287,*0.372,0.342 
   349  2:neutral  2:neutral       0.206,*0.551,0.243 
   350  2:neutral  2:neutral       0.063,*0.61,0.327 
   351  2:neutral  2:neutral       0.04,*0.642,0.319 
   352  2:neutral  2:neutral       0.043,*0.605,0.351 
   353  2:neutral  2:neutral       0.28,*0.431,0.289 
   354  2:neutral 1:negative   +   *0.851,0.047,0.101 
   355  2:neutral  2:neutral       0.102,*0.628,0.27 
   356  2:neutral 3:positive   +   0.208,0.264,*0.528 
   357  2:neutral  2:neutral       0.048,*0.534,0.417 
   358  2:neutral 3:positive   +   0.143,0.414,*0.443 
   359  2:neutral  2:neutral       0.28,*0.613,0.107 
   360  2:neutral  2:neutral       0.118,*0.831,0.05 
   361  2:neutral  2:neutral       0.098,*0.774,0.128 
