Zero Weights processed. Default weights will be used
..
Warning: using -h 0 may be faster
*
optimization finished, #iter = 2181
C = 636.0740908191884
obj = 345805.21432806266, rho = -19.57813589544132
nSV = 2492, nBSV = 1342
Total nSV = 2492
..
Warning: using -h 0 may be faster
*
optimization finished, #iter = 2208
C = 660.0040784647537
obj = 357619.76012279803, rho = -15.985044541656098
nSV = 2511, nBSV = 1316
Total nSV = 2511
..
Warning: using -h 0 may be faster
*
optimization finished, #iter = 2229
C = 603.4687286001678
obj = 319712.35994855606, rho = -13.831486702212956
nSV = 2483, nBSV = 1333
Total nSV = 2483
..
Warning: using -h 0 may be faster
*
optimization finished, #iter = 2249
C = 643.3810847395985
obj = 342343.5419666716, rho = -15.709395126348914
nSV = 2496, nBSV = 1350
Total nSV = 2496
..
Warning: using -h 0 may be faster
*
optimization finished, #iter = 2174
C = 635.5640096263271
obj = 346615.47665256116, rho = -4.609191005612864
nSV = 2468, nBSV = 1353
Total nSV = 2468
..
Warning: using -h 0 may be faster
*
optimization finished, #iter = 2754
C = 606.9816638343115
obj = 380761.9538339791, rho = -19.70402363460809
nSV = 3037, nBSV = 1741
....
Warning: using -h 0 may be faster
*
optimization finished, #iter = 4059
C = 1774.1712448419269
obj = 1683776.7714600614, rho = 31.622939846245018
nSV = 4429, nBSV = 1794
Total nSV = 4429
....
Warning: using -h 0 may be faster
*
optimization finished, #iter = 4025
C = 1808.4933063776466
obj = 1797993.9194686268, rho = -133.1348565717446
nSV = 4371, nBSV = 1777
Total nSV = 4371
....
Warning: using -h 0 may be faster
*
optimization finished, #iter = 4174
C = 1862.9642355807787
obj = 1906351.6362580508, rho = -129.23490123461644
nSV = 4437, nBSV = 1721
Total nSV = 4437
....
Warning: using -h 0 may be faster
*
optimization finished, #iter = 4236
C = 1862.4663713551747
obj = 1864541.320835689, rho = -137.34214805502862
nSV = 4419, nBSV = 1754
Total nSV = 4419
....
Warning: using -h 0 may be faster
*
optimization finished, #iter = 4278
C = 1908.5220620185587
obj = 1905580.18652341, rho = -137.19379114005977
nSV = 4456, nBSV = 1747
Total nSV = 4456
.
Warning: using -h 0 may be faster
....
Warning: using -h 0 may be faster
*
optimization finished, #iter = 5045
C = 1885.788713545604
obj = 2180424.8594033197, rho = 37.00510288083246
nSV = 5363, nBSV = 2337
..
Warning: using -h 0 may be faster
*
optimization finished, #iter = 2404
C = 689.6536184738627
obj = 404874.0080850573, rho = 27.01447738862194
nSV = 2924, nBSV = 1559
Total nSV = 2924
..
Warning: using -h 0 may be faster
*
optimization finished, #iter = 2383
C = 697.2013943037138
obj = 408570.1463359086, rho = 17.6820192104222
nSV = 2933, nBSV = 1543
Total nSV = 2933
..
Warning: using -h 0 may be faster
*
optimization finished, #iter = 2461
C = 745.6427158662243
obj = 454157.0915445835, rho = 32.32013823179
nSV = 2959, nBSV = 1519
Total nSV = 2959
..
Warning: using -h 0 may be faster
*
optimization finished, #iter = 2388
C = 676.3625545943316
obj = 387799.78901485493, rho = 21.171008138244385
nSV = 2934, nBSV = 1541
Total nSV = 2934
..
Warning: using -h 0 may be faster
*
optimization finished, #iter = 2306
C = 627.2402647920347
obj = 362964.2523712842, rho = 22.31854144128127
nSV = 2891, nBSV = 1559
Total nSV = 2891
..
Warning: using -h 0 may be faster
*
optimization finished, #iter = 2967
C = 672.6812399731261
obj = 460717.04737575434, rho = 25.7287116235328
nSV = 3572, nBSV = 1992
Total nSV = 8167
.
Warning: using -h 0 may be faster
*
optimization finished, #iter = 1771
C = 648.2170270208459
obj = 294007.5023581265, rho = -17.21561599777509
nSV = 2066, nBSV = 1014
Total nSV = 2066
.
Warning: using -h 0 may be faster
*
optimization finished, #iter = 1738
C = 632.1507251060985
obj = 288903.7001928494, rho = -10.274425127433997
nSV = 2030, nBSV = 1055
Total nSV = 2030
.
Warning: using -h 0 may be faster
*
optimization finished, #iter = 1714
C = 671.3608160062796
obj = 311927.545312024, rho = -7.964284814955164
nSV = 2043, nBSV = 1052
Total nSV = 2043
.
Warning: using -h 0 may be faster
*
optimization finished, #iter = 1631
C = 661.2851478853714
obj = 300521.30964295455, rho = -4.276859702868166
nSV = 2045, nBSV = 1059
Total nSV = 2045
.
Warning: using -h 0 may be faster
*
optimization finished, #iter = 1756
C = 674.9280168530106
obj = 316439.38169624953, rho = -1.1969265191701892
nSV = 2055, nBSV = 1057
Total nSV = 2055
..
Warning: using -h 0 may be faster
*
optimization finished, #iter = 2244
C = 634.2288820450018
obj = 338775.36271985376, rho = -13.114204338869612
nSV = 2512, nBSV = 1355
...
Warning: using -h 0 may be faster
*
optimization finished, #iter = 3326
C = 1764.9936376668543
obj = 1510927.1474996551, rho = 39.78436061689375
nSV = 3645, nBSV = 1348
Total nSV = 3645
...
Warning: using -h 0 may be faster
*
optimization finished, #iter = 3379
C = 1692.9130565636715
obj = 1437514.1840574534, rho = -102.59683332649915
nSV = 3622, nBSV = 1337
Total nSV = 3622
...
Warning: using -h 0 may be faster
*
optimization finished, #iter = 3469
C = 1826.969896380063
obj = 1589565.3517222058, rho = -123.02449553938575
nSV = 3671, nBSV = 1302
Total nSV = 3671
...
Warning: using -h 0 may be faster
*
optimization finished, #iter = 3499
C = 1822.4158560227934
obj = 1577359.9491417285, rho = -142.65065894995692
nSV = 3638, nBSV = 1305
Total nSV = 3638
...
Warning: using -h 0 may be faster
*
optimization finished, #iter = 3404
C = 1731.6072111864628
obj = 1476209.0868981471, rho = -115.90681259070126
nSV = 3628, nBSV = 1374
Total nSV = 3628
....
Warning: using -h 0 may be faster
*
optimization finished, #iter = 4062
C = 1775.487210266305
obj = 1746375.3150543442, rho = 40.469370930192646
nSV = 4406, nBSV = 1795
.
Warning: using -h 0 may be faster
*
optimization finished, #iter = 1895
C = 700.5625277356013
obj = 364142.9539098267, rho = -49.287863028263644
nSV = 2392, nBSV = 1190
Total nSV = 2392
..
Warning: using -h 0 may be faster
*
optimization finished, #iter = 2019
C = 688.6166250483284
obj = 346453.31090596993, rho = 15.05849910135984
nSV = 2382, nBSV = 1204
Total nSV = 2382
.
Warning: using -h 0 may be faster
*
optimization finished, #iter = 1981
C = 698.2040839681665
obj = 353419.97710721893, rho = 14.170260916905193
nSV = 2368, nBSV = 1204
Total nSV = 2368
.
Warning: using -h 0 may be faster
*
optimization finished, #iter = 1995
C = 677.49047077728
obj = 337913.3059177864, rho = 28.64554561917568
nSV = 2389, nBSV = 1193
Total nSV = 2389
.
Warning: using -h 0 may be faster
*
optimization finished, #iter = 1987
C = 688.4519094523552
obj = 347291.51945805794, rho = 19.52289141743502
nSV = 2384, nBSV = 1184
Total nSV = 2384
..
Warning: using -h 0 may be faster
*
optimization finished, #iter = 2416
C = 675.6679640648088
obj = 399163.5368595338, rho = 30.024968551887977
nSV = 2905, nBSV = 1557
Total nSV = 6624
.
Warning: using -h 0 may be faster
*
optimization finished, #iter = 1817
C = 666.0141524449629
obj = 299475.6157438581, rho = -14.361272100796251
nSV = 2050, nBSV = 1019
Total nSV = 2050
.
Warning: using -h 0 may be faster
*
optimization finished, #iter = 1863
C = 701.151019099399
obj = 324747.636868785, rho = -16.349159504166494
nSV = 2083, nBSV = 1026
Total nSV = 2083
.
Warning: using -h 0 may be faster
*
optimization finished, #iter = 1783
C = 630.579611539525
obj = 285785.1714680688, rho = -17.074797997853917
nSV = 2033, nBSV = 1045
Total nSV = 2033
.
Warning: using -h 0 may be faster
*
optimization finished, #iter = 1754
C = 608.0897892573198
obj = 267952.89458540943, rho = -9.80144123308522
nSV = 2008, nBSV = 1043
Total nSV = 2008
.
Warning: using -h 0 may be faster
*
optimization finished, #iter = 1823
C = 649.1475394500895
obj = 287241.457456413, rho = -11.386144714449395
nSV = 2033, nBSV = 1030
Total nSV = 2033
..
Warning: using -h 0 may be faster
*
optimization finished, #iter = 2197
C = 625.1445659424212
obj = 328487.1829500278, rho = -17.389895566266713
nSV = 2487, nBSV = 1359
...
Warning: using -h 0 may be faster
*
optimization finished, #iter = 3471
C = 1835.0382707606393
obj = 1565835.2452371016, rho = -126.91065631048644
nSV = 3699, nBSV = 1344
Total nSV = 3699
...
Warning: using -h 0 may be faster
*
optimization finished, #iter = 3652
C = 1782.9855325928274
obj = 1495713.5571509395, rho = -105.60583177418805
nSV = 3660, nBSV = 1306
Total nSV = 3660
...
Warning: using -h 0 may be faster
*
optimization finished, #iter = 3494
C = 1696.146688964119
obj = 1406210.2916960986, rho = -96.89996303002623
nSV = 3646, nBSV = 1340
Total nSV = 3646
...
Warning: using -h 0 may be faster
*
optimization finished, #iter = 3365
C = 1741.9465939128645
obj = 1461315.5232906595, rho = -119.36644510710695
nSV = 3634, nBSV = 1352
Total nSV = 3634
...
Warning: using -h 0 may be faster
*
optimization finished, #iter = 3330
C = 1714.9721216960259
obj = 1435884.7841184791, rho = -128.79209485617503
nSV = 3633, nBSV = 1374
Total nSV = 3633
....
Warning: using -h 0 may be faster
*
optimization finished, #iter = 4082
C = 1806.5504242279965
obj = 1787244.8353318423, rho = 36.37283191193448
nSV = 4406, nBSV = 1775
..
Warning: using -h 0 may be faster
*
optimization finished, #iter = 2019
C = 672.7203290414982
obj = 324638.04098216025, rho = -33.18641204772641
nSV = 2410, nBSV = 1211
Total nSV = 2410
..
Warning: using -h 0 may be faster
*
optimization finished, #iter = 2184
C = 731.105101155031
obj = 373306.0211305904, rho = -47.90237235656211
nSV = 2413, nBSV = 1163
Total nSV = 2413
.
Warning: using -h 0 may be faster
*
optimization finished, #iter = 1942
C = 731.0431682075327
obj = 380443.67666027683, rho = -46.29874619646949
nSV = 2396, nBSV = 1200
Total nSV = 2396
..
Warning: using -h 0 may be faster
*
optimization finished, #iter = 2049
C = 695.9156005549706
obj = 351063.9359374533, rho = -33.565437312062436
nSV = 2402, nBSV = 1188
Total nSV = 2402
..
Warning: using -h 0 may be faster
*
optimization finished, #iter = 2012
C = 705.0630619093515
obj = 358924.35453366954, rho = -50.52348704010883
nSV = 2398, nBSV = 1209
Total nSV = 2398
..
Warning: using -h 0 may be faster
*
optimization finished, #iter = 2291
C = 672.8811273365408
obj = 389126.78730246326, rho = 24.568656952354942
nSV = 2894, nBSV = 1570
Total nSV = 6654
...
Warning: using -h 0 may be faster
*
optimization finished, #iter = 3300
C = 1739.5589911683528
obj = 1431480.6988158287, rho = -96.52365280883346
nSV = 3636, nBSV = 1361
Total nSV = 3636
...
Warning: using -h 0 may be faster
*
optimization finished, #iter = 3227
C = 1798.2997229650698
obj = 1548884.9301750304, rho = -112.9373158220566
nSV = 3611, nBSV = 1398
Total nSV = 3611
...
Warning: using -h 0 may be faster
*
optimization finished, #iter = 3149
C = 1797.5355414324026
obj = 1543114.5313700286, rho = -108.03100149324224
nSV = 3596, nBSV = 1350
Total nSV = 3596
...
Warning: using -h 0 may be faster
*
optimization finished, #iter = 3274
C = 1784.9248806135433
obj = 1520456.1072797794, rho = -88.41955452709621
nSV = 3619, nBSV = 1380
Total nSV = 3619
...
Warning: using -h 0 may be faster
*
optimization finished, #iter = 3230
C = 1829.1863378781245
obj = 1554507.1198056475, rho = -102.05473332127008
nSV = 3609, nBSV = 1369
Total nSV = 3609
....
Warning: using -h 0 may be faster
*
optimization finished, #iter = 4291
C = 1906.8789911862798
obj = 1916639.4311506809, rho = -131.4056492288322
nSV = 4464, nBSV = 1772
..
Warning: using -h 0 may be faster
*
optimization finished, #iter = 2034
C = 789.494688094536
obj = 411893.3028856612, rho = -51.10908009098701
nSV = 2440, nBSV = 1158
Total nSV = 2440
..
Warning: using -h 0 may be faster
*
optimization finished, #iter = 2036
C = 741.7461819699465
obj = 385544.0054855493, rho = -43.077704607006275
nSV = 2428, nBSV = 1163
Total nSV = 2428
.
Warning: using -h 0 may be faster
*
optimization finished, #iter = 1963
C = 769.8558390847772
obj = 401009.26813343226, rho = -33.132425279620264
nSV = 2438, nBSV = 1168
Total nSV = 2438
..
Warning: using -h 0 may be faster
*
optimization finished, #iter = 2110
C = 800.7668464574015
obj = 420900.24805882195, rho = -42.97985220648322
nSV = 2456, nBSV = 1151
Total nSV = 2456
.
Warning: using -h 0 may be faster
*
optimization finished, #iter = 1972
C = 756.5759393025318
obj = 391436.5851988259, rho = -49.20151299396055
nSV = 2432, nBSV = 1161
Total nSV = 2432
..
Warning: using -h 0 may be faster
*
optimization finished, #iter = 2495
C = 760.3564491349794
obj = 459047.5985317944, rho = -49.94740702303677
nSV = 2993, nBSV = 1507
.
Warning: using -h 0 may be faster
*
optimization finished, #iter = 1750
C = 670.0679074603939
obj = 302703.73037528124, rho = -4.616416928438334
nSV = 2068, nBSV = 1027
Total nSV = 2068
.
Warning: using -h 0 may be faster
*
optimization finished, #iter = 1770
C = 639.1196115465052
obj = 292069.06929981837, rho = -6.086431792393568
nSV = 2047, nBSV = 1030
Total nSV = 2047
.
Warning: using -h 0 may be faster
*
optimization finished, #iter = 1698
C = 655.0056327723723
obj = 296151.12552571367, rho = 0.9733033362113652
nSV = 2029, nBSV = 1063
Total nSV = 2029
.
Warning: using -h 0 may be faster
*
optimization finished, #iter = 1788
C = 674.0832561711853
obj = 310770.36649478617, rho = -5.650794348566018
nSV = 2059, nBSV = 1014
Total nSV = 2059
.
Warning: using -h 0 may be faster
*
optimization finished, #iter = 1804
C = 684.1439076245524
obj = 315571.16829265194, rho = 5.865155038010067
nSV = 2083, nBSV = 1033
Total nSV = 2083
..
Warning: using -h 0 may be faster
*
optimization finished, #iter = 2139
C = 641.8658382263059
obj = 345748.03286193206, rho = -18.971327751763226
nSV = 2493, nBSV = 1352
Total nSV = 6749
.
Warning: using -h 0 may be faster
*
optimization finished, #iter = 1761
C = 698.183481560247
obj = 324976.3060369864, rho = -7.935932022795491
nSV = 2074, nBSV = 1018
Total nSV = 2074
.
Warning: using -h 0 may be faster
*
optimization finished, #iter = 1626
C = 677.8628241793213
obj = 318009.9921287994, rho = -10.508103145870301
nSV = 2020, nBSV = 1046
Total nSV = 2020
.
Warning: using -h 0 may be faster
*
optimization finished, #iter = 1713
C = 673.430411902635
obj = 314740.2709082121, rho = -2.0567907371024483
nSV = 2062, nBSV = 1021
Total nSV = 2062
.
Warning: using -h 0 may be faster
*
optimization finished, #iter = 1781
C = 656.6580459561677
obj = 299664.5847464099, rho = -7.259041843795885
nSV = 2048, nBSV = 1026
Total nSV = 2048
.
Warning: using -h 0 may be faster
*
optimization finished, #iter = 1768
C = 685.9688784548213
obj = 317429.95449810487, rho = -13.900296607810787
nSV = 2041, nBSV = 1041
Total nSV = 2041
Line search fails in two-class probability estimates
..
Warning: using -h 0 may be faster
*
optimization finished, #iter = 2188
C = 655.8533427466484
obj = 361191.8814022503, rho = -8.21159953235828
nSV = 2503, nBSV = 1340
.
Warning: using -h 0 may be faster
*
optimization finished, #iter = 1990
C = 719.0353712991364
obj = 363778.26357117796, rho = -41.12464326381304
nSV = 2424, nBSV = 1191
Total nSV = 2424
.
Warning: using -h 0 may be faster
*
optimization finished, #iter = 1867
C = 662.2304523269395
obj = 329848.944821914, rho = 7.52852245447379
nSV = 2368, nBSV = 1220
Total nSV = 2368
.
Warning: using -h 0 may be faster
*
optimization finished, #iter = 1934
C = 699.5798421398722
obj = 352304.58202712564, rho = 18.757937472623123
nSV = 2405, nBSV = 1212
Total nSV = 2405
..
Warning: using -h 0 may be faster
*
optimization finished, #iter = 2015
C = 706.1351195448173
obj = 352769.01923099416, rho = 17.822222200333464
nSV = 2385, nBSV = 1179
Total nSV = 2385
..
Warning: using -h 0 may be faster
*
optimization finished, #iter = 2009
C = 684.7049174333208
obj = 339498.0194006432, rho = 16.73839578635555
nSV = 2409, nBSV = 1185
Total nSV = 2409
..
Warning: using -h 0 may be faster
*
optimization finished, #iter = 2373
C = 681.7772822172418
obj = 401464.49857520655, rho = 22.33356149023533
nSV = 2928, nBSV = 1552
...
Warning: using -h 0 may be faster
*
optimization finished, #iter = 3225
C = 1751.5785909994909
obj = 1458021.377813315, rho = 27.601837578383748
nSV = 3606, nBSV = 1366
Total nSV = 3606
...
Warning: using -h 0 may be faster
*
optimization finished, #iter = 3418
C = 1691.910486460767
obj = 1391611.685452976, rho = 14.209649759675045
nSV = 3617, nBSV = 1377
Total nSV = 3617
...
Warning: using -h 0 may be faster
*
optimization finished, #iter = 3443
C = 1692.6883377776542
obj = 1387107.8784741177, rho = 25.577273534554326
nSV = 3600, nBSV = 1392
Total nSV = 3600
...
Warning: using -h 0 may be faster
*
optimization finished, #iter = 3447
C = 1743.2428301968732
obj = 1455087.0215303118, rho = 43.679718956597576
nSV = 3638, nBSV = 1353
Total nSV = 3638
...
Warning: using -h 0 may be faster
*
optimization finished, #iter = 3213
C = 1692.3837394403008
obj = 1435818.1773368525, rho = 26.061669021636522
nSV = 3573, nBSV = 1401
Total nSV = 3573
....
Warning: using -h 0 may be faster
*
optimization finished, #iter = 4168
C = 1727.579182563021
obj = 1644217.5149050548, rho = 26.781465501751473
nSV = 4376, nBSV = 1795
Total nSV = 6638
..
Warning: using -h 0 may be faster
*
optimization finished, #iter = 2044
C = 698.361835411014
obj = 346002.32543206704, rho = -36.03693083814684
nSV = 2397, nBSV = 1161
Total nSV = 2397
.
Warning: using -h 0 may be faster
*
optimization finished, #iter = 1869
C = 594.7790858404668
obj = 282164.9819524355, rho = -27.247895821102375
nSV = 2358, nBSV = 1219
Total nSV = 2358
.
Warning: using -h 0 may be faster
*
optimization finished, #iter = 1932
C = 655.3005705946978
obj = 322420.59316979983, rho = -35.884709419502855
nSV = 2403, nBSV = 1201
Total nSV = 2403
.
Warning: using -h 0 may be faster
*
optimization finished, #iter = 1975
C = 698.9919190724303
obj = 348378.7562206225, rho = -44.51658524326013
nSV = 2418, nBSV = 1187
Total nSV = 2418
..
Warning: using -h 0 may be faster
*
optimization finished, #iter = 2136
C = 646.2830931532501
obj = 316120.62144934386, rho = -29.51423323210742
nSV = 2393, nBSV = 1203
Total nSV = 2393
..
Warning: using -h 0 may be faster
*
optimization finished, #iter = 2279
C = 652.8426793496584
obj = 377494.45733135904, rho = 22.162943144870408
nSV = 2880, nBSV = 1590
.
Warning: using -h 0 may be faster
*
optimization finished, #iter = 1868
C = 654.2558198155991
obj = 301398.5758247757, rho = -16.244101975431025
nSV = 2040, nBSV = 1014
Total nSV = 2040
.
Warning: using -h 0 may be faster
*
optimization finished, #iter = 1745
C = 641.6037224054128
obj = 289646.9132469923, rho = -1.94961478225579
nSV = 2039, nBSV = 1048
Total nSV = 2039
.
Warning: using -h 0 may be faster
*
optimization finished, #iter = 1753
C = 663.9664844496316
obj = 305302.50423304416, rho = 8.92380466338342
nSV = 2059, nBSV = 1016
Total nSV = 2059
.
Warning: using -h 0 may be faster
*
optimization finished, #iter = 1738
C = 610.23994918825
obj = 273309.0501477362, rho = -4.016661768414152
nSV = 2031, nBSV = 1042
Total nSV = 2031
.
Warning: using -h 0 may be faster
*
optimization finished, #iter = 1758
C = 615.9200756957815
obj = 273913.06376712065, rho = 4.33540601773645
nSV = 2032, nBSV = 1061
Total nSV = 2032
..
Warning: using -h 0 may be faster
*
optimization finished, #iter = 2229
C = 613.4819455539
obj = 325363.87978079135, rho = 5.012480382060851
nSV = 2512, nBSV = 1317
...
Warning: using -h 0 may be faster
*
optimization finished, #iter = 3282
C = 1797.4951731549468
obj = 1547407.1667281482, rho = -105.84030578406258
nSV = 3649, nBSV = 1315
Total nSV = 3649
...
Warning: using -h 0 may be faster
*
optimization finished, #iter = 3186
C = 1777.3625383292328
obj = 1516537.2826600135, rho = -110.13077551701076
nSV = 3620, nBSV = 1358
Total nSV = 3620
...
Warning: using -h 0 may be faster
*
optimization finished, #iter = 3330
C = 1825.2857819065532
obj = 1577030.1342613571, rho = -99.93648966225653
nSV = 3636, nBSV = 1356
Total nSV = 3636
...
Warning: using -h 0 may be faster
*
optimization finished, #iter = 3341
C = 1770.4950713434168
obj = 1509277.4205804998, rho = -124.13029908077294
nSV = 3668, nBSV = 1339
Total nSV = 3668
...
Warning: using -h 0 may be faster
*
optimization finished, #iter = 3295
C = 1850.9539501649267
obj = 1595449.7306775455, rho = -109.19391770360876
nSV = 3667, nBSV = 1382
Total nSV = 3667
....
Warning: using -h 0 may be faster
*
optimization finished, #iter = 4123
C = 1920.0646766951381
obj = 1968144.6832881456, rho = -128.06093299145203
nSV = 4418, nBSV = 1771
Total nSV = 6675


=== Predictions under cross-validation ===

 inst#     actual  predicted error distribution
     1  2:neutral  2:neutral       0.358,*0.457,0.184 
     2  2:neutral  2:neutral       0.042,*0.829,0.129 
     3  2:neutral 3:positive   +   0.101,0.259,*0.641 
     4  2:neutral  2:neutral       0.066,*0.717,0.217 
     5  2:neutral  2:neutral       0.056,*0.693,0.251 
     6  2:neutral  2:neutral       0.426,*0.512,0.062 
     7  2:neutral 3:positive   +   0.049,0.464,*0.487 
     8  2:neutral  2:neutral       0.108,*0.759,0.133 
     9  2:neutral  2:neutral       0.094,*0.611,0.295 
    10  2:neutral 1:negative   +   *0.732,0.148,0.12 
    11  2:neutral  2:neutral       0.03,*0.501,0.468 
    12  2:neutral  2:neutral       0.057,*0.778,0.166 
    13  2:neutral  2:neutral       0.047,*0.822,0.131 
    14  2:neutral  2:neutral       0.016,*0.63,0.354 
    15  2:neutral  2:neutral       0.404,*0.455,0.14 
    16  2:neutral  2:neutral       0.028,*0.691,0.281 
    17  2:neutral 1:negative   +   *0.378,0.317,0.305 
    18  2:neutral  2:neutral       0.259,*0.379,0.362 
    19  2:neutral  2:neutral       0.086,*0.71,0.204 
    20  2:neutral  2:neutral       0.039,*0.929,0.032 
    21  2:neutral 1:negative   +   *0.402,0.316,0.282 
    22  2:neutral  2:neutral       0.105,*0.522,0.373 
    23  2:neutral  2:neutral       0.082,*0.697,0.221 
    24  2:neutral  2:neutral       0.077,*0.812,0.11 
    25  2:neutral  2:neutral       0.046,*0.713,0.241 
    26  2:neutral 3:positive   +   0.073,0.169,*0.758 
    27  2:neutral  2:neutral       0.032,*0.877,0.091 
    28  2:neutral 1:negative   +   *0.469,0.445,0.086 
    29  2:neutral  2:neutral       0.021,*0.73,0.249 
    30  2:neutral 3:positive   +   0.032,0.293,*0.676 
    31  2:neutral 1:negative   +   *0.504,0.428,0.068 
    32  2:neutral 1:negative   +   *0.92,0.066,0.014 
    33  2:neutral  2:neutral       0.014,*0.923,0.063 
    34  2:neutral  2:neutral       0.043,*0.801,0.156 
    35  2:neutral  2:neutral       0.184,*0.727,0.089 
    36  2:neutral  2:neutral       0.017,*0.737,0.246 
    37  2:neutral  2:neutral       0.208,*0.605,0.187 
    38  2:neutral  2:neutral       0.114,*0.721,0.165 
    39  2:neutral  2:neutral       0.053,*0.752,0.195 
    40  2:neutral  2:neutral       0.048,*0.813,0.139 
    41  2:neutral  2:neutral       0.078,*0.803,0.118 
    42  2:neutral  2:neutral       0.075,*0.731,0.194 
    43  2:neutral 3:positive   +   0.147,0.054,*0.799 
    44  2:neutral 3:positive   +   0.042,0.307,*0.651 
    45  2:neutral  2:neutral       0.052,*0.818,0.13 
    46  2:neutral  2:neutral       0.022,*0.598,0.379 
    47  2:neutral  2:neutral       0.107,*0.602,0.292 
    48  2:neutral 3:positive   +   0.058,0.357,*0.585 
    49  2:neutral  2:neutral       0.055,*0.899,0.046 
    50  2:neutral  2:neutral       0.047,*0.831,0.121 
    51  2:neutral  2:neutral       0.193,*0.72,0.088 
    52  2:neutral  2:neutral       0.253,*0.495,0.253 
    53  2:neutral 3:positive   +   0.32,0.302,*0.378 
    54  2:neutral  2:neutral       0.098,*0.501,0.4 
    55  2:neutral  2:neutral       0.039,*0.871,0.09 
    56  2:neutral  2:neutral       0.037,*0.907,0.056 
    57  2:neutral  2:neutral       0.182,*0.528,0.29 
    58  2:neutral  2:neutral       0.072,*0.499,0.43 
    59  2:neutral  2:neutral       0.075,*0.679,0.246 
    60  2:neutral  2:neutral       0.087,*0.567,0.346 
    61  2:neutral  2:neutral       0.21,*0.657,0.133 
    62  2:neutral  2:neutral       0.097,*0.687,0.216 
    63  2:neutral  2:neutral       0.035,*0.748,0.216 
    64  2:neutral  2:neutral       0.078,*0.519,0.404 
    65  2:neutral  2:neutral       0.185,*0.646,0.169 
    66  2:neutral 3:positive   +   0.051,0.29,*0.66 
    67  2:neutral  2:neutral       0.05,*0.51,0.44 
    68  2:neutral  2:neutral       0.298,*0.429,0.273 
    69  2:neutral 3:positive   +   0.035,0.275,*0.689 
    70  2:neutral 3:positive   +   0.076,0.366,*0.559 
    71  2:neutral  2:neutral       0.127,*0.688,0.185 
    72  2:neutral 3:positive   +   0.029,0.104,*0.866 
    73  2:neutral  2:neutral       0.143,*0.564,0.293 
    74  2:neutral 3:positive   +   0.098,0.407,*0.494 
    75  2:neutral  2:neutral       0.074,*0.79,0.136 
    76  2:neutral  2:neutral       0.086,*0.706,0.208 
    77  2:neutral  2:neutral       0.083,*0.67,0.247 
    78  2:neutral  2:neutral       0.096,*0.621,0.283 
    79  2:neutral  2:neutral       0.326,*0.568,0.106 
    80  2:neutral  2:neutral       0.038,*0.822,0.14 
    81  2:neutral  2:neutral       0.336,*0.392,0.272 
    82  2:neutral  2:neutral       0.097,*0.851,0.052 
    83  2:neutral 3:positive   +   0.395,0.192,*0.414 
    84  2:neutral 3:positive   +   0.018,0.194,*0.788 
    85  2:neutral  2:neutral       0.354,*0.468,0.177 
    86  2:neutral  2:neutral       0.057,*0.833,0.11 
    87  2:neutral  2:neutral       0.011,*0.582,0.407 
    88  2:neutral  2:neutral       0.026,*0.664,0.311 
    89  2:neutral 1:negative   +   *0.644,0.176,0.181 
    90  2:neutral  2:neutral       0.018,*0.732,0.25 
    91  2:neutral  2:neutral       0.085,*0.792,0.123 
    92  2:neutral  2:neutral       0.106,*0.705,0.188 
    93  2:neutral  2:neutral       0.068,*0.641,0.291 
    94  2:neutral 3:positive   +   0.074,0.455,*0.471 
    95  2:neutral 3:positive   +   0.08,0.37,*0.55 
    96  2:neutral  2:neutral       0.246,*0.602,0.151 
    97  2:neutral  2:neutral       0.071,*0.775,0.153 
    98  2:neutral 3:positive   +   0.053,0.456,*0.491 
    99  2:neutral  2:neutral       0.054,*0.736,0.21 
   100  2:neutral  2:neutral       0.067,*0.707,0.226 
   101  2:neutral 3:positive   +   0.169,0.384,*0.447 
   102  2:neutral 3:positive   +   0.061,0.402,*0.538 
   103  2:neutral  2:neutral       0.045,*0.782,0.173 
   104  2:neutral  2:neutral       0.211,*0.551,0.238 
   105  2:neutral  2:neutral       0.051,*0.673,0.276 
   106  2:neutral 3:positive   +   0.146,0.253,*0.601 
   107  2:neutral  2:neutral       0.082,*0.697,0.221 
   108  2:neutral  2:neutral       0.029,*0.858,0.113 
   109  2:neutral  2:neutral       0.015,*0.772,0.213 
   110  2:neutral  2:neutral       0.111,*0.713,0.176 
   111  2:neutral  2:neutral       0.059,*0.648,0.292 
   112  2:neutral  2:neutral       0.014,*0.865,0.121 
   113  2:neutral  2:neutral       0.029,*0.685,0.286 
   114  2:neutral 3:positive   +   0.191,0.308,*0.501 
   115  2:neutral  2:neutral       0.064,*0.679,0.258 
   116  2:neutral  2:neutral       0.151,*0.558,0.291 
   117  2:neutral  2:neutral       0.017,*0.96,0.023 
   118  2:neutral  2:neutral       0.1,*0.604,0.295 
   119  2:neutral  2:neutral       0.037,*0.846,0.117 
   120  2:neutral 3:positive   +   0.046,0.23,*0.724 
   121  2:neutral  2:neutral       0.063,*0.529,0.408 
   122  2:neutral 3:positive   +   0.122,0.223,*0.655 
   123  2:neutral  2:neutral       0.101,*0.846,0.054 
   124  2:neutral  2:neutral       0.076,*0.852,0.072 
   125  2:neutral  2:neutral       0.177,*0.709,0.114 
   126  2:neutral  2:neutral       0.094,*0.594,0.312 
   127  2:neutral  2:neutral       0.041,*0.825,0.134 
   128  2:neutral 3:positive   +   0.042,0.257,*0.702 
   129  2:neutral  2:neutral       0.221,*0.55,0.229 
   130  2:neutral  2:neutral       0.082,*0.692,0.226 
   131  2:neutral 3:positive   +   0.283,0.331,*0.386 
   132  2:neutral  2:neutral       0.072,*0.7,0.228 
   133  2:neutral  2:neutral       0.046,*0.68,0.273 
   134  2:neutral  2:neutral       0.031,*0.864,0.104 
   135  2:neutral  2:neutral       0.029,*0.85,0.121 
   136  2:neutral  2:neutral       0.013,*0.841,0.147 
   137  2:neutral  2:neutral       0.057,*0.734,0.209 
   138  2:neutral  2:neutral       0.058,*0.626,0.316 
   139  2:neutral  2:neutral       0.199,*0.488,0.313 
   140  2:neutral  2:neutral       0.226,*0.646,0.128 
   141  2:neutral  2:neutral       0.044,*0.641,0.315 
   142  2:neutral  2:neutral       0.117,*0.703,0.181 
   143  2:neutral  2:neutral       0.176,*0.557,0.267 
   144  2:neutral  2:neutral       0.142,*0.651,0.206 
   145  2:neutral 3:positive   +   0.287,0.287,*0.426 
   146  2:neutral  2:neutral       0.263,*0.622,0.115 
   147  2:neutral  2:neutral       0.019,*0.773,0.208 
   148  2:neutral  2:neutral       0.055,*0.763,0.182 
   149  2:neutral 3:positive   +   0.185,0.285,*0.53 
   150  2:neutral  2:neutral       0.079,*0.851,0.069 
   151  2:neutral  2:neutral       0.059,*0.589,0.352 
   152  2:neutral  2:neutral       0.035,*0.868,0.097 
   153  2:neutral  2:neutral       0.034,*0.85,0.116 
   154  2:neutral  2:neutral       0.182,*0.627,0.191 
   155  2:neutral 3:positive   +   0.037,0.304,*0.659 
   156  2:neutral 3:positive   +   0.072,0.39,*0.538 
   157  2:neutral  2:neutral       0.039,*0.616,0.345 
   158  2:neutral  2:neutral       0.057,*0.805,0.137 
   159  2:neutral  2:neutral       0.058,*0.878,0.064 
   160  2:neutral  2:neutral       0.007,*0.822,0.17 
   161  2:neutral  2:neutral       0.199,*0.521,0.28 
   162  2:neutral  2:neutral       0.024,*0.82,0.156 
   163  2:neutral  2:neutral       0.016,*0.758,0.226 
   164  2:neutral  2:neutral       0.299,*0.501,0.2 
   165  2:neutral  2:neutral       0.062,*0.844,0.094 
   166  2:neutral  2:neutral       0.076,*0.779,0.145 
   167  2:neutral  2:neutral       0.097,*0.666,0.237 
   168  2:neutral  2:neutral       0.047,*0.85,0.103 
   169  2:neutral  2:neutral       0.207,*0.611,0.182 
   170  2:neutral  2:neutral       0.094,*0.731,0.174 
   171  2:neutral  2:neutral       0.057,*0.617,0.326 
   172  2:neutral  2:neutral       0.155,*0.709,0.136 
   173  2:neutral 1:negative   +   *0.746,0.205,0.049 
   174  2:neutral  2:neutral       0.098,*0.652,0.25 
   175  2:neutral  2:neutral       0.081,*0.739,0.18 
   176  2:neutral 3:positive   +   0.22,0.349,*0.431 
   177  2:neutral  2:neutral       0.041,*0.847,0.112 
   178  2:neutral  2:neutral       0.159,*0.667,0.174 
   179  2:neutral  2:neutral       0.087,*0.715,0.197 
   180  2:neutral  2:neutral       0.034,*0.857,0.108 
   181  2:neutral  2:neutral       0.042,*0.835,0.123 
   182  2:neutral 1:negative   +   *0.893,0.09,0.018 
   183  2:neutral  2:neutral       0.065,*0.715,0.22 
   184  2:neutral 3:positive   +   0.105,0.305,*0.59 
   185  2:neutral  2:neutral       0.112,*0.71,0.178 
   186  2:neutral  2:neutral       0.009,*0.732,0.259 
   187  2:neutral  2:neutral       0.055,*0.601,0.344 
   188  2:neutral 3:positive   +   0.125,0.363,*0.512 
   189  2:neutral 1:negative   +   *0.638,0.285,0.076 
   190  2:neutral  2:neutral       0.252,*0.647,0.101 
   191  2:neutral  2:neutral       0.208,*0.671,0.122 
   192  2:neutral  2:neutral       0.062,*0.707,0.231 
   193  2:neutral 3:positive   +   0.009,0.417,*0.574 
   194  2:neutral  2:neutral       0.092,*0.834,0.074 
   195  2:neutral 3:positive   +   0.096,0.384,*0.52 
   196  2:neutral  2:neutral       0.152,*0.666,0.182 
   197  2:neutral  2:neutral       0.098,*0.768,0.134 
   198  2:neutral 1:negative   +   *0.464,0.349,0.186 
   199  2:neutral 3:positive   +   0.094,0.189,*0.718 
   200  2:neutral  2:neutral       0.07,*0.69,0.24 
   201  2:neutral  2:neutral       0.026,*0.873,0.101 
   202  2:neutral  2:neutral       0.073,*0.73,0.197 
   203  2:neutral  2:neutral       0.094,*0.498,0.409 
   204  2:neutral  2:neutral       0.015,*0.971,0.014 
   205  2:neutral  2:neutral       0.02,*0.68,0.3 
   206  2:neutral  2:neutral       0.276,*0.503,0.221 
   207  2:neutral  2:neutral       0.076,*0.601,0.324 
   208  2:neutral  2:neutral       0.033,*0.885,0.082 
   209  2:neutral  2:neutral       0.047,*0.74,0.212 
   210  2:neutral 1:negative   +   *0.38,0.295,0.326 
   211  2:neutral  2:neutral       0.031,*0.719,0.25 
   212  2:neutral  2:neutral       0.051,*0.871,0.078 
   213  2:neutral  2:neutral       0.073,*0.804,0.123 
   214  2:neutral  2:neutral       0.12,*0.72,0.16 
   215  2:neutral  2:neutral       0.097,*0.631,0.272 
   216  2:neutral  2:neutral       0.044,*0.608,0.348 
   217  2:neutral  2:neutral       0.08,*0.807,0.114 
   218  2:neutral 3:positive   +   0.295,0.336,*0.369 
   219  2:neutral  2:neutral       0.284,*0.595,0.122 
   220  2:neutral  2:neutral       0.065,*0.708,0.227 
   221  2:neutral 1:negative   +   *0.452,0.258,0.291 
   222  2:neutral  2:neutral       0.094,*0.486,0.42 
   223  2:neutral  2:neutral       0.074,*0.726,0.2 
   224  2:neutral  2:neutral       0.181,*0.591,0.228 
   225  2:neutral  2:neutral       0.034,*0.845,0.121 
   226  2:neutral  2:neutral       0.042,*0.75,0.209 
   227  2:neutral  2:neutral       0.04,*0.833,0.127 
   228  2:neutral 3:positive   +   0.039,0.434,*0.527 
   229  2:neutral  2:neutral       0.019,*0.553,0.428 
   230  2:neutral 1:negative   +   *0.571,0.228,0.201 
   231  2:neutral  2:neutral       0.092,*0.809,0.099 
   232  2:neutral  2:neutral       0.245,*0.508,0.247 
   233  2:neutral  2:neutral       0.155,*0.5,0.345 
   234  2:neutral 3:positive   +   0.019,0.415,*0.566 
   235  2:neutral  2:neutral       0.287,*0.614,0.099 
   236  2:neutral  2:neutral       0.088,*0.541,0.37 
   237  2:neutral 3:positive   +   0.022,0.329,*0.649 
   238  2:neutral  2:neutral       0.326,*0.581,0.094 
   239  2:neutral 3:positive   +   0.158,0.39,*0.452 
   240  2:neutral  2:neutral       0.113,*0.652,0.235 
   241  2:neutral 1:negative   +   *0.448,0.423,0.129 
   242  2:neutral  2:neutral       0.06,*0.805,0.135 
   243  2:neutral 3:positive   +   0.023,0.452,*0.525 
   244  2:neutral  2:neutral       0.042,*0.839,0.119 
   245  2:neutral  2:neutral       0.136,*0.705,0.159 
   246  2:neutral 3:positive   +   0.009,0.31,*0.681 
   247  2:neutral  2:neutral       0.012,*0.948,0.04 
   248  2:neutral 3:positive   +   0.081,0.39,*0.529 
   249  2:neutral  2:neutral       0.08,*0.546,0.374 
   250  2:neutral  2:neutral       0.036,*0.808,0.156 
   251  2:neutral  2:neutral       0.079,*0.529,0.392 
   252  2:neutral  2:neutral       0.082,*0.734,0.184 
   253  2:neutral  2:neutral       0.129,*0.764,0.107 
   254  2:neutral  2:neutral       0.116,*0.766,0.118 
   255  2:neutral  2:neutral       0.026,*0.713,0.262 
   256  2:neutral  2:neutral       0.056,*0.664,0.28 
   257  2:neutral  2:neutral       0.082,*0.697,0.221 
   258  2:neutral  2:neutral       0.073,*0.88,0.046 
   259  2:neutral 3:positive   +   0.057,0.411,*0.532 
   260  2:neutral  2:neutral       0.116,*0.808,0.076 
   261  2:neutral 3:positive   +   0.026,0.284,*0.69 
   262  2:neutral  2:neutral       0.021,*0.833,0.146 
   263  2:neutral  2:neutral       0.075,*0.686,0.239 
   264  2:neutral  2:neutral       0.043,*0.883,0.074 
   265  2:neutral  2:neutral       0.148,*0.544,0.308 
   266  2:neutral  2:neutral       0.047,*0.614,0.339 
   267  2:neutral 3:positive   +   0.096,0.365,*0.539 
   268  2:neutral  2:neutral       0.217,*0.627,0.156 
   269  2:neutral  2:neutral       0.232,*0.531,0.238 
   270  2:neutral 3:positive   +   0.214,0.392,*0.394 
   271  2:neutral 1:negative   +   *0.518,0.24,0.242 
   272  2:neutral 3:positive   +   0.098,0.155,*0.747 
   273  2:neutral  2:neutral       0.285,*0.564,0.151 
   274  2:neutral  2:neutral       0.058,*0.565,0.377 
   275  2:neutral 1:negative   +   *0.571,0.112,0.317 
   276  2:neutral  2:neutral       0.016,*0.909,0.075 
   277  2:neutral  2:neutral       0.017,*0.542,0.441 
   278  2:neutral  2:neutral       0.029,*0.867,0.104 
   279  2:neutral 1:negative   +   *0.578,0.269,0.153 
   280  2:neutral 3:positive   +   0.014,0.445,*0.541 
   281  2:neutral  2:neutral       0.096,*0.741,0.163 
   282  2:neutral  2:neutral       0.043,*0.888,0.069 
   283  2:neutral  2:neutral       0.314,*0.401,0.285 
   284  2:neutral 3:positive   +   0.045,0.463,*0.492 
   285  2:neutral  2:neutral       0.012,*0.959,0.03 
   286  2:neutral  2:neutral       0.068,*0.527,0.405 
   287  2:neutral  2:neutral       0.04,*0.905,0.055 
   288  2:neutral  2:neutral       0.072,*0.853,0.075 
   289  2:neutral  2:neutral       0.076,*0.716,0.209 
   290  2:neutral  2:neutral       0.021,*0.743,0.237 
   291  2:neutral  2:neutral       0.144,*0.553,0.302 
   292  2:neutral 1:negative   +   *0.616,0.194,0.19 
   293  2:neutral  2:neutral       0.044,*0.522,0.434 
   294  2:neutral  2:neutral       0.148,*0.429,0.423 
   295  2:neutral  2:neutral       0.11,*0.808,0.081 
   296  2:neutral  2:neutral       0.072,*0.7,0.228 
   297  2:neutral  2:neutral       0.151,*0.497,0.352 
   298  2:neutral  2:neutral       0.071,*0.75,0.179 
   299  2:neutral  2:neutral       0.167,*0.684,0.149 
   300  2:neutral  2:neutral       0.054,*0.905,0.041 
   301  2:neutral  2:neutral       0.026,*0.732,0.242 
   302  2:neutral  2:neutral       0.056,*0.671,0.273 
   303  2:neutral 3:positive   +   0.074,0.228,*0.698 
   304  2:neutral 3:positive   +   0.173,0.312,*0.515 
   305  2:neutral  2:neutral       0.021,*0.859,0.119 
   306  2:neutral  2:neutral       0.055,*0.773,0.172 
   307  2:neutral  2:neutral       0.103,*0.704,0.193 
   308  2:neutral  2:neutral       0.046,*0.944,0.01 
   309  2:neutral 3:positive   +   0.04,0.285,*0.674 
   310  2:neutral  2:neutral       0.192,*0.76,0.048 
   311  2:neutral  2:neutral       0.135,*0.479,0.386 
   312  2:neutral  2:neutral       0.075,*0.619,0.306 
   313  2:neutral  2:neutral       0.146,*0.768,0.087 
   314  2:neutral  2:neutral       0.237,*0.662,0.1 
   315  2:neutral  2:neutral       0.021,*0.533,0.446 
   316  2:neutral 3:positive   +   0.034,0.181,*0.785 
   317  2:neutral  2:neutral       0.162,*0.617,0.221 
   318  2:neutral  2:neutral       0.108,*0.7,0.192 
   319  2:neutral  2:neutral       0.126,*0.476,0.398 
   320  2:neutral  2:neutral       0.145,*0.706,0.15 
   321  2:neutral  2:neutral       0.114,*0.751,0.135 
   322  2:neutral  2:neutral       0.051,*0.848,0.101 
   323  2:neutral  2:neutral       0.108,*0.664,0.229 
   324  2:neutral  2:neutral       0.098,*0.803,0.098 
   325  2:neutral  2:neutral       0.04,*0.751,0.209 
   326  2:neutral  2:neutral       0.051,*0.726,0.222 
   327  2:neutral 1:negative   +   *0.942,0.041,0.018 
   328  2:neutral 1:negative   +   *0.722,0.229,0.049 
   329  2:neutral 1:negative   +   *0.462,0.422,0.116 
   330  2:neutral  2:neutral       0.042,*0.905,0.053 
   331  2:neutral 3:positive   +   0.047,0.411,*0.542 
   332  2:neutral  2:neutral       0.094,*0.704,0.201 
   333  2:neutral  2:neutral       0.019,*0.852,0.129 
   334  2:neutral  2:neutral       0.265,*0.452,0.284 
   335  2:neutral  2:neutral       0.053,*0.621,0.326 
   336  2:neutral  2:neutral       0.085,*0.567,0.348 
   337  2:neutral  2:neutral       0.048,*0.871,0.082 
   338  2:neutral  2:neutral       0.071,*0.629,0.3 
   339  2:neutral  2:neutral       0.057,*0.781,0.162 
   340  2:neutral  2:neutral       0.268,*0.552,0.18 
   341  2:neutral  2:neutral       0.069,*0.651,0.28 
   342  2:neutral 3:positive   +   0.084,0.075,*0.841 
   343  2:neutral  2:neutral       0.189,*0.481,0.33 
   344  2:neutral 3:positive   +   0.045,0.449,*0.506 
   345  2:neutral  2:neutral       0.028,*0.818,0.154 
   346  2:neutral 3:positive   +   0.076,0.435,*0.489 
   347  2:neutral  2:neutral       0.082,*0.697,0.221 
   348  2:neutral  2:neutral       0.364,*0.425,0.211 
   349  2:neutral  2:neutral       0.248,*0.609,0.143 
   350  2:neutral  2:neutral       0.036,*0.626,0.338 
   351  2:neutral  2:neutral       0.05,*0.793,0.157 
   352  2:neutral  2:neutral       0.048,*0.772,0.18 
   353  2:neutral  2:neutral       0.318,*0.493,0.189 
   354  2:neutral 1:negative   +   *0.839,0.054,0.107 
   355  2:neutral  2:neutral       0.082,*0.697,0.221 
   356  2:neutral 3:positive   +   0.21,0.288,*0.503 
   357  2:neutral 3:positive   +   0.048,0.422,*0.531 
