Zero Weights processed. Default weights will be used
..
Warning: using -h 0 may be faster
*
optimization finished, #iter = 2170
C = 1011.0795850973366
obj = 539618.3857526011, rho = -25.635386947651714
nSV = 2360, nBSV = 1013
Total nSV = 2360
..
Warning: using -h 0 may be faster
*
optimization finished, #iter = 2276
C = 1063.4428401361542
obj = 583252.438616016, rho = -16.88552693705795
nSV = 2411, nBSV = 966
Total nSV = 2411
..
Warning: using -h 0 may be faster
*
optimization finished, #iter = 2265
C = 1030.2565724650756
obj = 559428.6053408913, rho = -15.33930378167204
nSV = 2356, nBSV = 998
Total nSV = 2356
..
Warning: using -h 0 may be faster
*
optimization finished, #iter = 2269
C = 1024.664325235637
obj = 554761.1916416434, rho = -9.345145551764285
nSV = 2357, nBSV = 1002
Total nSV = 2357
..
Warning: using -h 0 may be faster
*
optimization finished, #iter = 2290
C = 1022.5049445808654
obj = 543589.2522154493, rho = -4.5699928915676304
nSV = 2364, nBSV = 994
Total nSV = 2364
..
Warning: using -h 0 may be faster
*
optimization finished, #iter = 2761
C = 1036.965632150766
obj = 672108.6798807452, rho = -33.94080192047471
nSV = 2894, nBSV = 1306
...
Warning: using -h 0 may be faster
*
optimization finished, #iter = 3859
C = 2660.464618812849
obj = 2648651.780410586, rho = -159.6291769521298
nSV = 4100, nBSV = 1334
Total nSV = 4100
...
Warning: using -h 0 may be faster
*
optimization finished, #iter = 3737
C = 2675.7636495633237
obj = 2757634.9134848523, rho = -177.06371876950973
nSV = 4122, nBSV = 1347
Total nSV = 4122
...
Warning: using -h 0 may be faster
*
optimization finished, #iter = 3804
C = 2638.528593200943
obj = 2705700.2080146577, rho = -164.56336941133074
nSV = 4110, nBSV = 1309
Total nSV = 4110
...
Warning: using -h 0 may be faster
*
optimization finished, #iter = 3812
C = 2423.9272635235925
obj = 2379361.750722044, rho = -173.11533557704513
nSV = 4069, nBSV = 1332
Total nSV = 4069
...
Warning: using -h 0 may be faster
*
optimization finished, #iter = 3612
C = 2550.3913140854725
obj = 2541476.827310157, rho = -168.34486153523474
nSV = 4053, nBSV = 1363
Total nSV = 4053
....
Warning: using -h 0 may be faster
*
optimization finished, #iter = 4409
C = 2696.9122902527133
obj = 3190823.4127592677, rho = 5.082564794979401
nSV = 4910, nBSV = 1816
..
Warning: using -h 0 may be faster
*
optimization finished, #iter = 2509
C = 1225.1590137063047
obj = 771978.4755386077, rho = -62.109158645293476
nSV = 2848, nBSV = 1127
Total nSV = 2848
..
Warning: using -h 0 may be faster
*
optimization finished, #iter = 2546
C = 1238.2132492012659
obj = 801596.3279274314, rho = -81.95405344801388
nSV = 2819, nBSV = 1093
Total nSV = 2819
..
Warning: using -h 0 may be faster
*
optimization finished, #iter = 2521
C = 1200.659356032419
obj = 760865.825689845, rho = -62.191809197635
nSV = 2830, nBSV = 1095
Total nSV = 2830
..
Warning: using -h 0 may be faster
*
optimization finished, #iter = 2610
C = 1184.5916240856163
obj = 746372.5409014047, rho = -69.80034120914898
nSV = 2835, nBSV = 1103
Total nSV = 2835
..
Warning: using -h 0 may be faster
*
optimization finished, #iter = 2608
C = 1166.6756508448793
obj = 727510.4213136075, rho = -69.0033715641655
nSV = 2796, nBSV = 1102
Total nSV = 2796
...
Warning: using -h 0 may be faster
*
optimization finished, #iter = 3001
C = 1197.6638327941282
obj = 879914.4947811213, rho = 27.73387918907029
nSV = 3410, nBSV = 1471
Total nSV = 7745
.
Warning: using -h 0 may be faster
*
optimization finished, #iter = 1826
C = 1057.3200196240925
obj = 481079.3340551854, rho = -14.492506933241899
nSV = 1942, nBSV = 747
Total nSV = 1942
.
Warning: using -h 0 may be faster
*
optimization finished, #iter = 1808
C = 1013.9069705808686
obj = 472480.6222993103, rho = -16.47811078155757
nSV = 1921, nBSV = 753
Total nSV = 1921
.
Warning: using -h 0 may be faster
*
optimization finished, #iter = 1875
C = 1103.747643368657
obj = 525190.994043999, rho = -27.883381454948623
nSV = 1982, nBSV = 726
Total nSV = 1982
.
Warning: using -h 0 may be faster
*
optimization finished, #iter = 1752
C = 1028.6261583045734
obj = 473136.3788630141, rho = -15.487106628858445
nSV = 1946, nBSV = 766
Total nSV = 1946
.
Warning: using -h 0 may be faster
*
optimization finished, #iter = 1789
C = 992.1875618580469
obj = 448658.76532706997, rho = -26.733045249820627
nSV = 1929, nBSV = 766
Total nSV = 1929
Line search fails in two-class probability estimates
..
Warning: using -h 0 may be faster
*
optimization finished, #iter = 2268
C = 1026.0063100004556
obj = 549486.6455130506, rho = -23.937496345700946
nSV = 2379, nBSV = 970
...
Warning: using -h 0 may be faster
*
optimization finished, #iter = 3009
C = 2403.632436609771
obj = 2057319.9913021966, rho = -150.77736326395072
nSV = 3394, nBSV = 979
Total nSV = 3394
...
Warning: using -h 0 may be faster
*
optimization finished, #iter = 3030
C = 2269.368136694132
obj = 1845623.5260683584, rho = -133.74242572761426
nSV = 3351, nBSV = 1047
Total nSV = 3351
..
Warning: using -h 0 may be faster
*
optimization finished, #iter = 2905
C = 2356.372480480094
obj = 1971430.3364568201, rho = -140.25085935457253
nSV = 3373, nBSV = 1008
Total nSV = 3373
...
Warning: using -h 0 may be faster
*
optimization finished, #iter = 3084
C = 2468.3482964408604
obj = 2103893.8088942035, rho = -134.39797918578878
nSV = 3415, nBSV = 1006
Total nSV = 3415
..
Warning: using -h 0 may be faster
*
optimization finished, #iter = 2982
C = 2431.9462938483457
obj = 2054200.1220809906, rho = -135.67626250818915
nSV = 3349, nBSV = 983
Total nSV = 3349
...
Warning: using -h 0 may be faster
*
optimization finished, #iter = 3699
C = 2495.363413161713
obj = 2463901.7826151424, rho = 25.87572276027026
nSV = 4112, nBSV = 1326
..
Warning: using -h 0 may be faster
*
optimization finished, #iter = 2108
C = 1095.7768360505565
obj = 577699.1292380098, rho = -68.44699089270911
nSV = 2311, nBSV = 842
Total nSV = 2311
.
Warning: using -h 0 may be faster
*
optimization finished, #iter = 1902
C = 1122.4367361955033
obj = 586500.107903046, rho = 22.518353309943286
nSV = 2249, nBSV = 865
Total nSV = 2249
.
Warning: using -h 0 may be faster
*
optimization finished, #iter = 1994
C = 1206.3848686895317
obj = 645479.0393434971, rho = 13.028188171824434
nSV = 2314, nBSV = 844
Total nSV = 2314
.
Warning: using -h 0 may be faster
*
optimization finished, #iter = 1944
C = 1087.287338342319
obj = 566008.8229935804, rho = 20.458457082352055
nSV = 2298, nBSV = 870
Total nSV = 2298
.
Warning: using -h 0 may be faster
*
optimization finished, #iter = 1916
C = 1156.974275623395
obj = 612582.6779287054, rho = 36.474928425260394
nSV = 2283, nBSV = 864
Total nSV = 2283
..
Warning: using -h 0 may be faster
*
optimization finished, #iter = 2492
C = 1139.4479100108115
obj = 703079.2962617596, rho = 32.86929614835707
nSV = 2801, nBSV = 1132
Total nSV = 6346
.
Warning: using -h 0 may be faster
*
optimization finished, #iter = 1851
C = 1075.666849804786
obj = 499756.91531911393, rho = -19.893668434619084
nSV = 1970, nBSV = 733
Total nSV = 1970
.
Warning: using -h 0 may be faster
*
optimization finished, #iter = 1825
C = 1001.4805659505959
obj = 447361.97618438746, rho = -17.701409818207193
nSV = 1962, nBSV = 765
Total nSV = 1962
.
Warning: using -h 0 may be faster
*
optimization finished, #iter = 1808
C = 987.1995939592737
obj = 445814.4775772265, rho = -22.881787472583216
nSV = 1932, nBSV = 771
Total nSV = 1932
.
Warning: using -h 0 may be faster
*
optimization finished, #iter = 1889
C = 1070.3888523296384
obj = 484608.70283245627, rho = -27.966108056271544
nSV = 1962, nBSV = 768
Total nSV = 1962
.
Warning: using -h 0 may be faster
*
optimization finished, #iter = 1957
C = 1078.6332042339304
obj = 495008.45314069104, rho = -25.806305339759195
nSV = 1988, nBSV = 735
Total nSV = 1988
Line search fails in two-class probability estimates
..
Warning: using -h 0 may be faster
*
optimization finished, #iter = 2359
C = 1042.2607129631213
obj = 556786.8222226059, rho = -24.894238005199224
nSV = 2385, nBSV = 981
...
Warning: using -h 0 may be faster
*
optimization finished, #iter = 3089
C = 2480.2002046195216
obj = 2086889.8210309457, rho = -127.70660672009464
nSV = 3399, nBSV = 1014
Total nSV = 3399
...
Warning: using -h 0 may be faster
*
optimization finished, #iter = 3080
C = 2376.633127999925
obj = 1923171.0086090947, rho = 25.40906572291498
nSV = 3345, nBSV = 1026
Total nSV = 3345
...
Warning: using -h 0 may be faster
*
optimization finished, #iter = 3009
C = 2324.476760309875
obj = 1902173.677408889, rho = 19.484846972031235
nSV = 3320, nBSV = 1027
Total nSV = 3320
...
Warning: using -h 0 may be faster
*
optimization finished, #iter = 3007
C = 2406.81124555496
obj = 1990950.4413356958, rho = -6.572223298217905
nSV = 3369, nBSV = 1031
Total nSV = 3369
...
Warning: using -h 0 may be faster
*
optimization finished, #iter = 3001
C = 2281.3013466347734
obj = 1850624.7119548782, rho = 30.719260318858517
nSV = 3302, nBSV = 1035
Total nSV = 3302
...
Warning: using -h 0 may be faster
*
optimization finished, #iter = 3611
C = 2435.0787412507225
obj = 2316974.757529922, rho = 10.94499602706093
nSV = 4062, nBSV = 1356
.
Warning: using -h 0 may be faster
*
optimization finished, #iter = 1977
C = 1089.3578523831159
obj = 556296.9179187833, rho = 14.891868802180754
nSV = 2258, nBSV = 882
Total nSV = 2258
..
Warning: using -h 0 may be faster
*
optimization finished, #iter = 2174
C = 1125.9362192924548
obj = 583153.7223441963, rho = -63.31238271965947
nSV = 2324, nBSV = 824
Total nSV = 2324
..
Warning: using -h 0 may be faster
*
optimization finished, #iter = 2146
C = 1182.8993756618634
obj = 622282.1060915793, rho = -50.69611356178882
nSV = 2343, nBSV = 820
Total nSV = 2343
..
Warning: using -h 0 may be faster
*
optimization finished, #iter = 2161
C = 1146.4585068696065
obj = 594347.681447787, rho = -52.026345920456514
nSV = 2344, nBSV = 827
Total nSV = 2344
..
Warning: using -h 0 may be faster
*
optimization finished, #iter = 2142
C = 1242.7479659940605
obj = 665155.9093341315, rho = -70.4466450336786
nSV = 2358, nBSV = 831
Total nSV = 2358
..
Warning: using -h 0 may be faster
*
optimization finished, #iter = 2526
C = 1181.3624393011464
obj = 725309.0239053912, rho = 21.464372585692356
nSV = 2785, nBSV = 1127
Total nSV = 6302
...
Warning: using -h 0 may be faster
*
optimization finished, #iter = 3002
C = 2520.216601361148
obj = 2139106.8315389357, rho = -119.67220057338463
nSV = 3357, nBSV = 1022
Total nSV = 3357
...
Warning: using -h 0 may be faster
*
optimization finished, #iter = 3130
C = 2417.6970167193413
obj = 2018000.7685902847, rho = -133.5969125169087
nSV = 3387, nBSV = 1020
Total nSV = 3387
...
Warning: using -h 0 may be faster
*
optimization finished, #iter = 3056
C = 2483.480041589674
obj = 2066327.3916918803, rho = -171.07755886130062
nSV = 3367, nBSV = 1018
Total nSV = 3367
..
Warning: using -h 0 may be faster
*
optimization finished, #iter = 2885
C = 2523.467141167613
obj = 2153487.0807658043, rho = -162.53659569100037
nSV = 3317, nBSV = 1036
Total nSV = 3317
...
Warning: using -h 0 may be faster
*
optimization finished, #iter = 3017
C = 2496.048369937295
obj = 2104946.9435017006, rho = -159.6166722883974
nSV = 3347, nBSV = 1007
Total nSV = 3347
...
Warning: using -h 0 may be faster
*
optimization finished, #iter = 3754
C = 2654.415537987071
obj = 2695347.8111075154, rho = -158.25185061266598
nSV = 4131, nBSV = 1312
..
Warning: using -h 0 may be faster
*
optimization finished, #iter = 2229
C = 1299.268617393584
obj = 692253.0044937449, rho = -67.29791643418268
nSV = 2409, nBSV = 808
Total nSV = 2409
..
Warning: using -h 0 may be faster
*
optimization finished, #iter = 2021
C = 1237.0201388667033
obj = 667884.9387467932, rho = -60.89754029441513
nSV = 2323, nBSV = 837
Total nSV = 2323
..
Warning: using -h 0 may be faster
*
optimization finished, #iter = 2107
C = 1189.8592769292156
obj = 633110.5794519347, rho = -56.22674027711439
nSV = 2331, nBSV = 859
Total nSV = 2331
..
Warning: using -h 0 may be faster
*
optimization finished, #iter = 2180
C = 1240.9137504717912
obj = 648845.7666681223, rho = -72.49821818965462
nSV = 2383, nBSV = 820
Total nSV = 2383
..
Warning: using -h 0 may be faster
*
optimization finished, #iter = 2185
C = 1262.8535605551317
obj = 675688.8505539787, rho = -63.01073455255487
nSV = 2393, nBSV = 806
Total nSV = 2393
..
Warning: using -h 0 may be faster
*
optimization finished, #iter = 2673
C = 1281.016436169011
obj = 803764.7968711413, rho = -75.72936715284075
nSV = 2880, nBSV = 1072
.
Warning: using -h 0 may be faster
*
optimization finished, #iter = 1812
C = 1009.0172651723253
obj = 457156.6902252775, rho = -13.458434040682134
nSV = 1954, nBSV = 749
Total nSV = 1954
.
Warning: using -h 0 may be faster
*
optimization finished, #iter = 1833
C = 1010.8346439297294
obj = 444236.81908489246, rho = -0.2623471395630723
nSV = 1941, nBSV = 754
Total nSV = 1941
.
Warning: using -h 0 may be faster
*
optimization finished, #iter = 1794
C = 1005.6223793401737
obj = 454329.9352348872, rho = -2.8501597336746123
nSV = 1959, nBSV = 760
Total nSV = 1959
.
Warning: using -h 0 may be faster
*
optimization finished, #iter = 1851
C = 1013.5761367642235
obj = 453183.51623528096, rho = -12.99947973803119
nSV = 1935, nBSV = 737
Total nSV = 1935
.
Warning: using -h 0 may be faster
*
optimization finished, #iter = 1823
C = 1107.080836982437
obj = 524526.4624703148, rho = -8.693387326188539
nSV = 1960, nBSV = 731
Total nSV = 1960
..
Warning: using -h 0 may be faster
*
optimization finished, #iter = 2254
C = 1036.3004326531163
obj = 559373.7475637762, rho = -32.519631996302444
nSV = 2371, nBSV = 982
Total nSV = 6442
.
Warning: using -h 0 may be faster
*
optimization finished, #iter = 1925
C = 1055.018536869188
obj = 485325.7970074439, rho = -13.995802923507027
nSV = 1992, nBSV = 734
Total nSV = 1992
.
Warning: using -h 0 may be faster
*
optimization finished, #iter = 1794
C = 1058.5892574040813
obj = 501103.3714855296, rho = -14.226625889157882
nSV = 1968, nBSV = 721
Total nSV = 1968
.
Warning: using -h 0 may be faster
*
optimization finished, #iter = 1964
C = 1119.8418560799855
obj = 521871.73238436837, rho = -14.241868758904856
nSV = 1993, nBSV = 743
Total nSV = 1993
.
Warning: using -h 0 may be faster
*
optimization finished, #iter = 1799
C = 1030.824381618311
obj = 477633.852801238, rho = -26.076559123850053
nSV = 1978, nBSV = 728
Total nSV = 1978
.
Warning: using -h 0 may be faster
*
optimization finished, #iter = 1879
C = 1035.9113256813691
obj = 484131.7508446814, rho = -29.49132050692766
nSV = 1976, nBSV = 740
Total nSV = 1976
Line search fails in two-class probability estimates
..
Warning: using -h 0 may be faster
*
optimization finished, #iter = 2322
C = 1047.368506158616
obj = 571088.0861925011, rho = -21.164801555116558
nSV = 2414, nBSV = 975
..
Warning: using -h 0 may be faster
*
optimization finished, #iter = 2061
C = 1138.7472276626122
obj = 603780.3531171036, rho = -58.22855200671312
nSV = 2294, nBSV = 863
Total nSV = 2294
.
Warning: using -h 0 may be faster
*
optimization finished, #iter = 1965
C = 1127.877298507194
obj = 577254.237222201, rho = 13.978433451288133
nSV = 2287, nBSV = 876
Total nSV = 2287
..
Warning: using -h 0 may be faster
*
optimization finished, #iter = 2097
C = 1201.4568565694995
obj = 626683.3860632739, rho = 25.599906775678654
nSV = 2373, nBSV = 833
Total nSV = 2373
.
Warning: using -h 0 may be faster
*
optimization finished, #iter = 1991
C = 1136.7088827472917
obj = 605544.2640169807, rho = 22.72613936242329
nSV = 2299, nBSV = 837
Total nSV = 2299
..
Warning: using -h 0 may be faster
*
optimization finished, #iter = 2099
C = 1121.3279673921481
obj = 574338.3654845937, rho = 22.384721839440047
nSV = 2314, nBSV = 823
Total nSV = 2314
..
Warning: using -h 0 may be faster
*
optimization finished, #iter = 2538
C = 1188.0182054347897
obj = 748354.3759371422, rho = 28.88805819442797
nSV = 2817, nBSV = 1111
..
Warning: using -h 0 may be faster
*
optimization finished, #iter = 2995
C = 2429.8215469489032
obj = 2027028.694916488, rho = 31.84796984326251
nSV = 3331, nBSV = 1042
Total nSV = 3331
...
Warning: using -h 0 may be faster
*
optimization finished, #iter = 3048
C = 2243.5828345314735
obj = 1862970.1684901956, rho = -135.32548648009256
nSV = 3389, nBSV = 1052
Total nSV = 3389
...
Warning: using -h 0 may be faster
*
optimization finished, #iter = 3042
C = 2268.225503336196
obj = 1833432.1571087267, rho = -122.4551635121602
nSV = 3389, nBSV = 1044
Total nSV = 3389
...
Warning: using -h 0 may be faster
*
optimization finished, #iter = 3145
C = 2293.5970387560246
obj = 1864114.3534612108, rho = -145.7526132604486
nSV = 3427, nBSV = 1001
Total nSV = 3427
...
Warning: using -h 0 may be faster
*
optimization finished, #iter = 3058
C = 2486.083173696825
obj = 2120153.29718132, rho = -131.89459100923648
nSV = 3398, nBSV = 989
Total nSV = 3398
...
Warning: using -h 0 may be faster
*
optimization finished, #iter = 3730
C = 2497.384401478575
obj = 2459841.59182704, rho = 33.07756008454055
nSV = 4061, nBSV = 1368
Total nSV = 6325
.
Warning: using -h 0 may be faster
*
optimization finished, #iter = 1951
C = 1104.9739003288958
obj = 581190.5542247164, rho = 23.7495685640918
nSV = 2288, nBSV = 865
Total nSV = 2288
..
Warning: using -h 0 may be faster
*
optimization finished, #iter = 2047
C = 1124.1754631850754
obj = 584462.5687475218, rho = -63.67088320043396
nSV = 2291, nBSV = 881
Total nSV = 2291
.
Warning: using -h 0 may be faster
*
optimization finished, #iter = 1985
C = 1142.4146977713244
obj = 603457.3922879677, rho = -51.76738924532885
nSV = 2312, nBSV = 861
Total nSV = 2312
..
Warning: using -h 0 may be faster
*
optimization finished, #iter = 2049
C = 1123.7636620333694
obj = 585904.6053319424, rho = -67.74522266494033
nSV = 2318, nBSV = 834
Total nSV = 2318
..
Warning: using -h 0 may be faster
*
optimization finished, #iter = 2003
C = 1100.1521998899375
obj = 564299.5673215364, rho = -62.60672084320786
nSV = 2297, nBSV = 857
Total nSV = 2297
..
Warning: using -h 0 may be faster
*
optimization finished, #iter = 2453
C = 1107.1190462623151
obj = 662331.6192233838, rho = 23.827820614988145
nSV = 2747, nBSV = 1114
.
Warning: using -h 0 may be faster
*
optimization finished, #iter = 1768
C = 999.0152721884587
obj = 443957.15998764127, rho = -1.1945373066979146
nSV = 1951, nBSV = 771
Total nSV = 1951
.
Warning: using -h 0 may be faster
*
optimization finished, #iter = 1733
C = 962.634443109685
obj = 438088.8596751122, rho = -5.975562321594093
nSV = 1936, nBSV = 762
Total nSV = 1936
.
Warning: using -h 0 may be faster
*
optimization finished, #iter = 1882
C = 1046.7861550629602
obj = 480877.2026524267, rho = -10.066084175491559
nSV = 1970, nBSV = 740
Total nSV = 1970
.
Warning: using -h 0 may be faster
*
optimization finished, #iter = 1785
C = 984.2770287722784
obj = 439467.3767791554, rho = 4.713598233121164
nSV = 1941, nBSV = 773
Total nSV = 1941
.
Warning: using -h 0 may be faster
*
optimization finished, #iter = 1862
C = 1042.7457621304522
obj = 479536.7609054077, rho = -5.420319786441801
nSV = 1962, nBSV = 743
Total nSV = 1962
..
Warning: using -h 0 may be faster
*
optimization finished, #iter = 2185
C = 1006.6043735170122
obj = 540642.3640852884, rho = -2.6133884123052544
nSV = 2368, nBSV = 992
...
Warning: using -h 0 may be faster
*
optimization finished, #iter = 3099
C = 2431.2764629014073
obj = 1995215.378976932, rho = -142.41991547534568
nSV = 3425, nBSV = 986
Total nSV = 3425
...
Warning: using -h 0 may be faster
*
optimization finished, #iter = 3038
C = 2385.561473920561
obj = 1964692.7021320306, rho = -122.96110875919165
nSV = 3399, nBSV = 1011
Total nSV = 3399
...
Warning: using -h 0 may be faster
*
optimization finished, #iter = 3092
C = 2373.59945928707
obj = 1980347.1333994789, rho = -163.9173603191111
nSV = 3329, nBSV = 1011
Total nSV = 3329
...
Warning: using -h 0 may be faster
*
optimization finished, #iter = 3235
C = 2539.2032908651418
obj = 2135327.9864318687, rho = -139.4224182473802
nSV = 3403, nBSV = 977
Total nSV = 3403
...
Warning: using -h 0 may be faster
*
optimization finished, #iter = 3213
C = 2521.95442023142
obj = 2118662.7288903412, rho = -131.18905093473788
nSV = 3413, nBSV = 986
Total nSV = 3413
...
Warning: using -h 0 may be faster
*
optimization finished, #iter = 3672
C = 2653.484515698592
obj = 2706016.9139211983, rho = -161.8556338758426
nSV = 4076, nBSV = 1353
Total nSV = 6325


=== Predictions under cross-validation ===

 inst#     actual  predicted error distribution
     1  2:neutral  2:neutral       0.285,*0.503,0.212 
     2  2:neutral  2:neutral       0.039,*0.761,0.201 
     3  2:neutral 3:positive   +   0.118,0.404,*0.477 
     4  2:neutral  2:neutral       0.062,*0.735,0.203 
     5  2:neutral  2:neutral       0.044,*0.713,0.244 
     6  2:neutral 1:negative   +   *0.5,0.45,0.05 
     7  2:neutral 3:positive   +   0.044,0.324,*0.632 
     8  2:neutral  2:neutral       0.143,*0.712,0.145 
     9  2:neutral  2:neutral       0.117,*0.571,0.312 
    10  2:neutral 1:negative   +   *0.767,0.127,0.106 
    11  2:neutral  2:neutral       0.027,*0.517,0.456 
    12  2:neutral  2:neutral       0.055,*0.842,0.102 
    13  2:neutral  2:neutral       0.058,*0.751,0.19 
    14  2:neutral  2:neutral       0.021,*0.641,0.338 
    15  2:neutral  2:neutral       0.352,*0.481,0.167 
    16  2:neutral  2:neutral       0.04,*0.678,0.282 
    17  2:neutral 1:negative   +   *0.379,0.358,0.263 
    18  2:neutral  2:neutral       0.244,*0.471,0.285 
    19  2:neutral  2:neutral       0.102,*0.621,0.276 
    20  2:neutral  2:neutral       0.022,*0.962,0.016 
    21  2:neutral 1:negative   +   *0.366,0.364,0.269 
    22  2:neutral  2:neutral       0.093,*0.603,0.304 
    23  2:neutral  2:neutral       0.096,*0.665,0.239 
    24  2:neutral  2:neutral       0.079,*0.787,0.134 
    25  2:neutral  2:neutral       0.059,*0.7,0.241 
    26  2:neutral 3:positive   +   0.081,0.155,*0.764 
    27  2:neutral  2:neutral       0.037,*0.788,0.175 
    28  2:neutral 1:negative   +   *0.438,0.419,0.143 
    29  2:neutral  2:neutral       0.025,*0.582,0.394 
    30  2:neutral 3:positive   +   0.027,0.243,*0.731 
    31  2:neutral 1:negative   +   *0.558,0.369,0.074 
    32  2:neutral 1:negative   +   *0.895,0.085,0.02 
    33  2:neutral  2:neutral       0.013,*0.902,0.086 
    34  2:neutral  2:neutral       0.063,*0.732,0.205 
    35  2:neutral  2:neutral       0.173,*0.711,0.115 
    36  2:neutral  2:neutral       0.016,*0.803,0.18 
    37  2:neutral  2:neutral       0.206,*0.558,0.236 
    38  2:neutral  2:neutral       0.122,*0.676,0.202 
    39  2:neutral  2:neutral       0.069,*0.67,0.261 
    40  2:neutral  2:neutral       0.065,*0.728,0.207 
    41  2:neutral  2:neutral       0.115,*0.776,0.109 
    42  2:neutral  2:neutral       0.073,*0.672,0.255 
    43  2:neutral 3:positive   +   0.283,0.063,*0.654 
    44  2:neutral 3:positive   +   0.07,0.389,*0.54 
    45  2:neutral  2:neutral       0.048,*0.772,0.18 
    46  2:neutral  2:neutral       0.035,*0.638,0.327 
    47  2:neutral  2:neutral       0.118,*0.552,0.329 
    48  2:neutral 3:positive   +   0.047,0.414,*0.539 
    49  2:neutral  2:neutral       0.039,*0.904,0.057 
    50  2:neutral  2:neutral       0.066,*0.726,0.207 
    51  2:neutral  2:neutral       0.178,*0.716,0.106 
    52  2:neutral  2:neutral       0.212,*0.521,0.267 
    53  2:neutral  2:neutral       0.268,*0.408,0.323 
    54  2:neutral  2:neutral       0.085,*0.548,0.367 
    55  2:neutral  2:neutral       0.05,*0.874,0.076 
    56  2:neutral  2:neutral       0.025,*0.915,0.06 
    57  2:neutral  2:neutral       0.162,*0.543,0.294 
    58  2:neutral 3:positive   +   0.089,0.407,*0.504 
    59  2:neutral  2:neutral       0.062,*0.6,0.337 
    60  2:neutral  2:neutral       0.071,*0.645,0.284 
    61  2:neutral  2:neutral       0.226,*0.625,0.149 
    62  2:neutral  2:neutral       0.15,*0.63,0.22 
    63  2:neutral  2:neutral       0.052,*0.702,0.246 
    64  2:neutral  2:neutral       0.063,*0.491,0.446 
    65  2:neutral  2:neutral       0.269,*0.589,0.141 
    66  2:neutral  2:neutral       0.09,*0.506,0.404 
    67  2:neutral  2:neutral       0.075,*0.513,0.412 
    68  2:neutral  2:neutral       0.279,*0.469,0.252 
    69  2:neutral 3:positive   +   0.049,0.296,*0.655 
    70  2:neutral 3:positive   +   0.145,0.353,*0.503 
    71  2:neutral  2:neutral       0.162,*0.601,0.236 
    72  2:neutral 3:positive   +   0.021,0.084,*0.896 
    73  2:neutral  2:neutral       0.139,*0.551,0.309 
    74  2:neutral  2:neutral       0.082,*0.475,0.443 
    75  2:neutral  2:neutral       0.067,*0.775,0.158 
    76  2:neutral  2:neutral       0.111,*0.641,0.248 
    77  2:neutral  2:neutral       0.067,*0.476,0.456 
    78  2:neutral 3:positive   +   0.087,0.421,*0.491 
    79  2:neutral  2:neutral       0.423,*0.482,0.094 
    80  2:neutral  2:neutral       0.052,*0.84,0.108 
    81  2:neutral  2:neutral       0.347,*0.377,0.276 
    82  2:neutral  2:neutral       0.07,*0.835,0.095 
    83  2:neutral 1:negative   +   *0.465,0.212,0.323 
    84  2:neutral 3:positive   +   0.021,0.24,*0.739 
    85  2:neutral  2:neutral       0.342,*0.493,0.164 
    86  2:neutral  2:neutral       0.059,*0.798,0.143 
    87  2:neutral 3:positive   +   0.014,0.455,*0.531 
    88  2:neutral  2:neutral       0.027,*0.542,0.432 
    89  2:neutral 1:negative   +   *0.645,0.121,0.234 
    90  2:neutral  2:neutral       0.022,*0.663,0.315 
    91  2:neutral  2:neutral       0.154,*0.686,0.16 
    92  2:neutral  2:neutral       0.131,*0.679,0.19 
    93  2:neutral  2:neutral       0.075,*0.694,0.231 
    94  2:neutral  2:neutral       0.069,*0.507,0.425 
    95  2:neutral 3:positive   +   0.109,0.372,*0.519 
    96  2:neutral  2:neutral       0.342,*0.506,0.152 
    97  2:neutral  2:neutral       0.074,*0.806,0.12 
    98  2:neutral  2:neutral       0.061,*0.538,0.402 
    99  2:neutral  2:neutral       0.075,*0.692,0.233 
   100  2:neutral  2:neutral       0.062,*0.743,0.195 
   101  2:neutral 3:positive   +   0.142,0.336,*0.522 
   102  2:neutral 3:positive   +   0.065,0.402,*0.533 
   103  2:neutral  2:neutral       0.048,*0.788,0.165 
   104  2:neutral  2:neutral       0.192,*0.562,0.246 
   105  2:neutral  2:neutral       0.055,*0.617,0.327 
   106  2:neutral 3:positive   +   0.098,0.227,*0.676 
   107  2:neutral  2:neutral       0.096,*0.665,0.239 
   108  2:neutral  2:neutral       0.032,*0.85,0.118 
   109  2:neutral  2:neutral       0.014,*0.841,0.145 
   110  2:neutral  2:neutral       0.108,*0.738,0.154 
   111  2:neutral  2:neutral       0.057,*0.712,0.231 
   112  2:neutral  2:neutral       0.015,*0.835,0.15 
   113  2:neutral  2:neutral       0.024,*0.771,0.205 
   114  2:neutral 3:positive   +   0.204,0.343,*0.453 
   115  2:neutral  2:neutral       0.073,*0.615,0.312 
   116  2:neutral  2:neutral       0.129,*0.678,0.193 
   117  2:neutral  2:neutral       0.025,*0.937,0.039 
   118  2:neutral  2:neutral       0.065,*0.643,0.292 
   119  2:neutral  2:neutral       0.039,*0.854,0.107 
   120  2:neutral 3:positive   +   0.056,0.203,*0.741 
   121  2:neutral  2:neutral       0.064,*0.502,0.434 
   122  2:neutral 3:positive   +   0.113,0.323,*0.564 
   123  2:neutral  2:neutral       0.101,*0.833,0.066 
   124  2:neutral  2:neutral       0.067,*0.866,0.067 
   125  2:neutral  2:neutral       0.233,*0.626,0.141 
   126  2:neutral  2:neutral       0.132,*0.588,0.279 
   127  2:neutral  2:neutral       0.054,*0.827,0.119 
   128  2:neutral 3:positive   +   0.042,0.182,*0.775 
   129  2:neutral  2:neutral       0.207,*0.596,0.197 
   130  2:neutral  2:neutral       0.098,*0.67,0.232 
   131  2:neutral  2:neutral       0.277,*0.392,0.332 
   132  2:neutral  2:neutral       0.088,*0.669,0.243 
   133  2:neutral  2:neutral       0.076,*0.693,0.231 
   134  2:neutral  2:neutral       0.038,*0.778,0.184 
   135  2:neutral  2:neutral       0.032,*0.79,0.178 
   136  2:neutral  2:neutral       0.014,*0.809,0.177 
   137  2:neutral  2:neutral       0.065,*0.688,0.247 
   138  2:neutral  2:neutral       0.041,*0.677,0.282 
   139  2:neutral  2:neutral       0.22,*0.566,0.214 
   140  2:neutral  2:neutral       0.238,*0.62,0.141 
   141  2:neutral  2:neutral       0.043,*0.751,0.206 
   142  2:neutral  2:neutral       0.192,*0.578,0.229 
   143  2:neutral  2:neutral       0.125,*0.651,0.224 
   144  2:neutral  2:neutral       0.135,*0.584,0.281 
   145  2:neutral 3:positive   +   0.266,0.204,*0.53 
   146  2:neutral  2:neutral       0.3,*0.585,0.115 
   147  2:neutral  2:neutral       0.016,*0.738,0.246 
   148  2:neutral  2:neutral       0.089,*0.682,0.229 
   149  2:neutral  2:neutral       0.147,*0.445,0.408 
   150  2:neutral  2:neutral       0.09,*0.809,0.102 
   151  2:neutral  2:neutral       0.083,*0.519,0.398 
   152  2:neutral  2:neutral       0.061,*0.761,0.177 
   153  2:neutral  2:neutral       0.037,*0.863,0.101 
   154  2:neutral  2:neutral       0.142,*0.59,0.269 
   155  2:neutral 3:positive   +   0.034,0.338,*0.628 
   156  2:neutral 3:positive   +   0.068,0.35,*0.581 
   157  2:neutral  2:neutral       0.043,*0.664,0.292 
   158  2:neutral  2:neutral       0.053,*0.745,0.203 
   159  2:neutral  2:neutral       0.074,*0.887,0.039 
   160  2:neutral  2:neutral       0.008,*0.759,0.233 
   161  2:neutral  2:neutral       0.201,*0.614,0.185 
   162  2:neutral  2:neutral       0.029,*0.915,0.055 
   163  2:neutral  2:neutral       0.013,*0.811,0.176 
   164  2:neutral  2:neutral       0.303,*0.484,0.213 
   165  2:neutral  2:neutral       0.049,*0.777,0.174 
   166  2:neutral  2:neutral       0.069,*0.833,0.098 
   167  2:neutral  2:neutral       0.131,*0.58,0.29 
   168  2:neutral  2:neutral       0.055,*0.856,0.089 
   169  2:neutral  2:neutral       0.254,*0.553,0.194 
   170  2:neutral  2:neutral       0.085,*0.772,0.143 
   171  2:neutral  2:neutral       0.077,*0.636,0.288 
   172  2:neutral  2:neutral       0.066,*0.679,0.255 
   173  2:neutral 1:negative   +   *0.709,0.24,0.051 
   174  2:neutral  2:neutral       0.11,*0.641,0.248 
   175  2:neutral  2:neutral       0.086,*0.689,0.224 
   176  2:neutral  2:neutral       0.251,*0.399,0.35 
   177  2:neutral  2:neutral       0.026,*0.872,0.101 
   178  2:neutral  2:neutral       0.223,*0.565,0.212 
   179  2:neutral  2:neutral       0.115,*0.612,0.273 
   180  2:neutral  2:neutral       0.046,*0.821,0.133 
   181  2:neutral  2:neutral       0.044,*0.833,0.123 
   182  2:neutral 1:negative   +   *0.867,0.122,0.011 
   183  2:neutral  2:neutral       0.054,*0.642,0.304 
   184  2:neutral 3:positive   +   0.091,0.356,*0.552 
   185  2:neutral  2:neutral       0.112,*0.657,0.232 
   186  2:neutral  2:neutral       0.012,*0.652,0.336 
   187  2:neutral  2:neutral       0.06,*0.569,0.371 
   188  2:neutral 3:positive   +   0.103,0.415,*0.482 
   189  2:neutral 1:negative   +   *0.747,0.206,0.047 
   190  2:neutral  2:neutral       0.226,*0.65,0.124 
   191  2:neutral  2:neutral       0.33,*0.531,0.14 
   192  2:neutral  2:neutral       0.062,*0.741,0.198 
   193  2:neutral 3:positive   +   0.013,0.369,*0.618 
   194  2:neutral  2:neutral       0.132,*0.759,0.109 
   195  2:neutral 3:positive   +   0.136,0.269,*0.595 
   196  2:neutral  2:neutral       0.13,*0.667,0.203 
   197  2:neutral  2:neutral       0.101,*0.742,0.158 
   198  2:neutral 1:negative   +   *0.459,0.344,0.197 
   199  2:neutral 3:positive   +   0.099,0.29,*0.611 
   200  2:neutral  2:neutral       0.069,*0.639,0.292 
   201  2:neutral  2:neutral       0.02,*0.911,0.069 
   202  2:neutral  2:neutral       0.084,*0.688,0.228 
   203  2:neutral  2:neutral       0.13,*0.558,0.312 
   204  2:neutral  2:neutral       0.019,*0.966,0.016 
   205  2:neutral  2:neutral       0.018,*0.707,0.276 
   206  2:neutral  2:neutral       0.337,*0.499,0.165 
   207  2:neutral  2:neutral       0.076,*0.588,0.336 
   208  2:neutral  2:neutral       0.036,*0.874,0.09 
   209  2:neutral  2:neutral       0.052,*0.717,0.231 
   210  2:neutral 1:negative   +   *0.378,0.331,0.291 
   211  2:neutral  2:neutral       0.02,*0.823,0.157 
   212  2:neutral  2:neutral       0.062,*0.838,0.1 
   213  2:neutral  2:neutral       0.081,*0.761,0.158 
   214  2:neutral  2:neutral       0.148,*0.7,0.152 
   215  2:neutral  2:neutral       0.081,*0.73,0.188 
   216  2:neutral 3:positive   +   0.053,0.474,*0.474 
   217  2:neutral  2:neutral       0.058,*0.829,0.113 
   218  2:neutral 3:positive   +   0.273,0.364,*0.364 
   219  2:neutral  2:neutral       0.257,*0.633,0.11 
   220  2:neutral  2:neutral       0.061,*0.624,0.315 
   221  2:neutral 1:negative   +   *0.413,0.297,0.29 
   222  2:neutral  2:neutral       0.092,*0.522,0.385 
   223  2:neutral  2:neutral       0.069,*0.662,0.269 
   224  2:neutral  2:neutral       0.164,*0.602,0.235 
   225  2:neutral  2:neutral       0.038,*0.842,0.119 
   226  2:neutral  2:neutral       0.045,*0.765,0.19 
   227  2:neutral  2:neutral       0.059,*0.816,0.124 
   228  2:neutral 3:positive   +   0.031,0.46,*0.509 
   229  2:neutral  2:neutral       0.022,*0.528,0.45 
   230  2:neutral 1:negative   +   *0.564,0.236,0.2 
   231  2:neutral  2:neutral       0.088,*0.833,0.079 
   232  2:neutral  2:neutral       0.325,*0.452,0.224 
   233  2:neutral 3:positive   +   0.155,0.344,*0.501 
   234  2:neutral  2:neutral       0.028,*0.521,0.452 
   235  2:neutral  2:neutral       0.234,*0.671,0.094 
   236  2:neutral  2:neutral       0.13,*0.51,0.361 
   237  2:neutral 3:positive   +   0.016,0.256,*0.728 
   238  2:neutral  2:neutral       0.266,*0.62,0.114 
   239  2:neutral  2:neutral       0.209,*0.42,0.371 
   240  2:neutral  2:neutral       0.104,*0.565,0.331 
   241  2:neutral  2:neutral       0.376,*0.516,0.108 
   242  2:neutral  2:neutral       0.061,*0.813,0.126 
   243  2:neutral  2:neutral       0.026,*0.502,0.471 
   244  2:neutral  2:neutral       0.058,*0.747,0.195 
   245  2:neutral  2:neutral       0.161,*0.64,0.198 
   246  2:neutral 3:positive   +   0.011,0.411,*0.579 
   247  2:neutral  2:neutral       0.013,*0.969,0.018 
   248  2:neutral 3:positive   +   0.067,0.435,*0.498 
   249  2:neutral  2:neutral       0.088,*0.467,0.445 
   250  2:neutral  2:neutral       0.045,*0.78,0.175 
   251  2:neutral  2:neutral       0.09,*0.539,0.371 
   252  2:neutral  2:neutral       0.111,*0.737,0.152 
   253  2:neutral  2:neutral       0.172,*0.713,0.115 
   254  2:neutral  2:neutral       0.115,*0.788,0.097 
   255  2:neutral  2:neutral       0.034,*0.518,0.448 
   256  2:neutral  2:neutral       0.074,*0.586,0.34 
   257  2:neutral  2:neutral       0.096,*0.665,0.239 
   258  2:neutral  2:neutral       0.076,*0.886,0.038 
   259  2:neutral 3:positive   +   0.052,0.413,*0.535 
   260  2:neutral  2:neutral       0.09,*0.828,0.082 
   261  2:neutral 3:positive   +   0.029,0.332,*0.639 
   262  2:neutral  2:neutral       0.024,*0.732,0.244 
   263  2:neutral  2:neutral       0.072,*0.606,0.322 
   264  2:neutral  2:neutral       0.057,*0.881,0.062 
   265  2:neutral  2:neutral       0.171,*0.59,0.239 
   266  2:neutral  2:neutral       0.047,*0.508,0.445 
   267  2:neutral 3:positive   +   0.134,0.306,*0.56 
   268  2:neutral  2:neutral       0.257,*0.582,0.161 
   269  2:neutral  2:neutral       0.235,*0.482,0.282 
   270  2:neutral 3:positive   +   0.218,0.307,*0.475 
   271  2:neutral 1:negative   +   *0.599,0.182,0.219 
   272  2:neutral 3:positive   +   0.115,0.127,*0.758 
   273  2:neutral  2:neutral       0.313,*0.493,0.194 
   274  2:neutral  2:neutral       0.054,*0.539,0.407 
   275  2:neutral 1:negative   +   *0.428,0.196,0.376 
   276  2:neutral  2:neutral       0.019,*0.866,0.115 
   277  2:neutral  2:neutral       0.019,*0.568,0.413 
   278  2:neutral  2:neutral       0.041,*0.814,0.145 
   279  2:neutral 1:negative   +   *0.512,0.303,0.185 
   280  2:neutral 3:positive   +   0.014,0.443,*0.543 
   281  2:neutral  2:neutral       0.115,*0.719,0.166 
   282  2:neutral  2:neutral       0.056,*0.764,0.18 
   283  2:neutral  2:neutral       0.277,*0.494,0.229 
   284  2:neutral  2:neutral       0.043,*0.519,0.438 
   285  2:neutral  2:neutral       0.013,*0.909,0.077 
   286  2:neutral  2:neutral       0.072,*0.64,0.288 
   287  2:neutral  2:neutral       0.051,*0.895,0.054 
   288  2:neutral  2:neutral       0.106,*0.795,0.099 
   289  2:neutral  2:neutral       0.071,*0.671,0.257 
   290  2:neutral  2:neutral       0.018,*0.527,0.455 
   291  2:neutral  2:neutral       0.165,*0.484,0.351 
   292  2:neutral 1:negative   +   *0.586,0.243,0.172 
   293  2:neutral 3:positive   +   0.051,0.446,*0.504 
   294  2:neutral 3:positive   +   0.193,0.36,*0.447 
   295  2:neutral  2:neutral       0.081,*0.84,0.079 
   296  2:neutral  2:neutral       0.088,*0.669,0.243 
   297  2:neutral 3:positive   +   0.12,0.417,*0.463 
   298  2:neutral  2:neutral       0.083,*0.552,0.366 
   299  2:neutral  2:neutral       0.213,*0.651,0.136 
   300  2:neutral  2:neutral       0.069,*0.889,0.042 
   301  2:neutral  2:neutral       0.026,*0.733,0.241 
   302  2:neutral  2:neutral       0.057,*0.625,0.318 
   303  2:neutral 3:positive   +   0.089,0.263,*0.648 
   304  2:neutral 3:positive   +   0.121,0.334,*0.545 
   305  2:neutral  2:neutral       0.022,*0.812,0.166 
   306  2:neutral  2:neutral       0.107,*0.595,0.298 
   307  2:neutral  2:neutral       0.101,*0.687,0.213 
   308  2:neutral  2:neutral       0.095,*0.892,0.013 
   309  2:neutral 3:positive   +   0.038,0.368,*0.593 
   310  2:neutral  2:neutral       0.169,*0.773,0.058 
   311  2:neutral  2:neutral       0.167,*0.567,0.266 
   312  2:neutral  2:neutral       0.088,*0.598,0.314 
   313  2:neutral  2:neutral       0.112,*0.76,0.128 
   314  2:neutral  2:neutral       0.242,*0.597,0.16 
   315  2:neutral 3:positive   +   0.029,0.461,*0.51 
   316  2:neutral 3:positive   +   0.024,0.174,*0.802 
   317  2:neutral  2:neutral       0.111,*0.542,0.347 
   318  2:neutral  2:neutral       0.115,*0.621,0.263 
   319  2:neutral  2:neutral       0.1,*0.605,0.295 
   320  2:neutral  2:neutral       0.178,*0.673,0.149 
   321  2:neutral  2:neutral       0.129,*0.731,0.14 
   322  2:neutral  2:neutral       0.068,*0.861,0.071 
   323  2:neutral  2:neutral       0.109,*0.644,0.248 
   324  2:neutral  2:neutral       0.107,*0.819,0.074 
   325  2:neutral  2:neutral       0.061,*0.734,0.206 
   326  2:neutral  2:neutral       0.058,*0.741,0.201 
   327  2:neutral 1:negative   +   *0.866,0.08,0.054 
   328  2:neutral 1:negative   +   *0.675,0.241,0.084 
   329  2:neutral  2:neutral       0.39,*0.502,0.108 
   330  2:neutral  2:neutral       0.036,*0.918,0.046 
   331  2:neutral 3:positive   +   0.069,0.429,*0.503 
   332  2:neutral  2:neutral       0.12,*0.651,0.229 
   333  2:neutral  2:neutral       0.014,*0.824,0.162 
   334  2:neutral  2:neutral       0.294,*0.414,0.292 
   335  2:neutral  2:neutral       0.085,*0.503,0.412 
   336  2:neutral  2:neutral       0.105,*0.53,0.364 
   337  2:neutral  2:neutral       0.057,*0.824,0.12 
   338  2:neutral 3:positive   +   0.076,0.45,*0.474 
   339  2:neutral  2:neutral       0.035,*0.829,0.136 
   340  2:neutral  2:neutral       0.247,*0.557,0.196 
   341  2:neutral  2:neutral       0.076,*0.718,0.205 
   342  2:neutral 3:positive   +   0.047,0.072,*0.88 
   343  2:neutral  2:neutral       0.173,*0.557,0.27 
   344  2:neutral  2:neutral       0.036,*0.558,0.407 
   345  2:neutral  2:neutral       0.048,*0.76,0.192 
   346  2:neutral  2:neutral       0.108,*0.542,0.35 
   347  2:neutral  2:neutral       0.096,*0.665,0.239 
   348  2:neutral  2:neutral       0.322,*0.445,0.232 
   349  2:neutral  2:neutral       0.251,*0.568,0.181 
   350  2:neutral  2:neutral       0.063,*0.613,0.323 
   351  2:neutral  2:neutral       0.05,*0.637,0.313 
   352  2:neutral  2:neutral       0.062,*0.699,0.238 
   353  2:neutral  2:neutral       0.314,*0.469,0.217 
   354  2:neutral 1:negative   +   *0.835,0.063,0.102 
   355  2:neutral  2:neutral       0.096,*0.665,0.239 
   356  2:neutral 3:positive   +   0.177,0.287,*0.535 
   357  2:neutral 3:positive   +   0.053,0.472,*0.475 
