Zero Weights processed. Default weights will be used
.
Warning: using -h 0 may be faster
*
optimization finished, #iter = 1627
C = 161.84081579113774
obj = 69071.87718322377, rho = -0.3956631188845381
nSV = 2683, nBSV = 2195
Total nSV = 2683
.
Warning: using -h 0 may be faster
*
optimization finished, #iter = 1669
C = 172.7429135226947
obj = 73412.6044623273, rho = 0.012450975267733498
nSV = 2718, nBSV = 2168
Total nSV = 2718
.
Warning: using -h 0 may be faster
*
optimization finished, #iter = 1675
C = 185.83381912542865
obj = 80228.85897432014, rho = -1.8736130379118106
nSV = 2720, nBSV = 2172
Total nSV = 2720
.
Warning: using -h 0 may be faster
*
optimization finished, #iter = 1626
C = 163.0564590121581
obj = 69010.1582210805, rho = -1.1859530090928176
nSV = 2690, nBSV = 2194
Total nSV = 2690
.
Warning: using -h 0 may be faster
*
optimization finished, #iter = 1643
C = 165.6076555586318
obj = 70689.30497948558, rho = 2.40198071282257
nSV = 2691, nBSV = 2182
Total nSV = 2691
.
Warning: using -h 0 may be faster
.
Warning: using -h 0 may be faster
*
optimization finished, #iter = 2110
C = 149.14355304523144
obj = 74129.73794755003, rho = -3.017608305911282
nSV = 3325, nBSV = 2779
.
Warning: using -h 0 may be faster
...
Warning: using -h 0 may be faster
*
optimization finished, #iter = 4156
C = 773.1173947578934
obj = 715356.7739179606, rho = 38.981886409759404
nSV = 4886, nBSV = 2864
Total nSV = 4886
.
Warning: using -h 0 may be faster
...
Warning: using -h 0 may be faster
*
optimization finished, #iter = 4166
C = 814.2963038276002
obj = 759124.430879544, rho = 36.89030539172269
nSV = 4914, nBSV = 2878
Total nSV = 4914
.
Warning: using -h 0 may be faster
...
Warning: using -h 0 may be faster
*
optimization finished, #iter = 4157
C = 721.0628198577543
obj = 650174.4373360375, rho = 28.7497434027455
nSV = 4865, nBSV = 2913
Total nSV = 4865
.
Warning: using -h 0 may be faster
...
Warning: using -h 0 may be faster
*
optimization finished, #iter = 4272
C = 771.3616548299256
obj = 710295.791506753, rho = 25.233982040732844
nSV = 4897, nBSV = 2874
Total nSV = 4897
.
Warning: using -h 0 may be faster
...
Warning: using -h 0 may be faster
*
optimization finished, #iter = 4017
C = 755.8091944827935
obj = 694794.7398480704, rho = 29.46247625149981
nSV = 4829, nBSV = 2912
Total nSV = 4829
.
Warning: using -h 0 may be faster
....
Warning: using -h 0 may be faster
*
optimization finished, #iter = 5206
C = 753.7696305746354
obj = 798307.1756489192, rho = 39.11942541215031
nSV = 5958, nBSV = 3724
.
Warning: using -h 0 may be faster
*
optimization finished, #iter = 1669
C = 117.27059962028402
obj = 41874.821875341266, rho = 5.48046406367016
nSV = 3087, nBSV = 2568
Total nSV = 3087
.
Warning: using -h 0 may be faster
*
optimization finished, #iter = 1748
C = 117.7040949070849
obj = 42052.15635824, rho = 4.147869156909304
nSV = 3084, nBSV = 2563
Total nSV = 3084
.
Warning: using -h 0 may be faster
*
optimization finished, #iter = 1791
C = 126.38240683401015
obj = 48591.747633842286, rho = 7.225738772571655
nSV = 3117, nBSV = 2557
Total nSV = 3117
.
Warning: using -h 0 may be faster
*
optimization finished, #iter = 1685
C = 125.12754998474048
obj = 46644.367541022475, rho = 7.654040814098578
nSV = 3114, nBSV = 2549
Total nSV = 3114
.
Warning: using -h 0 may be faster
*
optimization finished, #iter = 1741
C = 132.55672392743332
obj = 51956.731062178966, rho = 6.778285689366292
nSV = 3145, nBSV = 2537
Total nSV = 3145
.
Warning: using -h 0 may be faster
.
Warning: using -h 0 may be faster
*
optimization finished, #iter = 2027
C = 109.16848603658656
obj = 47095.62837936432, rho = 7.516324884424316
nSV = 3821, nBSV = 3241
Total nSV = 8821
.
Warning: using -h 0 may be faster
*
optimization finished, #iter = 1346
C = 175.25387490304516
obj = 60714.12275662432, rho = 0.48726369498716987
nSV = 2211, nBSV = 1702
Total nSV = 2211
.
Warning: using -h 0 may be faster
*
optimization finished, #iter = 1395
C = 195.5889227495655
obj = 72898.2524574011, rho = -2.0549804988465707
nSV = 2205, nBSV = 1697
Total nSV = 2205
.
Warning: using -h 0 may be faster
*
optimization finished, #iter = 1337
C = 172.73593621218538
obj = 60731.034348801324, rho = -3.113893938708805
nSV = 2185, nBSV = 1712
Total nSV = 2185
.
Warning: using -h 0 may be faster
*
optimization finished, #iter = 1400
C = 210.73268258542802
obj = 81742.89799141965, rho = -2.3826494737231365
nSV = 2219, nBSV = 1694
Total nSV = 2219
.
Warning: using -h 0 may be faster
*
optimization finished, #iter = 1308
C = 178.59396164964357
obj = 63534.56118159431, rho = -2.378319387977676
nSV = 2188, nBSV = 1708
Total nSV = 2188
Line search fails in two-class probability estimates
.
Warning: using -h 0 may be faster
*
optimization finished, #iter = 1611
C = 164.23020969043603
obj = 69096.15467656887, rho = -0.3704227851850824
nSV = 2711, nBSV = 2172
...
Warning: using -h 0 may be faster
*
optimization finished, #iter = 3476
C = 769.4984940306656
obj = 602202.1012227394, rho = 37.298829052387866
nSV = 3987, nBSV = 2230
Total nSV = 3987
...
Warning: using -h 0 may be faster
*
optimization finished, #iter = 3295
C = 742.7051809016208
obj = 584747.7464910337, rho = 19.391337426581437
nSV = 3956, nBSV = 2249
Total nSV = 3956
...
Warning: using -h 0 may be faster
*
optimization finished, #iter = 3340
C = 747.0232121674179
obj = 600637.6976033066, rho = 43.34134789039318
nSV = 3976, nBSV = 2222
Total nSV = 3976
...
Warning: using -h 0 may be faster
*
optimization finished, #iter = 3365
C = 776.3959360517334
obj = 616787.8290048226, rho = 27.207520802954942
nSV = 3967, nBSV = 2242
Total nSV = 3967
...
Warning: using -h 0 may be faster
*
optimization finished, #iter = 3365
C = 831.7231872531069
obj = 670857.6175110653, rho = 40.13210792455941
nSV = 4003, nBSV = 2219
Total nSV = 4003
.
Warning: using -h 0 may be faster
...
Warning: using -h 0 may be faster
*
optimization finished, #iter = 4154
C = 751.2201511135248
obj = 687408.5633763399, rho = 40.566472011688695
nSV = 4911, nBSV = 2859
.
Warning: using -h 0 may be faster
*
optimization finished, #iter = 1437
C = 158.82730706977426
obj = 55381.01133534279, rho = -8.506198325996762
nSV = 2506, nBSV = 2011
Total nSV = 2506
.
Warning: using -h 0 may be faster
*
optimization finished, #iter = 1421
C = 161.9862559053952
obj = 55699.58860347169, rho = 9.58218381663917
nSV = 2531, nBSV = 1991
Total nSV = 2531
.
Warning: using -h 0 may be faster
*
optimization finished, #iter = 1305
C = 118.25770738335646
obj = 35318.90394207562, rho = 1.7549692475487213
nSV = 2494, nBSV = 2036
Total nSV = 2494
.
Warning: using -h 0 may be faster
*
optimization finished, #iter = 1317
C = 120.0732142642863
obj = 36120.30062702893, rho = 4.160013472057987
nSV = 2473, nBSV = 2051
Total nSV = 2473
.
Warning: using -h 0 may be faster
*
optimization finished, #iter = 1358
C = 132.65056162004612
obj = 42617.13497509246, rho = 1.8849554427613546
nSV = 2489, nBSV = 2035
Total nSV = 2489
.
Warning: using -h 0 may be faster
*
optimization finished, #iter = 1680
C = 122.00313825883848
obj = 45240.90615033375, rho = 5.470309009697725
nSV = 3080, nBSV = 2561
Total nSV = 7175
.
Warning: using -h 0 may be faster
*
optimization finished, #iter = 1367
C = 197.147719117297
obj = 72768.99594141514, rho = -2.8130337509656917
nSV = 2185, nBSV = 1708
Total nSV = 2185
.
Warning: using -h 0 may be faster
*
optimization finished, #iter = 1377
C = 202.590578866774
obj = 76036.20005341074, rho = -2.747494052192737
nSV = 2192, nBSV = 1705
Total nSV = 2192
.
Warning: using -h 0 may be faster
*
optimization finished, #iter = 1307
C = 177.56163754452746
obj = 64037.86728513983, rho = -4.298313288151551
nSV = 2181, nBSV = 1720
Total nSV = 2181
.
Warning: using -h 0 may be faster
*
optimization finished, #iter = 1342
C = 193.84932561268943
obj = 72776.30199596615, rho = -2.498407708662712
nSV = 2189, nBSV = 1717
Total nSV = 2189
.
Warning: using -h 0 may be faster
*
optimization finished, #iter = 1384
C = 202.87984656396603
obj = 76816.84987000845, rho = -3.318344350703599
nSV = 2199, nBSV = 1700
Total nSV = 2199
.
Warning: using -h 0 may be faster
*
optimization finished, #iter = 1632
C = 173.05453289629966
obj = 74866.88662506113, rho = -2.970994634043611
nSV = 2691, nBSV = 2189
.
Warning: using -h 0 may be faster
..
Warning: using -h 0 may be faster
*
optimization finished, #iter = 3490
C = 814.1929299100384
obj = 669363.1910839943, rho = -61.95324815279695
nSV = 4003, nBSV = 2204
Total nSV = 4003
...
Warning: using -h 0 may be faster
*
optimization finished, #iter = 3397
C = 795.8798678657951
obj = 645978.0272029107, rho = -65.74288064869523
nSV = 4013, nBSV = 2231
Total nSV = 4013
...
Warning: using -h 0 may be faster
*
optimization finished, #iter = 3297
C = 792.5725080650599
obj = 642741.7997116668, rho = -55.61265053394832
nSV = 3985, nBSV = 2228
Total nSV = 3985
...
Warning: using -h 0 may be faster
*
optimization finished, #iter = 3593
C = 753.7219957389187
obj = 598489.7298522271, rho = -49.640177215923
nSV = 4011, nBSV = 2217
Total nSV = 4011
...
Warning: using -h 0 may be faster
*
optimization finished, #iter = 3347
C = 828.7870889121981
obj = 686398.8979393545, rho = -63.419383639909036
nSV = 4026, nBSV = 2201
Total nSV = 4026
.
Warning: using -h 0 may be faster
...
Warning: using -h 0 may be faster
*
optimization finished, #iter = 4099
C = 770.0054425368371
obj = 717952.6472165955, rho = 34.47859738514404
nSV = 4893, nBSV = 2893
.
Warning: using -h 0 may be faster
*
optimization finished, #iter = 1442
C = 148.1641849859139
obj = 49477.32859140273, rho = -8.371644915694082
nSV = 2544, nBSV = 1985
Total nSV = 2544
.
Warning: using -h 0 may be faster
*
optimization finished, #iter = 1281
C = 115.51367224053516
obj = 33390.53876102812, rho = -7.315495004234566
nSV = 2478, nBSV = 2045
Total nSV = 2478
.
Warning: using -h 0 may be faster
*
optimization finished, #iter = 1463
C = 157.39702995499144
obj = 53605.35379863051, rho = -8.801861856679828
nSV = 2536, nBSV = 1978
Total nSV = 2536
.
Warning: using -h 0 may be faster
*
optimization finished, #iter = 1293
C = 112.82284019430918
obj = 32802.21190380967, rho = -5.755484330323555
nSV = 2487, nBSV = 2043
Total nSV = 2487
.
Warning: using -h 0 may be faster
*
optimization finished, #iter = 1343
C = 138.56293925078953
obj = 43988.07946988007, rho = -7.571491417145255
nSV = 2489, nBSV = 2017
Total nSV = 2489
.
Warning: using -h 0 may be faster
*
optimization finished, #iter = 1604
C = 120.15858218028387
obj = 44314.71849960768, rho = 7.156309492688701
nSV = 3083, nBSV = 2548
Total nSV = 7151
.
Warning: using -h 0 may be faster
..
Warning: using -h 0 may be faster
*
optimization finished, #iter = 3418
C = 860.1413497992123
obj = 707225.8407832879, rho = -66.81909364195874
nSV = 4007, nBSV = 2192
Total nSV = 4007
...
Warning: using -h 0 may be faster
*
optimization finished, #iter = 3543
C = 823.1961320310267
obj = 658382.9356123571, rho = -55.25881125352334
nSV = 4028, nBSV = 2202
Total nSV = 4028
.
Warning: using -h 0 may be faster
..
Warning: using -h 0 may be faster
*
optimization finished, #iter = 3465
C = 818.8274937755714
obj = 666457.0532496758, rho = -68.26724412175611
nSV = 4009, nBSV = 2234
Total nSV = 4009
.
Warning: using -h 0 may be faster
..
Warning: using -h 0 may be faster
*
optimization finished, #iter = 3358
C = 781.782577079382
obj = 632563.6893045338, rho = -58.03841674592599
nSV = 3994, nBSV = 2243
Total nSV = 3994
.
Warning: using -h 0 may be faster
..
Warning: using -h 0 may be faster
*
optimization finished, #iter = 3502
C = 790.7691988806696
obj = 626960.027528133, rho = -53.82444042751722
nSV = 3993, nBSV = 2215
Total nSV = 3993
.
Warning: using -h 0 may be faster
...
Warning: using -h 0 may be faster
*
optimization finished, #iter = 4216
C = 801.841813534356
obj = 749344.9759212008, rho = -64.33613315490126
nSV = 4884, nBSV = 2883
.
Warning: using -h 0 may be faster
*
optimization finished, #iter = 1449
C = 161.6877832965785
obj = 54915.79376130711, rho = -10.136251964437944
nSV = 2554, nBSV = 1974
Total nSV = 2554
.
Warning: using -h 0 may be faster
*
optimization finished, #iter = 1568
C = 192.4437388176016
obj = 72712.1944291796, rho = -13.883100783658941
nSV = 2611, nBSV = 1951
Total nSV = 2611
.
Warning: using -h 0 may be faster
*
optimization finished, #iter = 1448
C = 156.78843940211848
obj = 52480.547719742695, rho = -8.25283064206226
nSV = 2546, nBSV = 1982
Total nSV = 2546
.
Warning: using -h 0 may be faster
*
optimization finished, #iter = 1487
C = 169.84473344936546
obj = 58413.75302679162, rho = -8.300868475639325
nSV = 2544, nBSV = 1972
Total nSV = 2544
.
Warning: using -h 0 may be faster
*
optimization finished, #iter = 1399
C = 156.85209996403125
obj = 53099.960391508466, rho = -5.689575437114233
nSV = 2537, nBSV = 2006
Total nSV = 2537
.
Warning: using -h 0 may be faster
*
optimization finished, #iter = 1765
C = 150.8978558494522
obj = 60715.739501092496, rho = -10.560979241420975
nSV = 3146, nBSV = 2506
.
Warning: using -h 0 may be faster
*
optimization finished, #iter = 1389
C = 180.68338355277436
obj = 64151.9625656179, rho = -1.9079273973787148
nSV = 2208, nBSV = 1721
Total nSV = 2208
.
Warning: using -h 0 may be faster
*
optimization finished, #iter = 1346
C = 188.9882532180725
obj = 68757.89728730063, rho = 0.2211671531681828
nSV = 2190, nBSV = 1706
Total nSV = 2190
.
Warning: using -h 0 may be faster
*
optimization finished, #iter = 1435
C = 191.15817882532747
obj = 69428.76004513243, rho = -2.578706284508811
nSV = 2233, nBSV = 1689
Total nSV = 2233
.
Warning: using -h 0 may be faster
*
optimization finished, #iter = 1412
C = 192.72837207078305
obj = 71180.00576979933, rho = -0.9936525006281094
nSV = 2193, nBSV = 1706
Total nSV = 2193
.
Warning: using -h 0 may be faster
*
optimization finished, #iter = 1406
C = 197.57358411492262
obj = 74406.36868113793, rho = -1.463585783431533
nSV = 2212, nBSV = 1692
Total nSV = 2212
Line search fails in two-class probability estimates
.
Warning: using -h 0 may be faster
*
optimization finished, #iter = 1650
C = 167.6732197796972
obj = 70653.7175905861, rho = -1.6026896296324282
nSV = 2702, nBSV = 2186
Total nSV = 7206
.
Warning: using -h 0 may be faster
*
optimization finished, #iter = 1373
C = 209.12034625967155
obj = 79162.5457651907, rho = -0.19420369203365975
nSV = 2228, nBSV = 1691
Total nSV = 2228
.
Warning: using -h 0 may be faster
*
optimization finished, #iter = 1371
C = 193.22210923258277
obj = 70330.37994800316, rho = 0.9819705422071399
nSV = 2197, nBSV = 1714
Total nSV = 2197
.
Warning: using -h 0 may be faster
*
optimization finished, #iter = 1350
C = 182.0651478981216
obj = 66613.07713092283, rho = 0.5825960568146722
nSV = 2197, nBSV = 1705
Total nSV = 2197
.
Warning: using -h 0 may be faster
*
optimization finished, #iter = 1375
C = 199.36150008575328
obj = 73367.01690448527, rho = -3.3152307062298263
nSV = 2206, nBSV = 1716
Total nSV = 2206
.
Warning: using -h 0 may be faster
*
optimization finished, #iter = 1373
C = 204.14876898678867
obj = 76250.52367238644, rho = -1.771558536355111
nSV = 2202, nBSV = 1699
Total nSV = 2202
.
Warning: using -h 0 may be faster
*
optimization finished, #iter = 1657
C = 175.19429408224616
obj = 74965.62115861522, rho = -1.4983591790016961
nSV = 2712, nBSV = 2161
.
Warning: using -h 0 may be faster
*
optimization finished, #iter = 1368
C = 150.1532442063563
obj = 50844.52578067737, rho = 0.6209017728723166
nSV = 2515, nBSV = 2022
Total nSV = 2515
.
Warning: using -h 0 may be faster
*
optimization finished, #iter = 1427
C = 149.87254183388478
obj = 48937.99513435035, rho = -8.815895763089886
nSV = 2520, nBSV = 2002
Total nSV = 2520
.
Warning: using -h 0 may be faster
*
optimization finished, #iter = 1390
C = 124.80596586069846
obj = 39531.32347569227, rho = -6.717936291163958
nSV = 2505, nBSV = 2018
Total nSV = 2505
.
Warning: using -h 0 may be faster
*
optimization finished, #iter = 1511
C = 155.71631090915704
obj = 53312.953091319985, rho = -7.881712257184206
nSV = 2543, nBSV = 1987
Total nSV = 2543
.
Warning: using -h 0 may be faster
*
optimization finished, #iter = 1325
C = 123.0341447245194
obj = 37822.76914242878, rho = -4.267171210888141
nSV = 2520, nBSV = 2025
Total nSV = 2520
.
Warning: using -h 0 may be faster
*
optimization finished, #iter = 1658
C = 124.31098326536198
obj = 46695.00261715292, rho = 5.247816448145291
nSV = 3093, nBSV = 2567
...
Warning: using -h 0 may be faster
*
optimization finished, #iter = 3429
C = 799.9175536349968
obj = 636185.4500773338, rho = 22.177438910072368
nSV = 4002, nBSV = 2236
Total nSV = 4002
...
Warning: using -h 0 may be faster
*
optimization finished, #iter = 3556
C = 778.7419168630105
obj = 629380.4003384861, rho = -64.45222114747115
nSV = 4012, nBSV = 2210
Total nSV = 4012
...
Warning: using -h 0 may be faster
*
optimization finished, #iter = 3331
C = 779.4863248068607
obj = 625494.8192659188, rho = -60.10026945200345
nSV = 3954, nBSV = 2251
Total nSV = 3954
...
Warning: using -h 0 may be faster
*
optimization finished, #iter = 3278
C = 737.4494543589458
obj = 583068.3394324144, rho = -66.05253240354183
nSV = 3932, nBSV = 2241
Total nSV = 3932
...
Warning: using -h 0 may be faster
*
optimization finished, #iter = 3478
C = 769.3153839285268
obj = 610525.7892940905, rho = -48.220262155395154
nSV = 3953, nBSV = 2241
Total nSV = 3953
.
Warning: using -h 0 may be faster
...
Warning: using -h 0 may be faster
*
optimization finished, #iter = 4336
C = 743.4005272743811
obj = 677040.9899385832, rho = 33.486517990638276
nSV = 4877, nBSV = 2882
Total nSV = 7135
.
Warning: using -h 0 may be faster
*
optimization finished, #iter = 1340
C = 123.5848276123108
obj = 39245.38097014521, rho = -7.069183431691608
nSV = 2496, nBSV = 2029
Total nSV = 2496
.
Warning: using -h 0 may be faster
*
optimization finished, #iter = 1322
C = 122.63815773244234
obj = 37484.930817236556, rho = -4.788647579135661
nSV = 2487, nBSV = 2049
Total nSV = 2487
.
Warning: using -h 0 may be faster
*
optimization finished, #iter = 1267
C = 120.03463859833035
obj = 34924.82235545587, rho = -4.388964021108293
nSV = 2464, nBSV = 2040
Total nSV = 2464
.
Warning: using -h 0 may be faster
*
optimization finished, #iter = 1221
C = 106.014561163896
obj = 29652.55689788479, rho = -4.236157180889863
nSV = 2463, nBSV = 2077
Total nSV = 2463
.
Warning: using -h 0 may be faster
*
optimization finished, #iter = 1275
C = 128.16999035766545
obj = 41312.64771034728, rho = -8.05211772410895
nSV = 2495, nBSV = 2044
Total nSV = 2495
.
Warning: using -h 0 may be faster
*
optimization finished, #iter = 1617
C = 104.43150875816085
obj = 36111.909171580286, rho = 5.6430825912909075
nSV = 3042, nBSV = 2586
.
Warning: using -h 0 may be faster
*
optimization finished, #iter = 1362
C = 192.9060990296372
obj = 69990.422841861, rho = -4.733979283081629
nSV = 2189, nBSV = 1709
Total nSV = 2189
.
Warning: using -h 0 may be faster
*
optimization finished, #iter = 1380
C = 190.6438346702252
obj = 69668.48323907991, rho = -2.2153582928700635
nSV = 2199, nBSV = 1719
Total nSV = 2199
.
Warning: using -h 0 may be faster
*
optimization finished, #iter = 1308
C = 176.2608034190267
obj = 63647.21482438461, rho = -1.7174205382610177
nSV = 2179, nBSV = 1732
Total nSV = 2179
.
Warning: using -h 0 may be faster
*
optimization finished, #iter = 1356
C = 176.33641689258414
obj = 62613.198865169856, rho = 1.7566077759350667
nSV = 2193, nBSV = 1730
Total nSV = 2193
.
Warning: using -h 0 may be faster
*
optimization finished, #iter = 1309
C = 178.00924579764245
obj = 64976.79517236594, rho = -2.4057795675700584
nSV = 2180, nBSV = 1722
Total nSV = 2180
.
Warning: using -h 0 may be faster
*
optimization finished, #iter = 1600
C = 164.10339676912346
obj = 69623.32532328872, rho = -0.42248700213818297
nSV = 2687, nBSV = 2184
...
Warning: using -h 0 may be faster
*
optimization finished, #iter = 3394
C = 788.2237189059894
obj = 624162.0756435056, rho = 34.224814385425574
nSV = 3981, nBSV = 2215
Total nSV = 3981
...
Warning: using -h 0 may be faster
*
optimization finished, #iter = 3347
C = 832.5221135548647
obj = 673974.1617373945, rho = 23.30538977067194
nSV = 3972, nBSV = 2222
Total nSV = 3972
...
Warning: using -h 0 may be faster
*
optimization finished, #iter = 3539
C = 845.0982284091049
obj = 692138.3139119102, rho = 27.07352821935355
nSV = 4018, nBSV = 2197
Total nSV = 4018
...
Warning: using -h 0 may be faster
*
optimization finished, #iter = 3490
C = 772.1443933943543
obj = 607015.8288186038, rho = 32.75355808720927
nSV = 3997, nBSV = 2207
Total nSV = 3997
...
Warning: using -h 0 may be faster
*
optimization finished, #iter = 3589
C = 852.6424429290951
obj = 688097.6654190673, rho = 17.39531853219853
nSV = 4021, nBSV = 2226
Total nSV = 4021
.
Warning: using -h 0 may be faster
...
Warning: using -h 0 may be faster
*
optimization finished, #iter = 4256
C = 820.8434191092316
obj = 777235.0299863697, rho = -63.379117687897946
nSV = 4858, nBSV = 2859
Total nSV = 7109


=== Predictions under cross-validation ===

 inst#     actual  predicted error distribution
     1  2:neutral  2:neutral       0.204,*0.7,0.096 
     2  2:neutral  2:neutral       0.048,*0.813,0.139 
     3  2:neutral 3:positive   +   0.065,0.335,*0.6 
     4  2:neutral  2:neutral       0.069,*0.54,0.391 
     5  2:neutral  2:neutral       0.066,*0.714,0.22 
     6  2:neutral 1:negative   +   *0.509,0.448,0.043 
     7  2:neutral  2:neutral       0.085,*0.597,0.318 
     8  2:neutral  2:neutral       0.073,*0.76,0.167 
     9  2:neutral  2:neutral       0.075,*0.701,0.223 
    10  2:neutral 1:negative   +   *0.553,0.287,0.16 
    11  2:neutral 3:positive   +   0.051,0.316,*0.633 
    12  2:neutral  2:neutral       0.044,*0.692,0.264 
    13  2:neutral  2:neutral       0.061,*0.849,0.09 
    14  2:neutral  2:neutral       0.019,*0.577,0.403 
    15  2:neutral 1:negative   +   *0.47,0.377,0.152 
    16  2:neutral  2:neutral       0.02,*0.804,0.175 
    17  2:neutral  2:neutral       0.345,*0.353,0.302 
    18  2:neutral  2:neutral       0.247,*0.515,0.238 
    19  2:neutral  2:neutral       0.119,*0.759,0.122 
    20  2:neutral  2:neutral       0.054,*0.9,0.046 
    21  2:neutral 1:negative   +   *0.758,0.148,0.094 
    22  2:neutral  2:neutral       0.113,*0.542,0.345 
    23  2:neutral  2:neutral       0.076,*0.73,0.194 
    24  2:neutral  2:neutral       0.064,*0.878,0.058 
    25  2:neutral  2:neutral       0.048,*0.709,0.243 
    26  2:neutral 3:positive   +   0.035,0.206,*0.759 
    27  2:neutral  2:neutral       0.023,*0.933,0.044 
    28  2:neutral 1:negative   +   *0.8,0.174,0.026 
    29  2:neutral  2:neutral       0.014,*0.623,0.363 
    30  2:neutral 3:positive   +   0.029,0.303,*0.668 
    31  2:neutral 1:negative   +   *0.562,0.379,0.058 
    32  2:neutral 1:negative   +   *0.931,0.056,0.013 
    33  2:neutral  2:neutral       0.028,*0.896,0.076 
    34  2:neutral  2:neutral       0.056,*0.841,0.104 
    35  2:neutral  2:neutral       0.195,*0.719,0.087 
    36  2:neutral  2:neutral       0.042,*0.585,0.373 
    37  2:neutral  2:neutral       0.154,*0.65,0.196 
    38  2:neutral  2:neutral       0.098,*0.763,0.139 
    39  2:neutral  2:neutral       0.045,*0.751,0.204 
    40  2:neutral  2:neutral       0.042,*0.748,0.21 
    41  2:neutral  2:neutral       0.081,*0.82,0.099 
    42  2:neutral  2:neutral       0.071,*0.731,0.198 
    43  2:neutral 3:positive   +   0.081,0.079,*0.84 
    44  2:neutral  2:neutral       0.064,*0.603,0.333 
    45  2:neutral  2:neutral       0.045,*0.853,0.102 
    46  2:neutral  2:neutral       0.031,*0.727,0.241 
    47  2:neutral  2:neutral       0.115,*0.597,0.288 
    48  2:neutral 3:positive   +   0.038,0.183,*0.779 
    49  2:neutral  2:neutral       0.082,*0.859,0.059 
    50  2:neutral  2:neutral       0.037,*0.814,0.149 
    51  2:neutral  2:neutral       0.081,*0.801,0.118 
    52  2:neutral  2:neutral       0.286,*0.542,0.173 
    53  2:neutral 1:negative   +   *0.416,0.316,0.268 
    54  2:neutral  2:neutral       0.094,*0.49,0.417 
    55  2:neutral  2:neutral       0.049,*0.793,0.159 
    56  2:neutral  2:neutral       0.027,*0.921,0.052 
    57  2:neutral  2:neutral       0.165,*0.577,0.258 
    58  2:neutral  2:neutral       0.071,*0.656,0.273 
    59  2:neutral  2:neutral       0.076,*0.647,0.277 
    60  2:neutral  2:neutral       0.237,*0.539,0.223 
    61  2:neutral  2:neutral       0.134,*0.75,0.115 
    62  2:neutral  2:neutral       0.049,*0.741,0.21 
    63  2:neutral  2:neutral       0.028,*0.651,0.321 
    64  2:neutral  2:neutral       0.18,*0.588,0.232 
    65  2:neutral  2:neutral       0.132,*0.743,0.125 
    66  2:neutral 3:positive   +   0.024,0.34,*0.636 
    67  2:neutral 3:positive   +   0.018,0.457,*0.526 
    68  2:neutral  2:neutral       0.218,*0.596,0.186 
    69  2:neutral 3:positive   +   0.033,0.33,*0.637 
    70  2:neutral 3:positive   +   0.037,0.44,*0.523 
    71  2:neutral  2:neutral       0.196,*0.631,0.173 
    72  2:neutral 3:positive   +   0.035,0.12,*0.846 
    73  2:neutral  2:neutral       0.202,*0.577,0.221 
    74  2:neutral  2:neutral       0.175,*0.437,0.388 
    75  2:neutral  2:neutral       0.043,*0.782,0.174 
    76  2:neutral  2:neutral       0.154,*0.517,0.328 
    77  2:neutral  2:neutral       0.142,*0.599,0.259 
    78  2:neutral  2:neutral       0.068,*0.778,0.154 
    79  2:neutral  2:neutral       0.149,*0.747,0.104 
    80  2:neutral  2:neutral       0.034,*0.793,0.173 
    81  2:neutral 1:negative   +   *0.432,0.324,0.244 
    82  2:neutral  2:neutral       0.118,*0.836,0.046 
    83  2:neutral 1:negative   +   *0.443,0.156,0.401 
    84  2:neutral 3:positive   +   0.019,0.306,*0.676 
    85  2:neutral  2:neutral       0.16,*0.453,0.386 
    86  2:neutral  2:neutral       0.076,*0.86,0.064 
    87  2:neutral  2:neutral       0.012,*0.537,0.451 
    88  2:neutral  2:neutral       0.035,*0.811,0.154 
    89  2:neutral  2:neutral       0.272,*0.53,0.198 
    90  2:neutral  2:neutral       0.074,*0.721,0.204 
    91  2:neutral  2:neutral       0.058,*0.762,0.181 
    92  2:neutral  2:neutral       0.094,*0.777,0.129 
    93  2:neutral  2:neutral       0.084,*0.671,0.245 
    94  2:neutral  2:neutral       0.061,*0.589,0.35 
    95  2:neutral 3:positive   +   0.084,0.373,*0.543 
    96  2:neutral  2:neutral       0.275,*0.63,0.094 
    97  2:neutral  2:neutral       0.055,*0.782,0.163 
    98  2:neutral 3:positive   +   0.063,0.434,*0.503 
    99  2:neutral  2:neutral       0.044,*0.814,0.143 
   100  2:neutral  2:neutral       0.077,*0.665,0.258 
   101  2:neutral 3:positive   +   0.332,0.243,*0.425 
   102  2:neutral 3:positive   +   0.053,0.262,*0.685 
   103  2:neutral  2:neutral       0.03,*0.808,0.162 
   104  2:neutral  2:neutral       0.188,*0.588,0.224 
   105  2:neutral  2:neutral       0.051,*0.655,0.293 
   106  2:neutral 3:positive   +   0.279,0.26,*0.461 
   107  2:neutral  2:neutral       0.076,*0.73,0.194 
   108  2:neutral  2:neutral       0.019,*0.834,0.147 
   109  2:neutral  2:neutral       0.014,*0.9,0.086 
   110  2:neutral  2:neutral       0.128,*0.693,0.179 
   111  2:neutral  2:neutral       0.056,*0.675,0.268 
   112  2:neutral  2:neutral       0.013,*0.89,0.097 
   113  2:neutral  2:neutral       0.031,*0.578,0.391 
   114  2:neutral 3:positive   +   0.174,0.321,*0.505 
   115  2:neutral  2:neutral       0.054,*0.748,0.198 
   116  2:neutral 1:negative   +   *0.379,0.332,0.289 
   117  2:neutral  2:neutral       0.025,*0.932,0.042 
   118  2:neutral  2:neutral       0.124,*0.479,0.396 
   119  2:neutral  2:neutral       0.023,*0.889,0.088 
   120  2:neutral 3:positive   +   0.08,0.34,*0.58 
   121  2:neutral  2:neutral       0.047,*0.613,0.34 
   122  2:neutral 3:positive   +   0.168,0.255,*0.577 
   123  2:neutral  2:neutral       0.066,*0.852,0.082 
   124  2:neutral  2:neutral       0.128,*0.711,0.161 
   125  2:neutral  2:neutral       0.236,*0.615,0.149 
   126  2:neutral  2:neutral       0.084,*0.662,0.254 
   127  2:neutral  2:neutral       0.024,*0.907,0.069 
   128  2:neutral 3:positive   +   0.036,0.321,*0.643 
   129  2:neutral  2:neutral       0.134,*0.779,0.087 
   130  2:neutral  2:neutral       0.08,*0.689,0.231 
   131  2:neutral 3:positive   +   0.17,0.394,*0.437 
   132  2:neutral  2:neutral       0.062,*0.741,0.197 
   133  2:neutral  2:neutral       0.03,*0.753,0.217 
   134  2:neutral  2:neutral       0.051,*0.863,0.085 
   135  2:neutral  2:neutral       0.029,*0.817,0.154 
   136  2:neutral  2:neutral       0.016,*0.862,0.122 
   137  2:neutral  2:neutral       0.051,*0.751,0.197 
   138  2:neutral 3:positive   +   0.073,0.361,*0.566 
   139  2:neutral  2:neutral       0.16,*0.52,0.32 
   140  2:neutral  2:neutral       0.308,*0.605,0.086 
   141  2:neutral  2:neutral       0.032,*0.699,0.269 
   142  2:neutral  2:neutral       0.085,*0.732,0.183 
   143  2:neutral  2:neutral       0.219,*0.424,0.357 
   144  2:neutral  2:neutral       0.142,*0.707,0.151 
   145  2:neutral 3:positive   +   0.271,0.36,*0.369 
   146  2:neutral  2:neutral       0.066,*0.808,0.126 
   147  2:neutral  2:neutral       0.032,*0.772,0.197 
   148  2:neutral  2:neutral       0.049,*0.789,0.162 
   149  2:neutral 3:positive   +   0.159,0.308,*0.533 
   150  2:neutral  2:neutral       0.074,*0.84,0.086 
   151  2:neutral  2:neutral       0.039,*0.644,0.317 
   152  2:neutral  2:neutral       0.068,*0.859,0.072 
   153  2:neutral  2:neutral       0.026,*0.876,0.098 
   154  2:neutral  2:neutral       0.247,*0.614,0.139 
   155  2:neutral 3:positive   +   0.067,0.281,*0.651 
   156  2:neutral  2:neutral       0.049,*0.488,0.464 
   157  2:neutral  2:neutral       0.043,*0.596,0.361 
   158  2:neutral  2:neutral       0.041,*0.772,0.188 
   159  2:neutral  2:neutral       0.277,*0.653,0.07 
   160  2:neutral  2:neutral       0.017,*0.833,0.15 
   161  2:neutral  2:neutral       0.244,*0.479,0.277 
   162  2:neutral  2:neutral       0.013,*0.887,0.1 
   163  2:neutral  2:neutral       0.033,*0.666,0.301 
   164  2:neutral 1:negative   +   *0.515,0.36,0.124 
   165  2:neutral  2:neutral       0.153,*0.734,0.113 
   166  2:neutral  2:neutral       0.06,*0.71,0.23 
   167  2:neutral  2:neutral       0.037,*0.655,0.308 
   168  2:neutral  2:neutral       0.043,*0.817,0.14 
   169  2:neutral  2:neutral       0.102,*0.695,0.203 
   170  2:neutral  2:neutral       0.092,*0.778,0.13 
   171  2:neutral  2:neutral       0.052,*0.667,0.281 
   172  2:neutral  2:neutral       0.426,*0.504,0.07 
   173  2:neutral 1:negative   +   *0.78,0.183,0.037 
   174  2:neutral  2:neutral       0.089,*0.638,0.273 
   175  2:neutral  2:neutral       0.107,*0.661,0.232 
   176  2:neutral 3:positive   +   0.137,0.349,*0.514 
   177  2:neutral  2:neutral       0.055,*0.823,0.123 
   178  2:neutral  2:neutral       0.168,*0.61,0.222 
   179  2:neutral  2:neutral       0.038,*0.794,0.168 
   180  2:neutral  2:neutral       0.04,*0.771,0.189 
   181  2:neutral  2:neutral       0.05,*0.878,0.072 
   182  2:neutral 1:negative   +   *0.745,0.22,0.035 
   183  2:neutral  2:neutral       0.069,*0.74,0.191 
   184  2:neutral 3:positive   +   0.112,0.32,*0.568 
   185  2:neutral  2:neutral       0.172,*0.635,0.193 
   186  2:neutral  2:neutral       0.014,*0.782,0.204 
   187  2:neutral  2:neutral       0.06,*0.544,0.396 
   188  2:neutral  2:neutral       0.154,*0.458,0.387 
   189  2:neutral  2:neutral       0.221,*0.676,0.102 
   190  2:neutral  2:neutral       0.175,*0.742,0.083 
   191  2:neutral  2:neutral       0.149,*0.76,0.091 
   192  2:neutral  2:neutral       0.054,*0.721,0.224 
   193  2:neutral 3:positive   +   0.01,0.353,*0.637 
   194  2:neutral  2:neutral       0.053,*0.864,0.082 
   195  2:neutral  2:neutral       0.05,*0.54,0.41 
   196  2:neutral 1:negative   +   *0.524,0.305,0.171 
   197  2:neutral  2:neutral       0.084,*0.753,0.163 
   198  2:neutral  2:neutral       0.334,*0.452,0.214 
   199  2:neutral 3:positive   +   0.075,0.225,*0.7 
   200  2:neutral  2:neutral       0.042,*0.768,0.19 
   201  2:neutral  2:neutral       0.058,*0.832,0.11 
   202  2:neutral  2:neutral       0.111,*0.7,0.189 
   203  2:neutral  2:neutral       0.127,*0.464,0.409 
   204  2:neutral  2:neutral       0.033,*0.945,0.023 
   205  2:neutral  2:neutral       0.029,*0.605,0.366 
   206  2:neutral  2:neutral       0.141,*0.611,0.248 
   207  2:neutral  2:neutral       0.071,*0.546,0.383 
   208  2:neutral  2:neutral       0.053,*0.797,0.149 
   209  2:neutral  2:neutral       0.033,*0.822,0.145 
   210  2:neutral 1:negative   +   *0.483,0.213,0.304 
   211  2:neutral  2:neutral       0.031,*0.654,0.315 
   212  2:neutral  2:neutral       0.065,*0.831,0.104 
   213  2:neutral  2:neutral       0.102,*0.774,0.124 
   214  2:neutral  2:neutral       0.057,*0.75,0.193 
   215  2:neutral  2:neutral       0.321,*0.443,0.236 
   216  2:neutral  2:neutral       0.03,*0.668,0.302 
   217  2:neutral  2:neutral       0.103,*0.808,0.089 
   218  2:neutral 1:negative   +   *0.41,0.388,0.202 
   219  2:neutral  2:neutral       0.217,*0.712,0.071 
   220  2:neutral  2:neutral       0.074,*0.797,0.129 
   221  2:neutral 1:negative   +   *0.524,0.281,0.194 
   222  2:neutral 3:positive   +   0.096,0.444,*0.46 
   223  2:neutral  2:neutral       0.06,*0.737,0.203 
   224  2:neutral  2:neutral       0.146,*0.737,0.117 
   225  2:neutral  2:neutral       0.062,*0.814,0.124 
   226  2:neutral  2:neutral       0.031,*0.658,0.31 
   227  2:neutral  2:neutral       0.044,*0.794,0.162 
   228  2:neutral 3:positive   +   0.044,0.337,*0.619 
   229  2:neutral  2:neutral       0.012,*0.749,0.239 
   230  2:neutral 1:negative   +   *0.503,0.245,0.252 
   231  2:neutral  2:neutral       0.124,*0.662,0.214 
   232  2:neutral  2:neutral       0.244,*0.504,0.252 
   233  2:neutral  2:neutral       0.134,*0.66,0.206 
   234  2:neutral  2:neutral       0.021,*0.521,0.459 
   235  2:neutral  2:neutral       0.295,*0.631,0.073 
   236  2:neutral  2:neutral       0.077,*0.577,0.346 
   237  2:neutral 3:positive   +   0.062,0.392,*0.547 
   238  2:neutral  2:neutral       0.331,*0.585,0.084 
   239  2:neutral  2:neutral       0.096,*0.47,0.434 
   240  2:neutral  2:neutral       0.138,*0.617,0.245 
   241  2:neutral 1:negative   +   *0.447,0.42,0.133 
   242  2:neutral  2:neutral       0.048,*0.781,0.171 
   243  2:neutral 3:positive   +   0.036,0.429,*0.535 
   244  2:neutral  2:neutral       0.034,*0.852,0.115 
   245  2:neutral  2:neutral       0.113,*0.729,0.158 
   246  2:neutral 3:positive   +   0.021,0.361,*0.618 
   247  2:neutral  2:neutral       0.023,*0.94,0.037 
   248  2:neutral 3:positive   +   0.074,0.411,*0.515 
   249  2:neutral  2:neutral       0.077,*0.612,0.311 
   250  2:neutral  2:neutral       0.033,*0.78,0.186 
   251  2:neutral  2:neutral       0.083,*0.47,0.448 
   252  2:neutral  2:neutral       0.051,*0.68,0.269 
   253  2:neutral  2:neutral       0.102,*0.75,0.148 
   254  2:neutral  2:neutral       0.177,*0.726,0.097 
   255  2:neutral  2:neutral       0.032,*0.79,0.178 
   256  2:neutral  2:neutral       0.072,*0.653,0.274 
   257  2:neutral  2:neutral       0.076,*0.73,0.194 
   258  2:neutral  2:neutral       0.079,*0.867,0.054 
   259  2:neutral  2:neutral       0.064,*0.549,0.387 
   260  2:neutral  2:neutral       0.112,*0.791,0.098 
   261  2:neutral 3:positive   +   0.029,0.407,*0.563 
   262  2:neutral  2:neutral       0.04,*0.832,0.128 
   263  2:neutral  2:neutral       0.087,*0.728,0.185 
   264  2:neutral  2:neutral       0.043,*0.877,0.079 
   265  2:neutral  2:neutral       0.061,*0.656,0.283 
   266  2:neutral  2:neutral       0.025,*0.792,0.183 
   267  2:neutral 3:positive   +   0.045,0.222,*0.733 
   268  2:neutral  2:neutral       0.193,*0.712,0.096 
   269  2:neutral  2:neutral       0.147,*0.623,0.23 
   270  2:neutral  2:neutral       0.155,*0.556,0.289 
   271  2:neutral 1:negative   +   *0.477,0.38,0.143 
   272  2:neutral 3:positive   +   0.054,0.127,*0.819 
   273  2:neutral  2:neutral       0.234,*0.644,0.122 
   274  2:neutral  2:neutral       0.116,*0.529,0.355 
   275  2:neutral 1:negative   +   *0.635,0.103,0.262 
   276  2:neutral  2:neutral       0.034,*0.894,0.072 
   277  2:neutral  2:neutral       0.026,*0.678,0.296 
   278  2:neutral  2:neutral       0.048,*0.875,0.078 
   279  2:neutral 1:negative   +   *0.636,0.276,0.088 
   280  2:neutral 3:positive   +   0.012,0.32,*0.668 
   281  2:neutral  2:neutral       0.055,*0.772,0.172 
   282  2:neutral  2:neutral       0.032,*0.897,0.071 
   283  2:neutral 1:negative   +   *0.485,0.302,0.213 
   284  2:neutral  2:neutral       0.061,*0.647,0.292 
   285  2:neutral  2:neutral       0.021,*0.942,0.037 
   286  2:neutral  2:neutral       0.034,*0.59,0.376 
   287  2:neutral  2:neutral       0.043,*0.889,0.069 
   288  2:neutral  2:neutral       0.131,*0.757,0.112 
   289  2:neutral  2:neutral       0.104,*0.732,0.165 
   290  2:neutral  2:neutral       0.015,*0.644,0.341 
   291  2:neutral 3:positive   +   0.149,0.372,*0.479 
   292  2:neutral 1:negative   +   *0.531,0.255,0.214 
   293  2:neutral 3:positive   +   0.045,0.336,*0.619 
   294  2:neutral  2:neutral       0.127,*0.592,0.281 
   295  2:neutral  2:neutral       0.295,*0.627,0.077 
   296  2:neutral  2:neutral       0.062,*0.741,0.197 
   297  2:neutral  2:neutral       0.098,*0.474,0.428 
   298  2:neutral  2:neutral       0.048,*0.747,0.205 
   299  2:neutral  2:neutral       0.079,*0.783,0.138 
   300  2:neutral  2:neutral       0.129,*0.819,0.052 
   301  2:neutral  2:neutral       0.057,*0.693,0.25 
   302  2:neutral  2:neutral       0.071,*0.713,0.216 
   303  2:neutral 3:positive   +   0.117,0.33,*0.553 
   304  2:neutral  2:neutral       0.341,*0.409,0.249 
   305  2:neutral  2:neutral       0.022,*0.813,0.165 
   306  2:neutral  2:neutral       0.055,*0.72,0.225 
   307  2:neutral  2:neutral       0.175,*0.688,0.137 
   308  2:neutral  2:neutral       0.018,*0.966,0.016 
   309  2:neutral 3:positive   +   0.073,0.245,*0.682 
   310  2:neutral  2:neutral       0.138,*0.818,0.044 
   311  2:neutral  2:neutral       0.13,*0.574,0.296 
   312  2:neutral  2:neutral       0.081,*0.678,0.24 
   313  2:neutral  2:neutral       0.144,*0.733,0.123 
   314  2:neutral  2:neutral       0.298,*0.547,0.156 
   315  2:neutral  2:neutral       0.019,*0.518,0.463 
   316  2:neutral 3:positive   +   0.058,0.297,*0.645 
   317  2:neutral  2:neutral       0.119,*0.563,0.318 
   318  2:neutral  2:neutral       0.091,*0.808,0.101 
   319  2:neutral  2:neutral       0.178,*0.484,0.339 
   320  2:neutral  2:neutral       0.051,*0.79,0.159 
   321  2:neutral  2:neutral       0.06,*0.83,0.11 
   322  2:neutral  2:neutral       0.115,*0.742,0.143 
   323  2:neutral  2:neutral       0.089,*0.622,0.288 
   324  2:neutral  2:neutral       0.088,*0.811,0.101 
   325  2:neutral  2:neutral       0.038,*0.848,0.114 
   326  2:neutral  2:neutral       0.048,*0.733,0.219 
   327  2:neutral 1:negative   +   *0.99,0.006,0.004 
   328  2:neutral 1:negative   +   *0.578,0.38,0.042 
   329  2:neutral 1:negative   +   *0.715,0.197,0.088 
   330  2:neutral  2:neutral       0.024,*0.875,0.101 
   331  2:neutral 3:positive   +   0.044,0.269,*0.687 
   332  2:neutral  2:neutral       0.083,*0.772,0.145 
   333  2:neutral  2:neutral       0.02,*0.796,0.184 
   334  2:neutral 3:positive   +   0.283,0.265,*0.452 
   335  2:neutral  2:neutral       0.022,*0.579,0.399 
   336  2:neutral  2:neutral       0.07,*0.672,0.259 
   337  2:neutral  2:neutral       0.072,*0.82,0.107 
   338  2:neutral  2:neutral       0.067,*0.597,0.336 
   339  2:neutral  2:neutral       0.107,*0.696,0.197 
   340  2:neutral  2:neutral       0.284,*0.554,0.162 
   341  2:neutral  2:neutral       0.055,*0.73,0.215 
   342  2:neutral 3:positive   +   0.24,0.112,*0.648 
   343  2:neutral  2:neutral       0.207,*0.399,0.393 
   344  2:neutral  2:neutral       0.025,*0.588,0.387 
   345  2:neutral  2:neutral       0.015,*0.803,0.182 
   346  2:neutral  2:neutral       0.043,*0.622,0.335 
   347  2:neutral  2:neutral       0.076,*0.73,0.194 
