Zero Weights processed. Default weights will be used
.
Warning: using -h 0 may be faster
*
optimization finished, #iter = 1432
C = 76.46128879136147
obj = 26759.56451742493, rho = 0.581325147102325
nSV = 2875, nBSV = 2542
Total nSV = 2875
.
Warning: using -h 0 may be faster
*
optimization finished, #iter = 1443
C = 75.01022732360002
obj = 26463.793245915578, rho = -3.488614938087622
nSV = 2858, nBSV = 2553
Total nSV = 2858
.
Warning: using -h 0 may be faster
*
optimization finished, #iter = 1443
C = 79.50293288615067
obj = 28262.351437806585, rho = -3.206929919008758
nSV = 2871, nBSV = 2550
Total nSV = 2871
.
Warning: using -h 0 may be faster
*
optimization finished, #iter = 1459
C = 84.4717344033121
obj = 30532.75647680477, rho = -2.5133473686042875
nSV = 2891, nBSV = 2537
Total nSV = 2891
.
Warning: using -h 0 may be faster
*
optimization finished, #iter = 1388
C = 74.3027403115757
obj = 26241.914311169043, rho = -6.072758059417399
nSV = 2857, nBSV = 2560
Total nSV = 2857
.
Warning: using -h 0 may be faster
*.
Warning: using -h 0 may be faster
*
optimization finished, #iter = 1770
C = 66.38354615849038
obj = 27635.95482969572, rho = 2.649472968131509
nSV = 3540, nBSV = 3227
.
Warning: using -h 0 may be faster
...
Warning: using -h 0 may be faster
*
optimization finished, #iter = 4306
C = 504.2166295758459
obj = 445089.97584317584, rho = -45.12949475243789
nSV = 5164, nBSV = 3456
Total nSV = 5164
.
Warning: using -h 0 may be faster
...
Warning: using -h 0 may be faster
*
optimization finished, #iter = 4328
C = 505.287668209038
obj = 446269.8475591463, rho = -52.82806381030223
nSV = 5120, nBSV = 3426
Total nSV = 5120
.
Warning: using -h 0 may be faster
...
Warning: using -h 0 may be faster
*
optimization finished, #iter = 4474
C = 524.0992910311263
obj = 459585.6793143303, rho = -38.13604617674
nSV = 5203, nBSV = 3392
Total nSV = 5203
.
Warning: using -h 0 may be faster
...
Warning: using -h 0 may be faster
*
optimization finished, #iter = 4362
C = 533.6378316185878
obj = 476162.99784985406, rho = -45.04626259869208
nSV = 5184, nBSV = 3414
Total nSV = 5184
.
Warning: using -h 0 may be faster
...
Warning: using -h 0 may be faster
*
optimization finished, #iter = 4405
C = 545.6546476146684
obj = 488065.30658278917, rho = -34.69921148478807
nSV = 5175, nBSV = 3422
Total nSV = 5175
.
Warning: using -h 0 may be faster
....
Warning: using -h 0 may be faster
*
optimization finished, #iter = 5450
C = 490.744026827885
obj = 495782.4200794729, rho = 27.860311260295468
nSV = 6351, nBSV = 4355
.
Warning: using -h 0 may be faster
*
optimization finished, #iter = 1190
C = 15.784390552609905
obj = 2557.6657617708447, rho = 0.5141016863453929
nSV = 3202, nBSV = 3074
Total nSV = 3202
.
Warning: using -h 0 may be faster
*
optimization finished, #iter = 1184
C = 0.0
obj = 0.0, rho = NaN
nSV = 0, nBSV = 0
Total nSV = 0
.
Warning: using -h 0 may be faster
*
optimization finished, #iter = 1166
C = 13.307568591268256
obj = 1935.374902048255, rho = -0.6107332709850203
nSV = 3204, nBSV = 3075
Total nSV = 3204
.
Warning: using -h 0 may be faster
*
optimization finished, #iter = 1150
C = 11.90087949672675
obj = 1571.8448318651815, rho = -1.0846431980106097
nSV = 3207, nBSV = 3063
Total nSV = 3207
.
Warning: using -h 0 may be faster
*
optimization finished, #iter = 1146
C = 10.677311093288626
obj = 1431.7547803526168, rho = -0.4534077234964198
nSV = 3186, nBSV = 3081
Total nSV = 3186
Line search fails in two-class probability estimates
.
Warning: using -h 0 may be faster
*
optimization finished, #iter = 1397
C = 9.7439988239239
obj = 1569.1882857901014, rho = 0.6612270674590348
nSV = 3982, nBSV = 3857
Total nSV = 9318
.
Warning: using -h 0 may be faster
*
optimization finished, #iter = 1140
C = 82.29992510647908
obj = 24562.281489964815, rho = 4.084378818277128
nSV = 2322, nBSV = 2027
Total nSV = 2322
.
Warning: using -h 0 may be faster
*
optimization finished, #iter = 1225
C = 101.43336516879738
obj = 32556.86632289907, rho = 2.5867966245811913
nSV = 2344, nBSV = 1999
Total nSV = 2344
.
Warning: using -h 0 may be faster
*
optimization finished, #iter = 1167
C = 86.40351141807163
obj = 26625.150747620508, rho = 5.841700571823799
nSV = 2325, nBSV = 2001
Total nSV = 2325
.
Warning: using -h 0 may be faster
*
optimization finished, #iter = 1162
C = 94.54047887096141
obj = 29447.046909812718, rho = 5.632144814451348
nSV = 2320, nBSV = 1999
Total nSV = 2320
.
Warning: using -h 0 may be faster
*
optimization finished, #iter = 1167
C = 91.03791219029446
obj = 28293.19605652419, rho = 0.25198875230490625
nSV = 2317, nBSV = 2008
Total nSV = 2317
.
Warning: using -h 0 may be faster
*
optimization finished, #iter = 1402
C = 78.7254803870653
obj = 28645.89038958383, rho = 4.0025953045388025
nSV = 2872, nBSV = 2536
.
Warning: using -h 0 may be faster
..
Warning: using -h 0 may be faster
*
optimization finished, #iter = 3462
C = 542.3639034119004
obj = 422498.824957323, rho = -39.547974598443815
nSV = 4232, nBSV = 2662
Total nSV = 4232
.
Warning: using -h 0 may be faster
..
Warning: using -h 0 may be faster
*
optimization finished, #iter = 3401
C = 540.635495898137
obj = 416327.972815207, rho = -50.30255376787401
nSV = 4201, nBSV = 2706
Total nSV = 4201
.
Warning: using -h 0 may be faster
..
Warning: using -h 0 may be faster
*
optimization finished, #iter = 3554
C = 518.5460226431098
obj = 386634.16243230144, rho = -46.43677333911884
nSV = 4227, nBSV = 2690
Total nSV = 4227
.
Warning: using -h 0 may be faster
..
Warning: using -h 0 may be faster
*
optimization finished, #iter = 3477
C = 560.6772766190298
obj = 435038.2420814104, rho = -56.43978313624549
nSV = 4224, nBSV = 2678
Total nSV = 4224
...
Warning: using -h 0 may be faster
*
optimization finished, #iter = 3477
C = 560.7420174415546
obj = 430430.1237202029, rho = -58.89523162427731
nSV = 4216, nBSV = 2677
Total nSV = 4216
.
Warning: using -h 0 may be faster
...
Warning: using -h 0 may be faster
*
optimization finished, #iter = 4296
C = 511.80033211196985
obj = 451179.921391852, rho = 30.994861576395156
nSV = 5183, nBSV = 3387
*
optimization finished, #iter = 995
C = 20.100820307598436
obj = 2987.347320975886, rho = 0.5573513180246658
nSV = 2572, nBSV = 2445
Total nSV = 2572
*
optimization finished, #iter = 982
C = 24.360427602805157
obj = 3937.960533820007, rho = -0.4076851350733721
nSV = 2588, nBSV = 2431
Total nSV = 2588
*
optimization finished, #iter = 879
C = 0.0
obj = 0.0, rho = NaN
nSV = 0, nBSV = 0
Total nSV = 0
*
optimization finished, #iter = 962
C = 22.277303889045893
obj = 3376.899638451182, rho = -0.6068357572315565
nSV = 2574, nBSV = 2447
Total nSV = 2574
*
optimization finished, #iter = 975
C = 22.58190362603829
obj = 3398.5515607460143, rho = -1.4871690727754863
nSV = 2585, nBSV = 2428
Total nSV = 2585
Line search fails in two-class probability estimates
.
Warning: using -h 0 may be faster
*
optimization finished, #iter = 1212
C = 13.806379552345062
obj = 2112.417084987655, rho = 0.6805970678780601
nSV = 3201, nBSV = 3072
Total nSV = 7525
.
Warning: using -h 0 may be faster
*
optimization finished, #iter = 1126
C = 83.36064892016513
obj = 24616.130977878798, rho = 1.4859686040353959
nSV = 2315, nBSV = 2019
Total nSV = 2315
.
Warning: using -h 0 may be faster
*
optimization finished, #iter = 1144
C = 94.2383766338452
obj = 28787.83066284484, rho = 2.7754331900731217
nSV = 2316, nBSV = 2031
Total nSV = 2316
.
Warning: using -h 0 may be faster
*
optimization finished, #iter = 1136
C = 76.22164979829667
obj = 21329.27200141675, rho = 1.8653733199915434
nSV = 2316, nBSV = 2040
Total nSV = 2316
.
Warning: using -h 0 may be faster
*
optimization finished, #iter = 1176
C = 96.64628384869374
obj = 30282.940150915012, rho = 2.5016643943069914
nSV = 2319, nBSV = 2003
Total nSV = 2319
.
Warning: using -h 0 may be faster
*
optimization finished, #iter = 1180
C = 95.30597726699622
obj = 29699.317365780447, rho = 1.7519940843327437
nSV = 2331, nBSV = 2009
Total nSV = 2331
.
Warning: using -h 0 may be faster
*
optimization finished, #iter = 1398
C = 76.10283003297656
obj = 26568.986615824142, rho = 2.4126294280340046
nSV = 2873, nBSV = 2558
.
Warning: using -h 0 may be faster
..
Warning: using -h 0 may be faster
*
optimization finished, #iter = 3676
C = 533.7791791807175
obj = 400903.72978064645, rho = 16.274917530788237
nSV = 4246, nBSV = 2636
Total nSV = 4246
...
Warning: using -h 0 may be faster
*
optimization finished, #iter = 3644
C = 577.7903623607092
obj = 449065.4054007868, rho = -43.64300503823424
nSV = 4244, nBSV = 2643
Total nSV = 4244
.
Warning: using -h 0 may be faster
..
Warning: using -h 0 may be faster
*
optimization finished, #iter = 3438
C = 556.4838498203105
obj = 438266.4141964669, rho = -48.67482404478114
nSV = 4223, nBSV = 2657
Total nSV = 4223
.
Warning: using -h 0 may be faster
..
Warning: using -h 0 may be faster
*
optimization finished, #iter = 3574
C = 548.1888792829957
obj = 435936.71789741894, rho = -44.730576889627464
nSV = 4220, nBSV = 2648
Total nSV = 4220
.
Warning: using -h 0 may be faster
..
Warning: using -h 0 may be faster
*
optimization finished, #iter = 3436
C = 520.5171765419271
obj = 401856.17657611, rho = -43.68572097187993
nSV = 4189, nBSV = 2680
Total nSV = 4189
.
Warning: using -h 0 may be faster
...
Warning: using -h 0 may be faster
*
optimization finished, #iter = 4086
C = 515.2624862838138
obj = 460968.4345092409, rho = 21.553032608669064
nSV = 5143, nBSV = 3443
*
optimization finished, #iter = 954
C = 0.0
obj = 0.0, rho = NaN
nSV = 0, nBSV = 0
Total nSV = 0
.*
optimization finished, #iter = 1037
C = 27.84712125798207
obj = 4614.155832716646, rho = -3.0792640693065976
nSV = 2597, nBSV = 2418
Total nSV = 2597
*
optimization finished, #iter = 916
C = 12.255746877474154
obj = 1318.1768597603393, rho = -0.8232485724277645
nSV = 2556, nBSV = 2456
Total nSV = 2556
*
optimization finished, #iter = 984
C = 17.295815625058676
obj = 2342.5571779150705, rho = -1.8523082000948685
nSV = 2570, nBSV = 2446
Total nSV = 2570
*
optimization finished, #iter = 908
C = 0.0
obj = 0.0, rho = NaN
nSV = 0, nBSV = 0
Total nSV = 0
Line search fails in two-class probability estimates
.
Warning: using -h 0 may be faster
*
optimization finished, #iter = 1164
C = 10.539356216983489
obj = 1380.2223058453221, rho = 1.127771357036289
nSV = 3192, nBSV = 3082
Total nSV = 7523
.
Warning: using -h 0 may be faster
..
Warning: using -h 0 may be faster
*
optimization finished, #iter = 3711
C = 588.0440109091791
obj = 457011.7191175248, rho = -50.24057520991402
nSV = 4255, nBSV = 2614
Total nSV = 4255
...
Warning: using -h 0 may be faster
*
optimization finished, #iter = 3530
C = 595.8144813911631
obj = 467827.42952703434, rho = 26.437399412311706
nSV = 4232, nBSV = 2620
Total nSV = 4232
...
Warning: using -h 0 may be faster
*
optimization finished, #iter = 3753
C = 574.2699358287432
obj = 450770.34054673393, rho = 33.81763615116254
nSV = 4243, nBSV = 2618
Total nSV = 4243
.
Warning: using -h 0 may be faster
..
Warning: using -h 0 may be faster
*
optimization finished, #iter = 3618
C = 598.5802296288359
obj = 464374.09449857596, rho = 20.505853797376407
nSV = 4246, nBSV = 2628
Total nSV = 4246
.
Warning: using -h 0 may be faster
..
Warning: using -h 0 may be faster
*
optimization finished, #iter = 3567
C = 550.8614524794174
obj = 420533.6186324744, rho = 28.71225352977473
nSV = 4212, nBSV = 2652
Total nSV = 4212
.
Warning: using -h 0 may be faster
...
Warning: using -h 0 may be faster
*.
Warning: using -h 0 may be faster
*
optimization finished, #iter = 4423
C = 550.7717239674063
obj = 492618.8886555985, rho = -50.46398687980099
nSV = 5218, nBSV = 3393
*
optimization finished, #iter = 965
C = 17.47039615576681
obj = 2089.2463370838664, rho = -0.887521205875369
nSV = 2580, nBSV = 2434
Total nSV = 2580
*
optimization finished, #iter = 980
C = 19.13399072094337
obj = 2324.7249303002127, rho = -0.9677835104917418
nSV = 2591, nBSV = 2432
Total nSV = 2591
.*
optimization finished, #iter = 1004
C = 25.028649894790657
obj = 3463.52385638496, rho = -1.3827289660950324
nSV = 2608, nBSV = 2415
Total nSV = 2608
*
optimization finished, #iter = 996
C = 25.95095332816841
obj = 4026.5209687687575, rho = -1.3544734353940917
nSV = 2591, nBSV = 2434
Total nSV = 2591
*
optimization finished, #iter = 920
C = 0.0
obj = 0.0, rho = NaN
nSV = 0, nBSV = 0
Total nSV = 0
Line search fails in two-class probability estimates
.
Warning: using -h 0 may be faster
*
optimization finished, #iter = 1215
C = 16.02516477202343
obj = 2321.922853603369, rho = -0.966059130782351
nSV = 3220, nBSV = 3050
.
Warning: using -h 0 may be faster
*
optimization finished, #iter = 1229
C = 94.09223102875318
obj = 29646.40192339681, rho = -3.6457983519570325
nSV = 2335, nBSV = 2002
Total nSV = 2335
.
Warning: using -h 0 may be faster
*
optimization finished, #iter = 1181
C = 99.60276711837037
obj = 31579.646914757184, rho = 2.1914997609969262
nSV = 2341, nBSV = 2009
Total nSV = 2341
.
Warning: using -h 0 may be faster
*
optimization finished, #iter = 1125
C = 86.16612800297642
obj = 25928.39288635104, rho = 3.633620850308335
nSV = 2310, nBSV = 2032
Total nSV = 2310
.
Warning: using -h 0 may be faster
*
optimization finished, #iter = 1229
C = 98.8438477477578
obj = 30805.28797278069, rho = 0.9073006465660818
nSV = 2344, nBSV = 1994
Total nSV = 2344
.
Warning: using -h 0 may be faster
*
optimization finished, #iter = 1157
C = 100.4811798351582
obj = 32332.201148506836, rho = 1.3394742958427945
nSV = 2336, nBSV = 2015
Total nSV = 2336
.
Warning: using -h 0 may be faster
*
optimization finished, #iter = 1439
C = 82.31474381233585
obj = 30064.677175004614, rho = 1.966550383620473
nSV = 2881, nBSV = 2551
Total nSV = 7575
.
Warning: using -h 0 may be faster
*
optimization finished, #iter = 1173
C = 97.8087063072624
obj = 30343.898071377957, rho = -3.2844017875608045
nSV = 2334, nBSV = 2000
Total nSV = 2334
.
Warning: using -h 0 may be faster
*
optimization finished, #iter = 1182
C = 93.08736167276992
obj = 28137.94086843862, rho = 2.6757471061561784
nSV = 2325, nBSV = 2006
Total nSV = 2325
.
Warning: using -h 0 may be faster
*
optimization finished, #iter = 1237
C = 101.84044961725891
obj = 31987.288202081312, rho = 0.6306237887955577
nSV = 2345, nBSV = 2002
Total nSV = 2345
.
Warning: using -h 0 may be faster
*
optimization finished, #iter = 1247
C = 105.40536706877032
obj = 33684.72055792224, rho = 4.322888980634894
nSV = 2349, nBSV = 1981
Total nSV = 2349
.
Warning: using -h 0 may be faster
*
optimization finished, #iter = 1164
C = 84.76698110297879
obj = 25030.758526443362, rho = 3.2933270537476687
nSV = 2320, nBSV = 2017
Total nSV = 2320
.
Warning: using -h 0 may be faster
*
optimization finished, #iter = 1461
C = 82.91815813924339
obj = 29808.698634717755, rho = -3.431609847257552
nSV = 2877, nBSV = 2530
.*
optimization finished, #iter = 1000
C = 27.340461938746213
obj = 4449.24810785393, rho = -0.8352923145539901
nSV = 2600, nBSV = 2422
Total nSV = 2600
*
optimization finished, #iter = 923
C = 11.115175706201372
obj = 1135.108228022636, rho = -0.4476539970618557
nSV = 2560, nBSV = 2452
Total nSV = 2560
*
optimization finished, #iter = 907
C = 0.0
obj = 0.0, rho = NaN
nSV = 0, nBSV = 0
Total nSV = 0
*
optimization finished, #iter = 951
C = 10.265241548026422
obj = 968.4210403274932, rho = -0.4412788561278207
nSV = 2568, nBSV = 2452
Total nSV = 2568
*
optimization finished, #iter = 946
C = 0.0
obj = 0.0, rho = NaN
nSV = 0, nBSV = 0
Total nSV = 0
Line search fails in two-class probability estimates
.
Warning: using -h 0 may be faster
*
optimization finished, #iter = 1145
C = 11.64626610210453
obj = 1565.843531842914, rho = 0.5142960646830584
nSV = 3202, nBSV = 3075
...
Warning: using -h 0 may be faster
*
optimization finished, #iter = 3521
C = 526.0994662721546
obj = 400307.9569924755, rho = -38.42868131939187
nSV = 4212, nBSV = 2654
Total nSV = 4212
.
Warning: using -h 0 may be faster
..
Warning: using -h 0 may be faster
*
optimization finished, #iter = 3612
C = 543.1840326656428
obj = 413903.8864171606, rho = 29.879207373519044
nSV = 4201, nBSV = 2670
Total nSV = 4201
...
Warning: using -h 0 may be faster
*
optimization finished, #iter = 3396
C = 552.9625991540967
obj = 432094.50901995884, rho = 24.41095096703657
nSV = 4191, nBSV = 2676
Total nSV = 4191
...
Warning: using -h 0 may be faster
*
optimization finished, #iter = 3561
C = 532.6542392121677
obj = 411870.6724327958, rho = 22.931596634533403
nSV = 4175, nBSV = 2700
Total nSV = 4175
...
Warning: using -h 0 may be faster
*
optimization finished, #iter = 3612
C = 520.0037858022971
obj = 389728.43588770146, rho = 12.94864150457522
nSV = 4217, nBSV = 2680
Total nSV = 4217
.
Warning: using -h 0 may be faster
...
Warning: using -h 0 may be faster
*
optimization finished, #iter = 4215
C = 501.9529644765291
obj = 442071.50025182567, rho = 26.436253428147463
nSV = 5132, nBSV = 3417
Total nSV = 7485
*
optimization finished, #iter = 910
C = 0.0
obj = 0.0, rho = NaN
nSV = 0, nBSV = 0
Total nSV = 0
*
optimization finished, #iter = 923
C = 0.0
obj = 0.0, rho = NaN
nSV = 0, nBSV = 0
Total nSV = 0
*
optimization finished, #iter = 939
C = 13.130099546487992
obj = 1697.852453696378, rho = -0.40509985184698005
nSV = 2561, nBSV = 2456
Total nSV = 2561
*
optimization finished, #iter = 968
C = 12.699588958896413
obj = 1633.4721355975357, rho = -0.21297019556236813
nSV = 2572, nBSV = 2448
Total nSV = 2572
*
optimization finished, #iter = 970
C = 13.630061796872612
obj = 1692.665456329482, rho = -0.1585951131108104
nSV = 2565, nBSV = 2448
Total nSV = 2565
Line search fails in two-class probability estimates
.
Warning: using -h 0 may be faster
*
optimization finished, #iter = 1138
C = 9.374188858248184
obj = 1249.9595844732896, rho = 0.11733726024592603
nSV = 3183, nBSV = 3089
.
Warning: using -h 0 may be faster
*
optimization finished, #iter = 1107
C = 71.27594584276054
obj = 20116.57952859129, rho = 2.0159224037085584
nSV = 2300, nBSV = 2043
Total nSV = 2300
.
Warning: using -h 0 may be faster
*
optimization finished, #iter = 1166
C = 87.55774296785478
obj = 25768.659437220394, rho = 2.3515855922418853
nSV = 2319, nBSV = 2008
Total nSV = 2319
.
Warning: using -h 0 may be faster
*
optimization finished, #iter = 1081
C = 71.98185599868488
obj = 19946.929490138282, rho = 1.7435191430351185
nSV = 2298, nBSV = 2038
Total nSV = 2298
.
Warning: using -h 0 may be faster
*
optimization finished, #iter = 1110
C = 87.16053707693936
obj = 25974.57067237361, rho = 1.8833575561185012
nSV = 2310, nBSV = 2034
Total nSV = 2310
.
Warning: using -h 0 may be faster
*
optimization finished, #iter = 1177
C = 94.5579541834716
obj = 28782.74934901318, rho = 2.2126799228144085
nSV = 2314, nBSV = 2018
Total nSV = 2314
.
Warning: using -h 0 may be faster
*
optimization finished, #iter = 1368
C = 69.91565586029287
obj = 23699.902746914682, rho = -2.357036843250091
nSV = 2867, nBSV = 2565
...
Warning: using -h 0 may be faster
*
optimization finished, #iter = 3548
C = 593.6669784572049
obj = 456322.2833614132, rho = -30.32951273479172
nSV = 4252, nBSV = 2659
Total nSV = 4252
...
Warning: using -h 0 may be faster
*
optimization finished, #iter = 3513
C = 581.409632404982
obj = 455760.85047983535, rho = 17.100675837412805
nSV = 4261, nBSV = 2624
Total nSV = 4261
...
Warning: using -h 0 may be faster
*
optimization finished, #iter = 3404
C = 510.03868911749805
obj = 388339.4680408684, rho = 10.43840371852526
nSV = 4162, nBSV = 2690
Total nSV = 4162
...
Warning: using -h 0 may be faster
*
optimization finished, #iter = 3342
C = 545.8153832654953
obj = 424923.00865276624, rho = 19.454896396934192
nSV = 4165, nBSV = 2679
Total nSV = 4165
.
Warning: using -h 0 may be faster
..
Warning: using -h 0 may be faster
*
optimization finished, #iter = 3483
C = 627.4410591661657
obj = 497903.70052939316, rho = 10.621297971608463
nSV = 4229, nBSV = 2643
Total nSV = 4229
.
Warning: using -h 0 may be faster
...
Warning: using -h 0 may be faster
*
optimization finished, #iter = 4292
C = 542.9372747092648
obj = 485257.47881862154, rho = -36.184229851573114
nSV = 5218, nBSV = 3398
Total nSV = 7599


=== Predictions under cross-validation ===

 inst#     actual  predicted error distribution
     1  2:neutral  2:neutral       0.187,*0.605,0.208 
     2  2:neutral  2:neutral       0.144,*0.74,0.116 
     3  2:neutral 3:positive   +   0.064,0.253,*0.683 
     4  2:neutral  2:neutral       0.093,*0.503,0.404 
     5  2:neutral  2:neutral       0.131,*0.67,0.199 
     6  2:neutral  2:neutral       0.241,*0.703,0.056 
     7  2:neutral  2:neutral       0.123,*0.507,0.37 
     8  2:neutral  2:neutral       0.154,*0.716,0.13 
     9  2:neutral  2:neutral       0.135,*0.635,0.23 
    10  2:neutral  2:neutral       0.236,*0.649,0.115 
    11  2:neutral 3:positive   +   0.104,0.217,*0.679 
    12  2:neutral  2:neutral       0.113,*0.64,0.247 
    13  2:neutral  2:neutral       0.184,*0.689,0.127 
    14  2:neutral  2:neutral       0.102,*0.596,0.302 
    15  2:neutral  2:neutral       0.216,*0.548,0.236 
    16  2:neutral  2:neutral       0.093,*0.622,0.285 
    17  2:neutral  2:neutral       0.173,*0.452,0.375 
    18  2:neutral  2:neutral       0.219,*0.505,0.276 
    19  2:neutral  2:neutral       0.175,*0.703,0.122 
    20  2:neutral  2:neutral       0.167,*0.746,0.087 
    21  2:neutral  2:neutral       0.311,*0.481,0.209 
    22  2:neutral  2:neutral       0.136,*0.494,0.37 
    23  2:neutral  2:neutral       0.137,*0.684,0.178 
    24  2:neutral  2:neutral       0.135,*0.757,0.108 
    25  2:neutral  2:neutral       0.139,*0.637,0.225 
    26  2:neutral 3:positive   +   0.135,0.407,*0.457 
    27  2:neutral  2:neutral       0.13,*0.762,0.108 
    28  2:neutral  2:neutral       0.249,*0.671,0.08 
    29  2:neutral  2:neutral       0.075,*0.508,0.417 
    30  2:neutral  2:neutral       0.087,*0.501,0.413 
    31  2:neutral  2:neutral       0.242,*0.703,0.054 
    32  2:neutral  2:neutral       0.245,*0.704,0.051 
    33  2:neutral  2:neutral       0.125,*0.743,0.133 
    34  2:neutral  2:neutral       0.141,*0.704,0.156 
    35  2:neutral  2:neutral       0.196,*0.709,0.095 
    36  2:neutral  2:neutral       0.1,*0.544,0.356 
    37  2:neutral  2:neutral       0.208,*0.587,0.205 
    38  2:neutral  2:neutral       0.148,*0.633,0.219 
    39  2:neutral  2:neutral       0.137,*0.734,0.13 
    40  2:neutral  2:neutral       0.12,*0.682,0.197 
    41  2:neutral  2:neutral       0.168,*0.692,0.141 
    42  2:neutral  2:neutral       0.139,*0.703,0.158 
    43  2:neutral 3:positive   +   0.058,0.098,*0.843 
    44  2:neutral  2:neutral       0.129,*0.606,0.265 
    45  2:neutral  2:neutral       0.124,*0.731,0.145 
    46  2:neutral  2:neutral       0.116,*0.719,0.165 
    47  2:neutral  2:neutral       0.174,*0.574,0.252 
    48  2:neutral 3:positive   +   0.032,0.099,*0.869 
    49  2:neutral  2:neutral       0.169,*0.718,0.113 
    50  2:neutral  2:neutral       0.136,*0.679,0.184 
    51  2:neutral  2:neutral       0.136,*0.73,0.134 
    52  2:neutral  2:neutral       0.215,*0.593,0.192 
    53  2:neutral  2:neutral       0.215,*0.417,0.369 
    54  2:neutral  2:neutral       0.112,*0.482,0.406 
    55  2:neutral  2:neutral       0.153,*0.694,0.153 
    56  2:neutral  2:neutral       0.14,*0.773,0.087 
    57  2:neutral  2:neutral       0.159,*0.64,0.201 
    58  2:neutral  2:neutral       0.134,*0.625,0.241 
    59  2:neutral  2:neutral       0.15,*0.558,0.292 
    60  2:neutral  2:neutral       0.242,*0.587,0.171 
    61  2:neutral  2:neutral       0.182,*0.673,0.146 
    62  2:neutral  2:neutral       0.132,*0.654,0.215 
    63  2:neutral  2:neutral       0.109,*0.674,0.217 
    64  2:neutral  2:neutral       0.191,*0.494,0.316 
    65  2:neutral  2:neutral       0.176,*0.69,0.134 
    66  2:neutral 3:positive   +   0.064,0.382,*0.554 
    67  2:neutral  2:neutral       0.079,*0.475,0.446 
    68  2:neutral  2:neutral       0.2,*0.572,0.229 
    69  2:neutral 3:positive   +   0.066,0.277,*0.657 
    70  2:neutral 3:positive   +   0.065,0.348,*0.587 
    71  2:neutral  2:neutral       0.165,*0.679,0.156 
    72  2:neutral 3:positive   +   0.053,0.152,*0.795 
    73  2:neutral  2:neutral       0.181,*0.546,0.273 
    74  2:neutral  2:neutral       0.155,*0.445,0.4 
    75  2:neutral  2:neutral       0.12,*0.704,0.176 
    76  2:neutral  2:neutral       0.178,*0.5,0.322 
    77  2:neutral  2:neutral       0.176,*0.558,0.265 
    78  2:neutral  2:neutral       0.134,*0.708,0.159 
    79  2:neutral  2:neutral       0.169,*0.712,0.118 
    80  2:neutral  2:neutral       0.16,*0.725,0.114 
    81  2:neutral  2:neutral       0.232,*0.498,0.269 
    82  2:neutral  2:neutral       0.179,*0.748,0.073 
    83  2:neutral 3:positive   +   0.292,0.202,*0.506 
    84  2:neutral 3:positive   +   0.053,0.221,*0.727 
    85  2:neutral  2:neutral       0.153,*0.528,0.319 
    86  2:neutral  2:neutral       0.151,*0.723,0.126 
    87  2:neutral  2:neutral       0.084,*0.574,0.342 
    88  2:neutral  2:neutral       0.113,*0.684,0.203 
    89  2:neutral  2:neutral       0.217,*0.516,0.266 
    90  2:neutral  2:neutral       0.147,*0.713,0.14 
    91  2:neutral  2:neutral       0.121,*0.592,0.287 
    92  2:neutral  2:neutral       0.166,*0.634,0.2 
    93  2:neutral  2:neutral       0.134,*0.661,0.204 
    94  2:neutral  2:neutral       0.1,*0.492,0.407 
    95  2:neutral 3:positive   +   0.104,0.402,*0.493 
    96  2:neutral  2:neutral       0.221,*0.671,0.108 
    97  2:neutral  2:neutral       0.131,*0.662,0.208 
    98  2:neutral 3:positive   +   0.105,0.334,*0.561 
    99  2:neutral  2:neutral       0.129,*0.706,0.165 
   100  2:neutral  2:neutral       0.168,*0.653,0.179 
   101  2:neutral  2:neutral       0.245,*0.487,0.268 
   102  2:neutral 3:positive   +   0.056,0.187,*0.757 
   103  2:neutral  2:neutral       0.129,*0.685,0.186 
   104  2:neutral  2:neutral       0.135,*0.581,0.285 
   105  2:neutral  2:neutral       0.129,*0.642,0.229 
   106  2:neutral 3:positive   +   0.203,0.203,*0.594 
   107  2:neutral  2:neutral       0.137,*0.658,0.205 
   108  2:neutral  2:neutral       0.106,*0.709,0.186 
   109  2:neutral  2:neutral       0.131,*0.735,0.134 
   110  2:neutral  2:neutral       0.178,*0.654,0.168 
   111  2:neutral  2:neutral       0.113,*0.52,0.366 
   112  2:neutral  2:neutral       0.129,*0.762,0.109 
   113  2:neutral  2:neutral       0.088,*0.516,0.396 
   114  2:neutral 3:positive   +   0.166,0.26,*0.574 
   115  2:neutral  2:neutral       0.124,*0.641,0.236 
   116  2:neutral  2:neutral       0.245,*0.65,0.105 
   117  2:neutral  2:neutral       0.154,*0.767,0.079 
   118  2:neutral  2:neutral       0.133,*0.566,0.301 
   119  2:neutral  2:neutral       0.115,*0.699,0.185 
   120  2:neutral 3:positive   +   0.116,0.237,*0.647 
   121  2:neutral  2:neutral       0.103,*0.543,0.354 
   122  2:neutral 3:positive   +   0.158,0.301,*0.541 
   123  2:neutral  2:neutral       0.166,*0.731,0.103 
   124  2:neutral  2:neutral       0.141,*0.669,0.189 
   125  2:neutral  2:neutral       0.227,*0.598,0.174 
   126  2:neutral  2:neutral       0.146,*0.527,0.327 
   127  2:neutral  2:neutral       0.134,*0.715,0.151 
   128  2:neutral 3:positive   +   0.066,0.318,*0.616 
   129  2:neutral  2:neutral       0.156,*0.691,0.153 
   130  2:neutral  2:neutral       0.118,*0.637,0.245 
   131  2:neutral  2:neutral       0.142,*0.46,0.398 
   132  2:neutral  2:neutral       0.135,*0.682,0.184 
   133  2:neutral  2:neutral       0.118,*0.745,0.137 
   134  2:neutral  2:neutral       0.159,*0.662,0.179 
   135  2:neutral  2:neutral       0.103,*0.661,0.236 
   136  2:neutral  2:neutral       0.118,*0.71,0.171 
   137  2:neutral  2:neutral       0.128,*0.693,0.179 
   138  2:neutral 3:positive   +   0.07,0.203,*0.727 
   139  2:neutral  2:neutral       0.14,*0.487,0.373 
   140  2:neutral  2:neutral       0.214,*0.631,0.155 
   141  2:neutral  2:neutral       0.105,*0.61,0.285 
   142  2:neutral  2:neutral       0.145,*0.706,0.15 
   143  2:neutral 3:positive   +   0.144,0.417,*0.44 
   144  2:neutral  2:neutral       0.174,*0.665,0.161 
   145  2:neutral  2:neutral       0.285,*0.461,0.254 
   146  2:neutral  2:neutral       0.148,*0.717,0.134 
   147  2:neutral  2:neutral       0.126,*0.702,0.171 
   148  2:neutral  2:neutral       0.14,*0.742,0.118 
   149  2:neutral 3:positive   +   0.146,0.229,*0.625 
   150  2:neutral  2:neutral       0.139,*0.708,0.153 
   151  2:neutral  2:neutral       0.146,*0.692,0.162 
   152  2:neutral  2:neutral       0.207,*0.709,0.085 
   153  2:neutral  2:neutral       0.125,*0.758,0.117 
   154  2:neutral  2:neutral       0.201,*0.631,0.168 
   155  2:neutral 3:positive   +   0.123,0.251,*0.625 
   156  2:neutral  2:neutral       0.104,*0.555,0.341 
   157  2:neutral  2:neutral       0.103,*0.589,0.308 
   158  2:neutral  2:neutral       0.119,*0.72,0.162 
   159  2:neutral  2:neutral       0.24,*0.683,0.077 
   160  2:neutral  2:neutral       0.11,*0.642,0.248 
   161  2:neutral  2:neutral       0.182,*0.506,0.312 
   162  2:neutral  2:neutral       0.132,*0.737,0.131 
   163  2:neutral  2:neutral       0.085,*0.508,0.407 
   164  2:neutral  2:neutral       0.228,*0.604,0.168 
   165  2:neutral  2:neutral       0.189,*0.662,0.148 
   166  2:neutral  2:neutral       0.135,*0.663,0.202 
   167  2:neutral  2:neutral       0.114,*0.68,0.206 
   168  2:neutral  2:neutral       0.115,*0.663,0.222 
   169  2:neutral  2:neutral       0.139,*0.585,0.277 
   170  2:neutral  2:neutral       0.177,*0.68,0.143 
   171  2:neutral  2:neutral       0.112,*0.552,0.336 
   172  2:neutral  2:neutral       0.231,*0.586,0.183 
   173  2:neutral  2:neutral       0.252,*0.645,0.103 
   174  2:neutral  2:neutral       0.142,*0.495,0.363 
   175  2:neutral  2:neutral       0.114,*0.561,0.325 
   176  2:neutral 3:positive   +   0.116,0.389,*0.496 
   177  2:neutral  2:neutral       0.152,*0.683,0.165 
   178  2:neutral  2:neutral       0.19,*0.596,0.214 
   179  2:neutral  2:neutral       0.141,*0.705,0.154 
   180  2:neutral  2:neutral       0.109,*0.571,0.321 
   181  2:neutral  2:neutral       0.186,*0.716,0.098 
   182  2:neutral  2:neutral       0.242,*0.665,0.093 
   183  2:neutral  2:neutral       0.131,*0.649,0.22 
   184  2:neutral 3:positive   +   0.152,0.305,*0.543 
   185  2:neutral  2:neutral       0.153,*0.549,0.298 
   186  2:neutral  2:neutral       0.11,*0.658,0.232 
   187  2:neutral  2:neutral       0.117,*0.49,0.394 
   188  2:neutral  2:neutral       0.174,*0.502,0.324 
   189  2:neutral  2:neutral       0.188,*0.681,0.131 
   190  2:neutral  2:neutral       0.205,*0.669,0.126 
   191  2:neutral  2:neutral       0.19,*0.694,0.115 
   192  2:neutral  2:neutral       0.142,*0.717,0.142 
   193  2:neutral 3:positive   +   0.063,0.438,*0.5 
   194  2:neutral  2:neutral       0.15,*0.722,0.128 
   195  2:neutral  2:neutral       0.111,*0.569,0.32 
   196  2:neutral  2:neutral       0.241,*0.611,0.148 
   197  2:neutral  2:neutral       0.102,*0.603,0.294 
   198  2:neutral  2:neutral       0.199,*0.611,0.19 
   199  2:neutral 3:positive   +   0.062,0.215,*0.723 
   200  2:neutral  2:neutral       0.128,*0.652,0.22 
   201  2:neutral  2:neutral       0.145,*0.689,0.165 
   202  2:neutral  2:neutral       0.172,*0.604,0.224 
   203  2:neutral 3:positive   +   0.149,0.399,*0.452 
   204  2:neutral  2:neutral       0.139,*0.767,0.094 
   205  2:neutral  2:neutral       0.091,*0.574,0.335 
   206  2:neutral  2:neutral       0.127,*0.599,0.274 
   207  2:neutral  2:neutral       0.093,*0.509,0.397 
   208  2:neutral  2:neutral       0.144,*0.715,0.141 
   209  2:neutral  2:neutral       0.135,*0.75,0.115 
   210  2:neutral  2:neutral       0.227,*0.414,0.358 
   211  2:neutral  2:neutral       0.088,*0.592,0.32 
   212  2:neutral  2:neutral       0.172,*0.683,0.146 
   213  2:neutral  2:neutral       0.171,*0.648,0.181 
   214  2:neutral  2:neutral       0.138,*0.682,0.18 
   215  2:neutral  2:neutral       0.242,*0.607,0.151 
   216  2:neutral  2:neutral       0.14,*0.662,0.198 
   217  2:neutral  2:neutral       0.154,*0.708,0.138 
   218  2:neutral  2:neutral       0.258,*0.514,0.228 
   219  2:neutral  2:neutral       0.236,*0.699,0.065 
   220  2:neutral  2:neutral       0.14,*0.713,0.147 
   221  2:neutral  2:neutral       0.24,*0.577,0.183 
   222  2:neutral 3:positive   +   0.136,0.401,*0.463 
   223  2:neutral  2:neutral       0.097,*0.631,0.272 
   224  2:neutral  2:neutral       0.135,*0.726,0.139 
   225  2:neutral  2:neutral       0.15,*0.721,0.128 
   226  2:neutral  2:neutral       0.131,*0.658,0.212 
   227  2:neutral  2:neutral       0.119,*0.707,0.174 
   228  2:neutral 3:positive   +   0.1,0.395,*0.505 
   229  2:neutral  2:neutral       0.108,*0.674,0.217 
   230  2:neutral  2:neutral       0.225,*0.527,0.248 
   231  2:neutral  2:neutral       0.154,*0.651,0.195 
   232  2:neutral  2:neutral       0.2,*0.648,0.152 
   233  2:neutral  2:neutral       0.173,*0.645,0.182 
   234  2:neutral  2:neutral       0.118,*0.593,0.288 
   235  2:neutral  2:neutral       0.224,*0.703,0.073 
   236  2:neutral  2:neutral       0.12,*0.542,0.337 
   237  2:neutral  2:neutral       0.186,*0.571,0.243 
   238  2:neutral  2:neutral       0.231,*0.665,0.105 
   239  2:neutral  2:neutral       0.161,*0.646,0.193 
   240  2:neutral  2:neutral       0.2,*0.608,0.192 
   241  2:neutral  2:neutral       0.2,*0.606,0.194 
   242  2:neutral  2:neutral       0.119,*0.636,0.245 
   243  2:neutral 3:positive   +   0.083,0.44,*0.477 
   244  2:neutral  2:neutral       0.126,*0.706,0.168 
   245  2:neutral  2:neutral       0.155,*0.694,0.151 
   246  2:neutral 3:positive   +   0.066,0.289,*0.645 
   247  2:neutral  2:neutral       0.131,*0.807,0.062 
   248  2:neutral 3:positive   +   0.097,0.429,*0.474 
   249  2:neutral  2:neutral       0.166,*0.58,0.253 
   250  2:neutral  2:neutral       0.124,*0.694,0.181 
   251  2:neutral 3:positive   +   0.099,0.42,*0.481 
   252  2:neutral 3:positive   +   0.066,0.378,*0.556 
   253  2:neutral  2:neutral       0.104,*0.596,0.3 
   254  2:neutral  2:neutral       0.196,*0.67,0.134 
   255  2:neutral  2:neutral       0.152,*0.714,0.133 
   256  2:neutral  2:neutral       0.157,*0.592,0.251 
   257  2:neutral  2:neutral       0.137,*0.658,0.205 
   258  2:neutral  2:neutral       0.177,*0.745,0.078 
   259  2:neutral  2:neutral       0.129,*0.591,0.28 
   260  2:neutral  2:neutral       0.185,*0.688,0.128 
   261  2:neutral 3:positive   +   0.083,0.387,*0.53 
   262  2:neutral  2:neutral       0.166,*0.717,0.117 
   263  2:neutral  2:neutral       0.132,*0.637,0.232 
   264  2:neutral  2:neutral       0.143,*0.736,0.121 
   265  2:neutral  2:neutral       0.112,*0.634,0.254 
   266  2:neutral  2:neutral       0.132,*0.749,0.119 
   267  2:neutral 3:positive   +   0.075,0.231,*0.694 
   268  2:neutral  2:neutral       0.223,*0.66,0.117 
   269  2:neutral  2:neutral       0.126,*0.539,0.336 
   270  2:neutral  2:neutral       0.17,*0.618,0.212 
   271  2:neutral  2:neutral       0.239,*0.569,0.192 
   272  2:neutral  2:neutral       0.12,*0.576,0.304 
   273  2:neutral  2:neutral       0.229,*0.644,0.127 
   274  2:neutral  2:neutral       0.111,*0.492,0.397 
   275  2:neutral  2:neutral       0.248,*0.554,0.198 
   276  2:neutral  2:neutral       0.141,*0.699,0.16 
   277  2:neutral  2:neutral       0.097,*0.549,0.353 
   278  2:neutral  2:neutral       0.126,*0.74,0.134 
   279  2:neutral  2:neutral       0.26,*0.593,0.146 
   280  2:neutral  2:neutral       0.086,*0.531,0.382 
   281  2:neutral  2:neutral       0.142,*0.697,0.161 
   282  2:neutral  2:neutral       0.13,*0.752,0.118 
   283  2:neutral  2:neutral       0.249,*0.409,0.342 
   284  2:neutral  2:neutral       0.109,*0.519,0.373 
   285  2:neutral  2:neutral       0.127,*0.799,0.074 
   286  2:neutral  2:neutral       0.099,*0.597,0.304 
   287  2:neutral  2:neutral       0.154,*0.738,0.108 
   288  2:neutral  2:neutral       0.193,*0.664,0.144 
   289  2:neutral  2:neutral       0.205,*0.63,0.165 
   290  2:neutral  2:neutral       0.074,*0.472,0.454 
   291  2:neutral  2:neutral       0.134,*0.601,0.265 
   292  2:neutral  2:neutral       0.279,*0.466,0.254 
   293  2:neutral 3:positive   +   0.089,0.381,*0.53 
   294  2:neutral  2:neutral       0.142,*0.478,0.38 
   295  2:neutral  2:neutral       0.241,*0.699,0.061 
   296  2:neutral  2:neutral       0.135,*0.682,0.184 
   297  2:neutral 3:positive   +   0.12,0.318,*0.562 
   298  2:neutral  2:neutral       0.113,*0.631,0.256 
   299  2:neutral  2:neutral       0.143,*0.69,0.167 
   300  2:neutral  2:neutral       0.217,*0.692,0.092 
   301  2:neutral  2:neutral       0.102,*0.519,0.38 
   302  2:neutral  2:neutral       0.145,*0.71,0.145 
   303  2:neutral 3:positive   +   0.102,0.211,*0.687 
   304  2:neutral  2:neutral       0.224,*0.506,0.27 
   305  2:neutral  2:neutral       0.109,*0.709,0.182 
   306  2:neutral  2:neutral       0.104,*0.613,0.283 
   307  2:neutral  2:neutral       0.226,*0.683,0.091 
   308  2:neutral  2:neutral       0.171,*0.771,0.059 
   309  2:neutral 3:positive   +   0.068,0.115,*0.817 
   310  2:neutral  2:neutral       0.222,*0.707,0.071 
   311  2:neutral  2:neutral       0.161,*0.555,0.284 
   312  2:neutral  2:neutral       0.14,*0.591,0.27 
   313  2:neutral  2:neutral       0.189,*0.694,0.116 
   314  2:neutral  2:neutral       0.186,*0.589,0.224 
   315  2:neutral  2:neutral       0.107,*0.618,0.275 
   316  2:neutral 3:positive   +   0.097,0.372,*0.53 
   317  2:neutral  2:neutral       0.123,*0.54,0.337 
   318  2:neutral  2:neutral       0.162,*0.695,0.143 
   319  2:neutral  2:neutral       0.2,*0.484,0.316 
   320  2:neutral  2:neutral       0.124,*0.677,0.199 
   321  2:neutral  2:neutral       0.137,*0.741,0.122 
   322  2:neutral  2:neutral       0.133,*0.734,0.133 
   323  2:neutral  2:neutral       0.139,*0.557,0.304 
   324  2:neutral  2:neutral       0.147,*0.706,0.146 
   325  2:neutral  2:neutral       0.135,*0.741,0.124 
   326  2:neutral  2:neutral       0.107,*0.635,0.258 
   327  2:neutral 1:negative   +   *0.405,0.383,0.212 
   328  2:neutral  2:neutral       0.247,*0.634,0.12 
   329  2:neutral  2:neutral       0.252,*0.625,0.123 
   330  2:neutral  2:neutral       0.123,*0.74,0.138 
   331  2:neutral  2:neutral       0.118,*0.641,0.24 
   332  2:neutral  2:neutral       0.144,*0.71,0.145 
   333  2:neutral  2:neutral       0.113,*0.719,0.168 
   334  2:neutral  2:neutral       0.239,*0.448,0.313 
   335  2:neutral 3:positive   +   0.062,0.362,*0.576 
   336  2:neutral  2:neutral       0.125,*0.625,0.249 
   337  2:neutral  2:neutral       0.163,*0.71,0.128 
   338  2:neutral  2:neutral       0.143,*0.547,0.311 
   339  2:neutral  2:neutral       0.168,*0.635,0.197 
   340  2:neutral  2:neutral       0.202,*0.61,0.188 
   341  2:neutral  2:neutral       0.098,*0.576,0.325 
   342  2:neutral 3:positive   +   0.174,0.14,*0.686 
   343  2:neutral  2:neutral       0.187,*0.627,0.186 
   344  2:neutral  2:neutral       0.1,*0.552,0.348 
   345  2:neutral  2:neutral       0.11,*0.743,0.147 
   346  2:neutral  2:neutral       0.111,*0.601,0.288 
   347  2:neutral  2:neutral       0.137,*0.658,0.205 
   348  2:neutral  2:neutral       0.217,*0.506,0.277 
   349  2:neutral  2:neutral       0.152,*0.664,0.184 
   350  2:neutral  2:neutral       0.136,*0.655,0.209 
   351  2:neutral  2:neutral       0.115,*0.707,0.178 
   352  2:neutral  2:neutral       0.116,*0.713,0.17 
   353  2:neutral  2:neutral       0.161,*0.582,0.257 
   354  2:neutral  2:neutral       0.299,*0.391,0.311 
   355  2:neutral  2:neutral       0.135,*0.689,0.176 
   356  2:neutral  2:neutral       0.145,*0.516,0.338 
   357  2:neutral  2:neutral       0.13,*0.488,0.382 
   358  2:neutral 3:positive   +   0.099,0.433,*0.468 
   359  2:neutral  2:neutral       0.241,*0.689,0.07 
   360  2:neutral  2:neutral       0.186,*0.724,0.09 
   361  2:neutral  2:neutral       0.131,*0.737,0.132 
   362  2:neutral  2:neutral       0.249,*0.519,0.232 
   363  2:neutral  2:neutral       0.215,*0.686,0.099 
