Zero Weights processed. Default weights will be used
.
Warning: using -h 0 may be faster
*
optimization finished, #iter = 1324
C = 62.95916152680648
obj = 21255.290451776455, rho = -2.306260780963531
nSV = 2844, nBSV = 2584
Total nSV = 2844
.
Warning: using -h 0 may be faster
*
optimization finished, #iter = 1280
C = 60.96534185172004
obj = 19713.639678061456, rho = 1.2692993485145823
nSV = 2829, nBSV = 2587
Total nSV = 2829
.
Warning: using -h 0 may be faster
*
optimization finished, #iter = 1354
C = 75.20892920641087
obj = 27435.58802643195, rho = -0.6304507800495415
nSV = 2859, nBSV = 2560
Total nSV = 2859
.
Warning: using -h 0 may be faster
*
optimization finished, #iter = 1333
C = 63.892905380521974
obj = 21293.975646264546, rho = 0.5616288697728934
nSV = 2845, nBSV = 2573
Total nSV = 2845
.
Warning: using -h 0 may be faster
*
optimization finished, #iter = 1344
C = 64.9138657812161
obj = 21472.966539164037, rho = 2.051287037891731
nSV = 2856, nBSV = 2561
Total nSV = 2856
.
Warning: using -h 0 may be faster
*
optimization finished, #iter = 1684
C = 55.302806446030885
obj = 21866.59967147025, rho = 0.8867251668200357
nSV = 3527, nBSV = 3257
.
Warning: using -h 0 may be faster
..
Warning: using -h 0 may be faster
*
optimization finished, #iter = 3810
C = 457.3340677420322
obj = 398516.8846376563, rho = -44.2011740139079
nSV = 5075, nBSV = 3519
Total nSV = 5075
.
Warning: using -h 0 may be faster
..
Warning: using -h 0 may be faster
*
optimization finished, #iter = 3848
C = 450.8423427098874
obj = 382385.3708404823, rho = 26.60073375316025
nSV = 5058, nBSV = 3503
Total nSV = 5058
.
Warning: using -h 0 may be faster
..
Warning: using -h 0 may be faster
*
optimization finished, #iter = 3905
C = 448.64179246661274
obj = 385430.3374383134, rho = 24.078644839849087
nSV = 5081, nBSV = 3519
Total nSV = 5081
.
Warning: using -h 0 may be faster
..
Warning: using -h 0 may be faster
*
optimization finished, #iter = 3847
C = 455.7785833576223
obj = 392276.7383586923, rho = 24.460291726401447
nSV = 5075, nBSV = 3512
Total nSV = 5075
.
Warning: using -h 0 may be faster
..
Warning: using -h 0 may be faster
*
optimization finished, #iter = 3953
C = 487.67869679991327
obj = 428705.57248759875, rho = 26.907645158641333
nSV = 5104, nBSV = 3462
Total nSV = 5104
.
Warning: using -h 0 may be faster
...
Warning: using -h 0 may be faster
*
optimization finished, #iter = 4855
C = 428.315891444757
obj = 426281.3973382364, rho = 27.507352828950726
nSV = 6222, nBSV = 4498
.
Warning: using -h 0 may be faster
*
optimization finished, #iter = 1203
C = 21.26222218912209
obj = 4005.2607072642554, rho = 0.49770040549652095
nSV = 3206, nBSV = 3059
Total nSV = 3206
.
Warning: using -h 0 may be faster
*
optimization finished, #iter = 1132
C = 0.0
obj = 0.0, rho = NaN
nSV = 0, nBSV = 0
Total nSV = 0
.
Warning: using -h 0 may be faster
*
optimization finished, #iter = 1139
C = 0.0
obj = 0.0, rho = NaN
nSV = 0, nBSV = 0
Total nSV = 0
.
Warning: using -h 0 may be faster
*
optimization finished, #iter = 1198
C = 20.883295869506963
obj = 3794.350685155364, rho = -0.6792266846889994
nSV = 3217, nBSV = 3058
Total nSV = 3217
.
Warning: using -h 0 may be faster
*
optimization finished, #iter = 1132
C = 14.84969640990016
obj = 2127.9448545804985, rho = -0.4682517509818542
nSV = 3202, nBSV = 3065
Total nSV = 3202
Line search fails in two-class probability estimates
.
Warning: using -h 0 may be faster
*
optimization finished, #iter = 1374
C = 11.958046852566298
obj = 2048.772354695899, rho = 0.27708820497455744
nSV = 3985, nBSV = 3858
Total nSV = 9210
.
Warning: using -h 0 may be faster
*
optimization finished, #iter = 1093
C = 79.62276825830533
obj = 24129.267858970543, rho = 1.1924698128174784
nSV = 2298, nBSV = 2030
Total nSV = 2298
.
Warning: using -h 0 may be faster
*
optimization finished, #iter = 1116
C = 84.76596148102118
obj = 25025.452442575548, rho = -2.347524265208055
nSV = 2321, nBSV = 2016
Total nSV = 2321
.
Warning: using -h 0 may be faster
*
optimization finished, #iter = 1158
C = 84.41033954630616
obj = 26078.578975416447, rho = -3.301403200019568
nSV = 2305, nBSV = 2009
Total nSV = 2305
.
Warning: using -h 0 may be faster
*
optimization finished, #iter = 1072
C = 69.10325892944765
obj = 18815.936853291107, rho = -2.3203436778097264
nSV = 2290, nBSV = 2039
Total nSV = 2290
.*
optimization finished, #iter = 1097
C = 73.18549290728781
obj = 21248.081777466967, rho = -2.2738268391939047
nSV = 2302, nBSV = 2026
Total nSV = 2302
.
Warning: using -h 0 may be faster
*
optimization finished, #iter = 1309
C = 66.3934515834146
obj = 22922.45629706136, rho = 1.7151229406014252
nSV = 2863, nBSV = 2565
.
Warning: using -h 0 may be faster
..
Warning: using -h 0 may be faster
*
optimization finished, #iter = 3182
C = 479.03724191510844
obj = 360381.78590200585, rho = 25.316140326493965
nSV = 4131, nBSV = 2757
Total nSV = 4131
.
Warning: using -h 0 may be faster
..
Warning: using -h 0 may be faster
*
optimization finished, #iter = 3247
C = 483.54025500931016
obj = 361912.07205542864, rho = -46.87118361098032
nSV = 4152, nBSV = 2734
Total nSV = 4152
.
Warning: using -h 0 may be faster
..
Warning: using -h 0 may be faster
*
optimization finished, #iter = 3222
C = 488.19299431284634
obj = 368774.87153760786, rho = -40.15672443870474
nSV = 4157, nBSV = 2761
Total nSV = 4157
.
Warning: using -h 0 may be faster
..
Warning: using -h 0 may be faster
*
optimization finished, #iter = 3235
C = 473.23499917299523
obj = 353944.72717130504, rho = -37.08341498324654
nSV = 4179, nBSV = 2729
Total nSV = 4179
.
Warning: using -h 0 may be faster
..
Warning: using -h 0 may be faster
*
optimization finished, #iter = 3116
C = 464.83155879326955
obj = 345953.03646471427, rho = -43.80922963518138
nSV = 4114, nBSV = 2734
Total nSV = 4114
.
Warning: using -h 0 may be faster
..
Warning: using -h 0 may be faster
*
optimization finished, #iter = 3863
C = 444.31045281424724
obj = 381465.08412796585, rho = 32.97595315829658
nSV = 5057, nBSV = 3501
*
optimization finished, #iter = 961
C = 0.0
obj = 0.0, rho = NaN
nSV = 0, nBSV = 0
Total nSV = 0
*
optimization finished, #iter = 983
C = 0.0
obj = 0.0, rho = NaN
nSV = 0, nBSV = 0
Total nSV = 0
*
optimization finished, #iter = 991
C = 23.152911516935195
obj = 3753.8637383284113, rho = -0.01810016339523154
nSV = 2572, nBSV = 2445
Total nSV = 2572
.*
optimization finished, #iter = 1016
C = 22.36108734263616
obj = 3424.370501122528, rho = -0.2330237574906528
nSV = 2586, nBSV = 2432
Total nSV = 2586
*
optimization finished, #iter = 958
C = 0.0
obj = 0.0, rho = NaN
nSV = 0, nBSV = 0
Total nSV = 0
Line search fails in two-class probability estimates
.
Warning: using -h 0 may be faster
*
optimization finished, #iter = 1184
C = 15.72811881442289
obj = 2402.379375036716, rho = -0.08384633678498535
nSV = 3203, nBSV = 3067
Total nSV = 7408
.
Warning: using -h 0 may be faster
*
optimization finished, #iter = 1124
C = 90.41758909718257
obj = 27840.71595693087, rho = 1.1816157806015324
nSV = 2315, nBSV = 2025
Total nSV = 2315
.
Warning: using -h 0 may be faster
*
optimization finished, #iter = 1034
C = 58.07385530796442
obj = 14763.459758636847, rho = 0.8436906605777585
nSV = 2277, nBSV = 2061
Total nSV = 2277
.
Warning: using -h 0 may be faster
*
optimization finished, #iter = 1086
C = 68.16519772155686
obj = 18088.893706244235, rho = -0.25621206878380254
nSV = 2293, nBSV = 2048
Total nSV = 2293
.
Warning: using -h 0 may be faster
*
optimization finished, #iter = 1127
C = 83.61292121283464
obj = 24889.656056824868, rho = 0.9001674966438726
nSV = 2308, nBSV = 2031
Total nSV = 2308
.
Warning: using -h 0 may be faster
*
optimization finished, #iter = 1096
C = 79.31322897450603
obj = 22743.620450675975, rho = 0.14603691881357206
nSV = 2302, nBSV = 2038
Total nSV = 2302
.
Warning: using -h 0 may be faster
*
optimization finished, #iter = 1359
C = 64.18815405275933
obj = 21113.768896103236, rho = 0.5177964369523849
nSV = 2842, nBSV = 2574
...
Warning: using -h 0 may be faster
*
optimization finished, #iter = 3243
C = 483.52426141586903
obj = 359988.2573551731, rho = 23.571010394774337
nSV = 4133, nBSV = 2714
Total nSV = 4133
.
Warning: using -h 0 may be faster
..
Warning: using -h 0 may be faster
*
optimization finished, #iter = 3174
C = 473.5165389051815
obj = 359623.90304597485, rho = -33.20814751758618
nSV = 4150, nBSV = 2727
Total nSV = 4150
.
Warning: using -h 0 may be faster
..
Warning: using -h 0 may be faster
*
optimization finished, #iter = 3219
C = 521.2780457702487
obj = 408605.92524455365, rho = -40.55783144315152
nSV = 4167, nBSV = 2708
Total nSV = 4167
.
Warning: using -h 0 may be faster
..
Warning: using -h 0 may be faster
*
optimization finished, #iter = 3194
C = 487.17105647136225
obj = 371631.9056005201, rho = -37.58032074511129
nSV = 4143, nBSV = 2718
Total nSV = 4143
.
Warning: using -h 0 may be faster
..
Warning: using -h 0 may be faster
*
optimization finished, #iter = 3337
C = 502.4916906415922
obj = 388409.5894255363, rho = -41.58261411008925
nSV = 4163, nBSV = 2689
Total nSV = 4163
.
Warning: using -h 0 may be faster
..
Warning: using -h 0 may be faster
*
optimization finished, #iter = 3718
C = 461.8968524720144
obj = 406860.1848496331, rho = 26.27905839932317
nSV = 5071, nBSV = 3506
*
optimization finished, #iter = 931
C = 16.075581300091713
obj = 2117.516832343927, rho = -0.6715156295386459
nSV = 2571, nBSV = 2450
Total nSV = 2571
*
optimization finished, #iter = 936
C = 17.709235030556847
obj = 2329.9257991710965, rho = 0.4843394960700646
nSV = 2569, nBSV = 2447
Total nSV = 2569
*
optimization finished, #iter = 927
C = 19.14602722923737
obj = 2551.638692336714, rho = 1.2081608191700843
nSV = 2571, nBSV = 2449
Total nSV = 2571
*
optimization finished, #iter = 965
C = 20.269365309535164
obj = 2708.8221797289625, rho = 0.28514531808665416
nSV = 2585, nBSV = 2434
Total nSV = 2585
*
optimization finished, #iter = 923
C = 0.0
obj = 0.0, rho = NaN
nSV = 0, nBSV = 0
Total nSV = 0
Line search fails in two-class probability estimates
.
Warning: using -h 0 may be faster
*
optimization finished, #iter = 1146
C = 12.829154980921281
obj = 1784.16239624215, rho = 0.6307860807942387
nSV = 3198, nBSV = 3071
Total nSV = 7450
...
Warning: using -h 0 may be faster
*
optimization finished, #iter = 3074
C = 484.38320084600423
obj = 361483.0273969505, rho = 25.90918488420841
nSV = 4127, nBSV = 2748
Total nSV = 4127
.
Warning: using -h 0 may be faster
..
Warning: using -h 0 may be faster
*
optimization finished, #iter = 3207
C = 511.5758251388413
obj = 385677.9414499845, rho = -42.597238845523556
nSV = 4158, nBSV = 2721
Total nSV = 4158
.
Warning: using -h 0 may be faster
..
Warning: using -h 0 may be faster
*
optimization finished, #iter = 3218
C = 557.6616417702228
obj = 429044.4236199055, rho = -47.310027633480864
nSV = 4170, nBSV = 2683
Total nSV = 4170
.
Warning: using -h 0 may be faster
..
Warning: using -h 0 may be faster
*
optimization finished, #iter = 3276
C = 459.8124781195327
obj = 337910.41442157194, rho = -35.387955991577016
nSV = 4134, nBSV = 2729
Total nSV = 4134
.
Warning: using -h 0 may be faster
..
Warning: using -h 0 may be faster
*
optimization finished, #iter = 3230
C = 493.8940432877745
obj = 366607.187418355, rho = -36.91719739077788
nSV = 4178, nBSV = 2720
Total nSV = 4178
.
Warning: using -h 0 may be faster
..
Warning: using -h 0 may be faster
*
optimization finished, #iter = 3921
C = 473.6191326179528
obj = 412112.12450670433, rho = -42.82310886738712
nSV = 5101, nBSV = 3474
*
optimization finished, #iter = 955
C = 0.0
obj = 0.0, rho = NaN
nSV = 0, nBSV = 0
Total nSV = 0
*
optimization finished, #iter = 995
C = 29.49890685068339
obj = 4698.486841852943, rho = -0.7676129627625462
nSV = 2595, nBSV = 2429
Total nSV = 2595
.
Warning: using -h 0 may be faster
*
optimization finished, #iter = 1011
C = 25.815198470933982
obj = 3642.0570780064922, rho = -0.25301357426987814
nSV = 2591, nBSV = 2430
Total nSV = 2591
.*
optimization finished, #iter = 1029
C = 31.448350692124954
obj = 5289.074978912222, rho = -1.114946967722965
nSV = 2611, nBSV = 2404
Total nSV = 2611
*
optimization finished, #iter = 944
C = 0.0
obj = 0.0, rho = NaN
nSV = 0, nBSV = 0
Total nSV = 0
Line search fails in two-class probability estimates
.
Warning: using -h 0 may be faster
*
optimization finished, #iter = 1182
C = 18.88477466340284
obj = 2864.737667758068, rho = -0.4899738398577101
nSV = 3226, nBSV = 3044
.
Warning: using -h 0 may be faster
*
optimization finished, #iter = 1082
C = 71.04854036517908
obj = 20019.587832652564, rho = 0.9189833713421651
nSV = 2292, nBSV = 2047
Total nSV = 2292
.
Warning: using -h 0 may be faster
*
optimization finished, #iter = 1113
C = 76.46681653791948
obj = 21783.771288654374, rho = -1.929093238657793
nSV = 2303, nBSV = 2025
Total nSV = 2303
.
Warning: using -h 0 may be faster
*
optimization finished, #iter = 1121
C = 79.40974163401086
obj = 22741.907051991853, rho = 0.11036250135029096
nSV = 2306, nBSV = 2023
Total nSV = 2306
.
Warning: using -h 0 may be faster
*
optimization finished, #iter = 1143
C = 84.53782771141837
obj = 25838.67891755831, rho = -2.847806940830015
nSV = 2310, nBSV = 2021
Total nSV = 2310
.
Warning: using -h 0 may be faster
*
optimization finished, #iter = 1141
C = 82.21657351344258
obj = 24870.51100120253, rho = -3.0121935583025445
nSV = 2311, nBSV = 2037
Total nSV = 2311
.
Warning: using -h 0 may be faster
*
optimization finished, #iter = 1364
C = 67.26672730068128
obj = 23067.243179848323, rho = 1.1581005383821885
nSV = 2843, nBSV = 2551
Total nSV = 7474
.*
optimization finished, #iter = 1058
C = 72.34228267841631
obj = 19913.314098085393, rho = -0.7110038654469446
nSV = 2286, nBSV = 2034
Total nSV = 2286
.*
optimization finished, #iter = 1052
C = 67.71147744865478
obj = 17910.143405676798, rho = -1.8945171948931405
nSV = 2297, nBSV = 2046
Total nSV = 2297
.
Warning: using -h 0 may be faster
*
optimization finished, #iter = 1070
C = 77.65463617562615
obj = 22719.9533990843, rho = -0.5670927012438919
nSV = 2307, nBSV = 2029
Total nSV = 2307
.
Warning: using -h 0 may be faster
*
optimization finished, #iter = 1142
C = 90.83227419351137
obj = 27488.76167603599, rho = -3.262119412899962
nSV = 2318, nBSV = 2019
Total nSV = 2318
.
Warning: using -h 0 may be faster
*
optimization finished, #iter = 1163
C = 86.34755082784365
obj = 25620.189697998074, rho = -2.727414416930025
nSV = 2325, nBSV = 2012
Total nSV = 2325
.
Warning: using -h 0 may be faster
*
optimization finished, #iter = 1365
C = 66.8119197621366
obj = 22228.201909754887, rho = -1.419887714920621
nSV = 2869, nBSV = 2557
*
optimization finished, #iter = 921
C = 0.0
obj = 0.0, rho = NaN
nSV = 0, nBSV = 0
Total nSV = 0
*
optimization finished, #iter = 993
C = 26.855225583338825
obj = 4430.858238562031, rho = 1.127646557617056
nSV = 2599, nBSV = 2425
Total nSV = 2599
*
optimization finished, #iter = 953
C = 23.116387077585408
obj = 3454.6864917025596, rho = 0.9566202132603293
nSV = 2595, nBSV = 2436
Total nSV = 2595
*
optimization finished, #iter = 945
C = 0.0
obj = 0.0, rho = NaN
nSV = 0, nBSV = 0
Total nSV = 0
*
optimization finished, #iter = 919
C = 0.0
obj = 0.0, rho = NaN
nSV = 0, nBSV = 0
Total nSV = 0
Line search fails in two-class probability estimates
.
Warning: using -h 0 may be faster
*
optimization finished, #iter = 1153
C = 14.089820934295902
obj = 2012.3252740103626, rho = 0.48324465961375107
nSV = 3209, nBSV = 3066
...
Warning: using -h 0 may be faster
*
optimization finished, #iter = 3056
C = 441.53773533942456
obj = 331905.062230225, rho = 30.68104261230459
nSV = 4089, nBSV = 2764
Total nSV = 4089
.
Warning: using -h 0 may be faster
..
Warning: using -h 0 may be faster
*
optimization finished, #iter = 3146
C = 461.0671498318398
obj = 342704.92375740176, rho = 31.338277875114517
nSV = 4118, nBSV = 2737
Total nSV = 4118
.
Warning: using -h 0 may be faster
..
Warning: using -h 0 may be faster
*
optimization finished, #iter = 3019
C = 491.5457375057366
obj = 369693.2099423586, rho = 23.47953238623571
nSV = 4113, nBSV = 2739
Total nSV = 4113
...
Warning: using -h 0 may be faster
*
optimization finished, #iter = 3021
C = 479.5606957712029
obj = 361900.09960287635, rho = 27.682403674345153
nSV = 4100, nBSV = 2740
Total nSV = 4100
...
Warning: using -h 0 may be faster
*
optimization finished, #iter = 3073
C = 494.6590350268839
obj = 369546.40703682904, rho = 24.96854586962589
nSV = 4122, nBSV = 2761
Total nSV = 4122
.
Warning: using -h 0 may be faster
..
Warning: using -h 0 may be faster
*
optimization finished, #iter = 3987
C = 444.833989428771
obj = 384495.8052172061, rho = 27.93551727460451
nSV = 5062, nBSV = 3500
Total nSV = 7442
*
optimization finished, #iter = 971
C = 23.692949194544205
obj = 3589.82484054728, rho = -0.39907664710088026
nSV = 2578, nBSV = 2433
Total nSV = 2578
*
optimization finished, #iter = 900
C = 0.0
obj = 0.0, rho = NaN
nSV = 0, nBSV = 0
Total nSV = 0
*
optimization finished, #iter = 909
C = 0.0
obj = 0.0, rho = NaN
nSV = 0, nBSV = 0
Total nSV = 0
*
optimization finished, #iter = 963
C = 0.0
obj = 0.0, rho = NaN
nSV = 0, nBSV = 0
Total nSV = 0
*
optimization finished, #iter = 961
C = 17.20134414134636
obj = 2384.938619586486, rho = -0.22348041689812617
nSV = 2563, nBSV = 2449
Total nSV = 2563
Line search fails in two-class probability estimates
.
Warning: using -h 0 may be faster
*
optimization finished, #iter = 1165
C = 11.563205628967578
obj = 1631.1515616210315, rho = 0.07042886790916773
nSV = 3192, nBSV = 3076
.
Warning: using -h 0 may be faster
*
optimization finished, #iter = 1069
C = 67.78746371446404
obj = 18068.543484510607, rho = -0.21552616032679625
nSV = 2286, nBSV = 2051
Total nSV = 2286
.
Warning: using -h 0 may be faster
*
optimization finished, #iter = 1089
C = 71.92601912836464
obj = 19646.41379430299, rho = 0.5038793277998268
nSV = 2286, nBSV = 2039
Total nSV = 2286
.
Warning: using -h 0 may be faster
*
optimization finished, #iter = 1078
C = 69.98061315419639
obj = 19269.07405842875, rho = -0.3527018596485489
nSV = 2290, nBSV = 2049
Total nSV = 2290
.
Warning: using -h 0 may be faster
*
optimization finished, #iter = 1064
C = 69.0432834679622
obj = 18847.241895238243, rho = 1.8262880378610766
nSV = 2289, nBSV = 2051
Total nSV = 2289
.
Warning: using -h 0 may be faster
*
optimization finished, #iter = 1145
C = 75.515134056825
obj = 22040.68053165789, rho = -0.014572178018123504
nSV = 2306, nBSV = 2026
Total nSV = 2306
.
Warning: using -h 0 may be faster
*
optimization finished, #iter = 1290
C = 59.78667479237265
obj = 19174.790926872385, rho = -0.6712720906503052
nSV = 2843, nBSV = 2587
...
Warning: using -h 0 may be faster
*
optimization finished, #iter = 3342
C = 534.2142527976291
obj = 415538.84277583024, rho = 23.270488686577572
nSV = 4179, nBSV = 2694
Total nSV = 4179
...
Warning: using -h 0 may be faster
*
optimization finished, #iter = 3219
C = 514.7518848139349
obj = 386564.7087195472, rho = -33.37419226173171
nSV = 4176, nBSV = 2742
Total nSV = 4176
.
Warning: using -h 0 may be faster
..
Warning: using -h 0 may be faster
*
optimization finished, #iter = 3314
C = 511.7308664634336
obj = 393851.5845637565, rho = -36.32854483560522
nSV = 4175, nBSV = 2719
Total nSV = 4175
.
Warning: using -h 0 may be faster
..
Warning: using -h 0 may be faster
*
optimization finished, #iter = 3208
C = 489.0638537240883
obj = 365419.3972220048, rho = -40.21533933111497
nSV = 4139, nBSV = 2719
Total nSV = 4139
.
Warning: using -h 0 may be faster
..
Warning: using -h 0 may be faster
*
optimization finished, #iter = 3468
C = 506.29450451068567
obj = 381701.7243437334, rho = -33.440989345221475
nSV = 4201, nBSV = 2709
Total nSV = 4201
.
Warning: using -h 0 may be faster
..
Warning: using -h 0 may be faster
*
optimization finished, #iter = 3934
C = 477.4257124333819
obj = 413114.98578803695, rho = -37.75012041288111
nSV = 5064, nBSV = 3504
Total nSV = 7451


=== Predictions under cross-validation ===

 inst#     actual  predicted error distribution
     1  2:neutral  2:neutral       0.223,*0.693,0.083 
     2  2:neutral  2:neutral       0.146,*0.707,0.147 
     3  2:neutral 3:positive   +   0.097,0.359,*0.545 
     4  2:neutral  2:neutral       0.105,*0.503,0.392 
     5  2:neutral  2:neutral       0.152,*0.656,0.192 
     6  2:neutral  2:neutral       0.238,*0.691,0.071 
     7  2:neutral  2:neutral       0.153,*0.597,0.25 
     8  2:neutral  2:neutral       0.147,*0.677,0.177 
     9  2:neutral  2:neutral       0.131,*0.651,0.218 
    10  2:neutral  2:neutral       0.22,*0.608,0.172 
    11  2:neutral 3:positive   +   0.105,0.274,*0.621 
    12  2:neutral  2:neutral       0.114,*0.62,0.266 
    13  2:neutral  2:neutral       0.213,*0.684,0.102 
    14  2:neutral  2:neutral       0.081,*0.523,0.396 
    15  2:neutral  2:neutral       0.218,*0.598,0.184 
    16  2:neutral  2:neutral       0.115,*0.728,0.157 
    17  2:neutral  2:neutral       0.192,*0.491,0.317 
    18  2:neutral  2:neutral       0.238,*0.546,0.216 
    19  2:neutral  2:neutral       0.176,*0.685,0.139 
    20  2:neutral  2:neutral       0.2,*0.728,0.072 
    21  2:neutral  2:neutral       0.335,*0.441,0.224 
    22  2:neutral  2:neutral       0.164,*0.51,0.326 
    23  2:neutral  2:neutral       0.137,*0.662,0.201 
    24  2:neutral  2:neutral       0.168,*0.752,0.08 
    25  2:neutral  2:neutral       0.127,*0.665,0.208 
    26  2:neutral 3:positive   +   0.06,0.292,*0.648 
    27  2:neutral  2:neutral       0.144,*0.778,0.078 
    28  2:neutral  2:neutral       0.246,*0.69,0.064 
    29  2:neutral  2:neutral       0.081,*0.534,0.385 
    30  2:neutral 3:positive   +   0.068,0.369,*0.563 
    31  2:neutral  2:neutral       0.243,*0.692,0.066 
    32  2:neutral  2:neutral       0.248,*0.677,0.075 
    33  2:neutral  2:neutral       0.138,*0.774,0.088 
    34  2:neutral  2:neutral       0.143,*0.732,0.125 
    35  2:neutral  2:neutral       0.205,*0.706,0.089 
    36  2:neutral  2:neutral       0.107,*0.553,0.34 
    37  2:neutral  2:neutral       0.199,*0.614,0.187 
    38  2:neutral  2:neutral       0.159,*0.671,0.17 
    39  2:neutral  2:neutral       0.133,*0.674,0.193 
    40  2:neutral  2:neutral       0.13,*0.7,0.17 
    41  2:neutral  2:neutral       0.187,*0.663,0.15 
    42  2:neutral  2:neutral       0.145,*0.685,0.17 
    43  2:neutral 3:positive   +   0.076,0.153,*0.771 
    44  2:neutral  2:neutral       0.114,*0.523,0.363 
    45  2:neutral  2:neutral       0.14,*0.752,0.108 
    46  2:neutral  2:neutral       0.12,*0.678,0.203 
    47  2:neutral  2:neutral       0.191,*0.571,0.238 
    48  2:neutral 3:positive   +   0.042,0.143,*0.816 
    49  2:neutral  2:neutral       0.17,*0.747,0.083 
    50  2:neutral  2:neutral       0.156,*0.688,0.156 
    51  2:neutral  2:neutral       0.13,*0.712,0.157 
    52  2:neutral  2:neutral       0.213,*0.625,0.162 
    53  2:neutral  2:neutral       0.216,*0.438,0.346 
    54  2:neutral  2:neutral       0.128,*0.539,0.333 
    55  2:neutral  2:neutral       0.156,*0.711,0.133 
    56  2:neutral  2:neutral       0.132,*0.763,0.105 
    57  2:neutral  2:neutral       0.164,*0.593,0.244 
    58  2:neutral  2:neutral       0.135,*0.629,0.236 
    59  2:neutral  2:neutral       0.157,*0.628,0.215 
    60  2:neutral  2:neutral       0.251,*0.6,0.149 
    61  2:neutral  2:neutral       0.202,*0.69,0.108 
    62  2:neutral  2:neutral       0.123,*0.652,0.225 
    63  2:neutral  2:neutral       0.108,*0.623,0.268 
    64  2:neutral  2:neutral       0.225,*0.575,0.2 
    65  2:neutral  2:neutral       0.175,*0.683,0.141 
    66  2:neutral 3:positive   +   0.059,0.32,*0.621 
    67  2:neutral 3:positive   +   0.067,0.463,*0.47 
    68  2:neutral  2:neutral       0.189,*0.629,0.182 
    69  2:neutral 3:positive   +   0.059,0.279,*0.662 
    70  2:neutral 3:positive   +   0.074,0.404,*0.522 
    71  2:neutral  2:neutral       0.168,*0.646,0.185 
    72  2:neutral 3:positive   +   0.05,0.169,*0.781 
    73  2:neutral  2:neutral       0.178,*0.6,0.223 
    74  2:neutral  2:neutral       0.184,*0.518,0.298 
    75  2:neutral  2:neutral       0.121,*0.73,0.149 
    76  2:neutral  2:neutral       0.205,*0.596,0.199 
    77  2:neutral  2:neutral       0.17,*0.578,0.252 
    78  2:neutral  2:neutral       0.15,*0.714,0.136 
    79  2:neutral  2:neutral       0.155,*0.724,0.121 
    80  2:neutral  2:neutral       0.118,*0.716,0.166 
    81  2:neutral  2:neutral       0.25,*0.51,0.24 
    82  2:neutral  2:neutral       0.192,*0.734,0.074 
    83  2:neutral 3:positive   +   0.281,0.219,*0.5 
    84  2:neutral 3:positive   +   0.064,0.328,*0.609 
    85  2:neutral 3:positive   +   0.123,0.37,*0.507 
    86  2:neutral  2:neutral       0.165,*0.739,0.097 
    87  2:neutral  2:neutral       0.081,*0.551,0.368 
    88  2:neutral  2:neutral       0.139,*0.712,0.149 
    89  2:neutral  2:neutral       0.219,*0.536,0.245 
    90  2:neutral  2:neutral       0.147,*0.645,0.208 
    91  2:neutral  2:neutral       0.157,*0.668,0.174 
    92  2:neutral  2:neutral       0.17,*0.687,0.144 
    93  2:neutral  2:neutral       0.139,*0.653,0.209 
    94  2:neutral  2:neutral       0.117,*0.597,0.286 
    95  2:neutral 3:positive   +   0.109,0.362,*0.529 
    96  2:neutral  2:neutral       0.231,*0.68,0.089 
    97  2:neutral  2:neutral       0.133,*0.681,0.185 
    98  2:neutral 3:positive   +   0.105,0.405,*0.491 
    99  2:neutral  2:neutral       0.128,*0.719,0.154 
   100  2:neutral  2:neutral       0.133,*0.599,0.268 
   101  2:neutral 3:positive   +   0.248,0.349,*0.403 
   102  2:neutral 3:positive   +   0.071,0.229,*0.7 
   103  2:neutral  2:neutral       0.124,*0.703,0.173 
   104  2:neutral  2:neutral       0.157,*0.63,0.213 
   105  2:neutral  2:neutral       0.106,*0.587,0.307 
   106  2:neutral 3:positive   +   0.252,0.349,*0.399 
   107  2:neutral  2:neutral       0.137,*0.662,0.201 
   108  2:neutral  2:neutral       0.109,*0.737,0.154 
   109  2:neutral  2:neutral       0.141,*0.756,0.103 
   110  2:neutral  2:neutral       0.186,*0.624,0.19 
   111  2:neutral  2:neutral       0.133,*0.594,0.273 
   112  2:neutral  2:neutral       0.132,*0.753,0.115 
   113  2:neutral  2:neutral       0.087,*0.554,0.359 
   114  2:neutral 3:positive   +   0.158,0.303,*0.539 
   115  2:neutral  2:neutral       0.133,*0.662,0.205 
   116  2:neutral  2:neutral       0.242,*0.563,0.196 
   117  2:neutral  2:neutral       0.162,*0.763,0.075 
   118  2:neutral  2:neutral       0.138,*0.596,0.266 
   119  2:neutral  2:neutral       0.128,*0.736,0.136 
   120  2:neutral 3:positive   +   0.13,0.295,*0.575 
   121  2:neutral  2:neutral       0.104,*0.588,0.308 
   122  2:neutral 3:positive   +   0.19,0.303,*0.507 
   123  2:neutral  2:neutral       0.163,*0.741,0.095 
   124  2:neutral  2:neutral       0.149,*0.623,0.229 
   125  2:neutral  2:neutral       0.231,*0.614,0.155 
   126  2:neutral  2:neutral       0.146,*0.503,0.351 
   127  2:neutral  2:neutral       0.149,*0.753,0.097 
   128  2:neutral 3:positive   +   0.075,0.349,*0.576 
   129  2:neutral  2:neutral       0.172,*0.734,0.094 
   130  2:neutral  2:neutral       0.136,*0.624,0.24 
   131  2:neutral  2:neutral       0.123,*0.454,0.423 
   132  2:neutral  2:neutral       0.137,*0.662,0.201 
   133  2:neutral  2:neutral       0.105,*0.655,0.24 
   134  2:neutral  2:neutral       0.174,*0.712,0.114 
   135  2:neutral  2:neutral       0.121,*0.681,0.198 
   136  2:neutral  2:neutral       0.125,*0.706,0.169 
   137  2:neutral  2:neutral       0.12,*0.691,0.189 
   138  2:neutral 3:positive   +   0.143,0.26,*0.597 
   139  2:neutral  2:neutral       0.161,*0.552,0.287 
   140  2:neutral  2:neutral       0.232,*0.681,0.087 
   141  2:neutral  2:neutral       0.119,*0.674,0.206 
   142  2:neutral  2:neutral       0.15,*0.65,0.2 
   143  2:neutral 3:positive   +   0.159,0.42,*0.421 
   144  2:neutral  2:neutral       0.182,*0.675,0.144 
   145  2:neutral  2:neutral       0.27,*0.435,0.294 
   146  2:neutral  2:neutral       0.147,*0.71,0.143 
   147  2:neutral  2:neutral       0.133,*0.681,0.186 
   148  2:neutral  2:neutral       0.123,*0.714,0.163 
   149  2:neutral 3:positive   +   0.164,0.304,*0.531 
   150  2:neutral  2:neutral       0.156,*0.737,0.107 
   151  2:neutral  2:neutral       0.099,*0.606,0.295 
   152  2:neutral  2:neutral       0.205,*0.69,0.105 
   153  2:neutral  2:neutral       0.123,*0.744,0.133 
   154  2:neutral  2:neutral       0.214,*0.653,0.133 
   155  2:neutral 3:positive   +   0.095,0.25,*0.655 
   156  2:neutral  2:neutral       0.115,*0.527,0.357 
   157  2:neutral  2:neutral       0.098,*0.54,0.362 
   158  2:neutral  2:neutral       0.124,*0.67,0.206 
   159  2:neutral  2:neutral       0.242,*0.68,0.077 
   160  2:neutral  2:neutral       0.116,*0.711,0.173 
   161  2:neutral  2:neutral       0.215,*0.505,0.28 
   162  2:neutral  2:neutral       0.13,*0.755,0.115 
   163  2:neutral  2:neutral       0.103,*0.595,0.302 
   164  2:neutral  2:neutral       0.232,*0.636,0.132 
   165  2:neutral  2:neutral       0.207,*0.671,0.121 
   166  2:neutral  2:neutral       0.141,*0.668,0.191 
   167  2:neutral  2:neutral       0.098,*0.607,0.295 
   168  2:neutral  2:neutral       0.135,*0.695,0.171 
   169  2:neutral  2:neutral       0.169,*0.624,0.206 
   170  2:neutral  2:neutral       0.185,*0.671,0.144 
   171  2:neutral  2:neutral       0.142,*0.6,0.257 
   172  2:neutral  2:neutral       0.238,*0.675,0.087 
   173  2:neutral  2:neutral       0.247,*0.671,0.082 
   174  2:neutral  2:neutral       0.156,*0.593,0.251 
   175  2:neutral  2:neutral       0.153,*0.58,0.268 
   176  2:neutral 3:positive   +   0.123,0.378,*0.499 
   177  2:neutral  2:neutral       0.164,*0.695,0.141 
   178  2:neutral  2:neutral       0.2,*0.581,0.219 
   179  2:neutral  2:neutral       0.119,*0.691,0.19 
   180  2:neutral  2:neutral       0.12,*0.624,0.256 
   181  2:neutral  2:neutral       0.196,*0.713,0.092 
   182  2:neutral  2:neutral       0.244,*0.671,0.086 
   183  2:neutral  2:neutral       0.125,*0.664,0.211 
   184  2:neutral 3:positive   +   0.163,0.301,*0.536 
   185  2:neutral  2:neutral       0.211,*0.616,0.173 
   186  2:neutral  2:neutral       0.124,*0.684,0.192 
   187  2:neutral  2:neutral       0.121,*0.495,0.384 
   188  2:neutral  2:neutral       0.175,*0.504,0.321 
   189  2:neutral  2:neutral       0.19,*0.673,0.137 
   190  2:neutral  2:neutral       0.215,*0.676,0.109 
   191  2:neutral  2:neutral       0.198,*0.673,0.129 
   192  2:neutral  2:neutral       0.137,*0.682,0.181 
   193  2:neutral 3:positive   +   0.055,0.352,*0.594 
   194  2:neutral  2:neutral       0.148,*0.741,0.111 
   195  2:neutral  2:neutral       0.107,*0.467,0.427 
   196  2:neutral  2:neutral       0.238,*0.643,0.12 
   197  2:neutral  2:neutral       0.125,*0.692,0.182 
   198  2:neutral  2:neutral       0.187,*0.575,0.237 
   199  2:neutral 3:positive   +   0.089,0.295,*0.617 
   200  2:neutral  2:neutral       0.142,*0.676,0.182 
   201  2:neutral  2:neutral       0.173,*0.707,0.12 
   202  2:neutral  2:neutral       0.174,*0.578,0.248 
   203  2:neutral  2:neutral       0.193,*0.53,0.277 
   204  2:neutral  2:neutral       0.16,*0.765,0.075 
   205  2:neutral  2:neutral       0.093,*0.567,0.34 
   206  2:neutral  2:neutral       0.129,*0.596,0.275 
   207  2:neutral  2:neutral       0.122,*0.534,0.344 
   208  2:neutral  2:neutral       0.138,*0.71,0.151 
   209  2:neutral  2:neutral       0.137,*0.731,0.132 
   210  2:neutral  2:neutral       0.234,*0.404,0.362 
   211  2:neutral  2:neutral       0.091,*0.57,0.339 
   212  2:neutral  2:neutral       0.185,*0.713,0.102 
   213  2:neutral  2:neutral       0.169,*0.696,0.135 
   214  2:neutral  2:neutral       0.149,*0.696,0.156 
   215  2:neutral  2:neutral       0.241,*0.489,0.27 
   216  2:neutral  2:neutral       0.112,*0.626,0.262 
   217  2:neutral  2:neutral       0.186,*0.72,0.094 
   218  2:neutral  2:neutral       0.252,*0.555,0.194 
   219  2:neutral  2:neutral       0.24,*0.708,0.053 
   220  2:neutral  2:neutral       0.137,*0.724,0.139 
   221  2:neutral  2:neutral       0.241,*0.583,0.176 
   222  2:neutral  2:neutral       0.121,*0.498,0.381 
   223  2:neutral  2:neutral       0.122,*0.666,0.212 
   224  2:neutral  2:neutral       0.173,*0.716,0.111 
   225  2:neutral  2:neutral       0.163,*0.723,0.115 
   226  2:neutral  2:neutral       0.096,*0.605,0.299 
   227  2:neutral  2:neutral       0.12,*0.71,0.17 
   228  2:neutral 3:positive   +   0.07,0.331,*0.6 
   229  2:neutral  2:neutral       0.096,*0.643,0.261 
   230  2:neutral  2:neutral       0.236,*0.489,0.274 
   231  2:neutral  2:neutral       0.155,*0.602,0.243 
   232  2:neutral  2:neutral       0.179,*0.538,0.283 
   233  2:neutral  2:neutral       0.164,*0.628,0.208 
   234  2:neutral  2:neutral       0.086,*0.524,0.391 
   235  2:neutral  2:neutral       0.224,*0.69,0.086 
   236  2:neutral  2:neutral       0.146,*0.538,0.316 
   237  2:neutral  2:neutral       0.129,*0.484,0.387 
   238  2:neutral  2:neutral       0.239,*0.67,0.09 
   239  2:neutral  2:neutral       0.123,*0.499,0.378 
   240  2:neutral  2:neutral       0.212,*0.615,0.173 
   241  2:neutral  2:neutral       0.217,*0.633,0.15 
   242  2:neutral  2:neutral       0.113,*0.633,0.254 
   243  2:neutral  2:neutral       0.09,*0.491,0.419 
   244  2:neutral  2:neutral       0.148,*0.747,0.105 
   245  2:neutral  2:neutral       0.156,*0.669,0.175 
   246  2:neutral 3:positive   +   0.097,0.377,*0.526 
   247  2:neutral  2:neutral       0.134,*0.795,0.072 
   248  2:neutral 3:positive   +   0.089,0.35,*0.56 
   249  2:neutral  2:neutral       0.151,*0.57,0.279 
   250  2:neutral  2:neutral       0.128,*0.715,0.157 
   251  2:neutral 3:positive   +   0.104,0.367,*0.528 
   252  2:neutral  2:neutral       0.092,*0.576,0.332 
   253  2:neutral  2:neutral       0.124,*0.7,0.176 
   254  2:neutral  2:neutral       0.207,*0.678,0.115 
   255  2:neutral  2:neutral       0.128,*0.717,0.155 
   256  2:neutral  2:neutral       0.154,*0.607,0.24 
   257  2:neutral  2:neutral       0.137,*0.662,0.201 
   258  2:neutral  2:neutral       0.182,*0.733,0.086 
   259  2:neutral  2:neutral       0.112,*0.578,0.31 
   260  2:neutral  2:neutral       0.181,*0.678,0.141 
   261  2:neutral 3:positive   +   0.081,0.414,*0.504 
   262  2:neutral  2:neutral       0.145,*0.727,0.128 
   263  2:neutral  2:neutral       0.149,*0.659,0.192 
   264  2:neutral  2:neutral       0.171,*0.727,0.103 
   265  2:neutral  2:neutral       0.117,*0.609,0.274 
   266  2:neutral  2:neutral       0.13,*0.71,0.16 
   267  2:neutral 3:positive   +   0.061,0.224,*0.715 
   268  2:neutral  2:neutral       0.235,*0.699,0.066 
   269  2:neutral  2:neutral       0.141,*0.618,0.241 
   270  2:neutral  2:neutral       0.206,*0.543,0.251 
   271  2:neutral  2:neutral       0.241,*0.634,0.124 
   272  2:neutral 3:positive   +   0.065,0.135,*0.8 
   273  2:neutral  2:neutral       0.229,*0.671,0.101 
   274  2:neutral  2:neutral       0.124,*0.491,0.385 
   275  2:neutral  2:neutral       0.277,*0.369,0.353 
   276  2:neutral  2:neutral       0.127,*0.748,0.126 
   277  2:neutral  2:neutral       0.124,*0.634,0.241 
   278  2:neutral  2:neutral       0.137,*0.765,0.097 
   279  2:neutral  2:neutral       0.253,*0.632,0.116 
   280  2:neutral 3:positive   +   0.055,0.357,*0.588 
   281  2:neutral  2:neutral       0.149,*0.709,0.142 
   282  2:neutral  2:neutral       0.138,*0.768,0.093 
   283  2:neutral  2:neutral       0.245,*0.452,0.304 
   284  2:neutral  2:neutral       0.124,*0.593,0.283 
   285  2:neutral  2:neutral       0.136,*0.791,0.073 
   286  2:neutral  2:neutral       0.103,*0.598,0.298 
   287  2:neutral  2:neutral       0.171,*0.731,0.098 
   288  2:neutral  2:neutral       0.209,*0.66,0.132 
   289  2:neutral  2:neutral       0.215,*0.658,0.127 
   290  2:neutral  2:neutral       0.099,*0.603,0.297 
   291  2:neutral  2:neutral       0.12,*0.448,0.432 
   292  2:neutral  2:neutral       0.281,*0.438,0.281 
   293  2:neutral 3:positive   +   0.065,0.313,*0.623 
   294  2:neutral  2:neutral       0.189,*0.576,0.234 
   295  2:neutral  2:neutral       0.241,*0.692,0.066 
   296  2:neutral  2:neutral       0.137,*0.662,0.201 
   297  2:neutral  2:neutral       0.122,*0.495,0.383 
   298  2:neutral  2:neutral       0.114,*0.547,0.339 
   299  2:neutral  2:neutral       0.149,*0.685,0.166 
   300  2:neutral  2:neutral       0.222,*0.698,0.08 
   301  2:neutral  2:neutral       0.138,*0.625,0.236 
   302  2:neutral  2:neutral       0.132,*0.649,0.218 
   303  2:neutral 3:positive   +   0.151,0.321,*0.528 
   304  2:neutral  2:neutral       0.232,*0.47,0.298 
   305  2:neutral  2:neutral       0.11,*0.697,0.193 
   306  2:neutral  2:neutral       0.125,*0.662,0.213 
   307  2:neutral  2:neutral       0.231,*0.669,0.099 
   308  2:neutral  2:neutral       0.172,*0.768,0.061 
   309  2:neutral 3:positive   +   0.089,0.256,*0.655 
   310  2:neutral  2:neutral       0.222,*0.725,0.053 
   311  2:neutral  2:neutral       0.157,*0.533,0.31 
   312  2:neutral  2:neutral       0.137,*0.588,0.275 
   313  2:neutral  2:neutral       0.169,*0.675,0.156 
   314  2:neutral  2:neutral       0.203,*0.585,0.211 
   315  2:neutral  2:neutral       0.087,*0.528,0.385 
   316  2:neutral 3:positive   +   0.085,0.251,*0.663 
   317  2:neutral  2:neutral       0.154,*0.585,0.261 
   318  2:neutral  2:neutral       0.184,*0.7,0.116 
   319  2:neutral  2:neutral       0.193,*0.515,0.292 
   320  2:neutral  2:neutral       0.142,*0.71,0.148 
   321  2:neutral  2:neutral       0.164,*0.721,0.115 
   322  2:neutral  2:neutral       0.133,*0.711,0.156 
   323  2:neutral  2:neutral       0.185,*0.537,0.277 
   324  2:neutral  2:neutral       0.164,*0.704,0.133 
   325  2:neutral  2:neutral       0.148,*0.731,0.121 
   326  2:neutral  2:neutral       0.115,*0.692,0.193 
   327  2:neutral 1:negative   +   *0.399,0.39,0.211 
   328  2:neutral  2:neutral       0.243,*0.704,0.053 
   329  2:neutral  2:neutral       0.254,*0.614,0.133 
   330  2:neutral  2:neutral       0.116,*0.724,0.16 
   331  2:neutral 3:positive   +   0.062,0.284,*0.654 
   332  2:neutral  2:neutral       0.148,*0.683,0.169 
   333  2:neutral  2:neutral       0.101,*0.677,0.223 
   334  2:neutral 3:positive   +   0.164,0.327,*0.509 
   335  2:neutral  2:neutral       0.088,*0.495,0.417 
   336  2:neutral  2:neutral       0.131,*0.626,0.244 
   337  2:neutral  2:neutral       0.158,*0.696,0.146 
   338  2:neutral  2:neutral       0.138,*0.602,0.261 
   339  2:neutral  2:neutral       0.175,*0.624,0.201 
   340  2:neutral  2:neutral       0.202,*0.626,0.172 
   341  2:neutral  2:neutral       0.105,*0.641,0.254 
   342  2:neutral 3:positive   +   0.201,0.167,*0.632 
   343  2:neutral 3:positive   +   0.155,0.386,*0.459 
   344  2:neutral  2:neutral       0.111,*0.56,0.329 
   345  2:neutral  2:neutral       0.111,*0.741,0.148 
   346  2:neutral  2:neutral       0.116,*0.594,0.29 
   347  2:neutral  2:neutral       0.137,*0.662,0.201 
   348  2:neutral  2:neutral       0.21,*0.542,0.247 
   349  2:neutral  2:neutral       0.179,*0.7,0.121 
   350  2:neutral  2:neutral       0.12,*0.622,0.257 
   351  2:neutral  2:neutral       0.129,*0.699,0.172 
   352  2:neutral  2:neutral       0.143,*0.698,0.159 
   353  2:neutral  2:neutral       0.193,*0.585,0.222 
   354  2:neutral  2:neutral       0.293,*0.388,0.319 
   355  2:neutral  2:neutral       0.137,*0.662,0.201 
   356  2:neutral  2:neutral       0.179,*0.548,0.274 
   357  2:neutral  2:neutral       0.138,*0.48,0.382 
   358  2:neutral  2:neutral       0.112,*0.477,0.41 
   359  2:neutral  2:neutral       0.242,*0.708,0.05 
   360  2:neutral  2:neutral       0.186,*0.73,0.084 
   361  2:neutral  2:neutral       0.141,*0.725,0.133 
   362  2:neutral  2:neutral       0.234,*0.62,0.146 
   363  2:neutral  2:neutral       0.202,*0.703,0.095 
   364  2:neutral  2:neutral       0.127,*0.697,0.175 
   365  2:neutral 3:positive   +   0.301,0.338,*0.361 
   366  2:neutral  2:neutral       0.131,*0.7,0.169 
   367  2:neutral  2:neutral       0.171,*0.469,0.36 
