Zero Weights processed. Default weights will be used
..
Warning: using -h 0 may be faster
*
optimization finished, #iter = 2379
C = 1052.6123181303994
obj = 577344.8193478809, rho = -43.157843386297145
nSV = 2396, nBSV = 963
Total nSV = 2396
..
Warning: using -h 0 may be faster
*
optimization finished, #iter = 2397
C = 1127.3364664001895
obj = 617345.8300788678, rho = -21.199532936252478
nSV = 2431, nBSV = 967
Total nSV = 2431
..
Warning: using -h 0 may be faster
*
optimization finished, #iter = 2527
C = 1084.5323796002867
obj = 598811.116579131, rho = -23.938740661633204
nSV = 2467, nBSV = 942
Total nSV = 2467
..
Warning: using -h 0 may be faster
*
optimization finished, #iter = 2622
C = 1146.5209407067223
obj = 626345.2419991624, rho = -17.16967057723214
nSV = 2461, nBSV = 934
Total nSV = 2461
..
Warning: using -h 0 may be faster
*
optimization finished, #iter = 2563
C = 1032.3051465168935
obj = 549052.0585563086, rho = -31.10047800018451
nSV = 2447, nBSV = 962
Total nSV = 2447
Line search fails in two-class probability estimates
..
Warning: using -h 0 may be faster
*
optimization finished, #iter = 2959
C = 1098.6232095548671
obj = 715838.3056412137, rho = -33.90183135525007
nSV = 2925, nBSV = 1273
....
Warning: using -h 0 may be faster
*
optimization finished, #iter = 4061
C = 2733.931001919092
obj = 2628790.5675827553, rho = -29.917706503667976
nSV = 4106, nBSV = 1326
Total nSV = 4106
....
Warning: using -h 0 may be faster
*
optimization finished, #iter = 4081
C = 2784.699032033016
obj = 2722948.6395638315, rho = 2.4343555694467143
nSV = 4150, nBSV = 1306
Total nSV = 4150
...
Warning: using -h 0 may be faster
*
optimization finished, #iter = 3949
C = 2724.6190424203
obj = 2681889.724528751, rho = 16.699063612396657
nSV = 4056, nBSV = 1353
Total nSV = 4056
...
Warning: using -h 0 may be faster
*
optimization finished, #iter = 3837
C = 2795.2732637588047
obj = 2819762.604966899, rho = 12.339465834364104
nSV = 4114, nBSV = 1338
Total nSV = 4114
....
Warning: using -h 0 may be faster
*
optimization finished, #iter = 4044
C = 2868.150329331089
obj = 2813252.424341922, rho = -7.203899410415358
nSV = 4103, nBSV = 1334
Total nSV = 4103
....
Warning: using -h 0 may be faster
*
optimization finished, #iter = 4779
C = 2938.577936583379
obj = 3461090.6378908465, rho = -15.782703163217917
nSV = 4984, nBSV = 1782
..
Warning: using -h 0 may be faster
*
optimization finished, #iter = 2648
C = 1152.295685173853
obj = 719881.3877832099, rho = -74.95352854590828
nSV = 2811, nBSV = 1120
Total nSV = 2811
..
Warning: using -h 0 may be faster
*
optimization finished, #iter = 2659
C = 1146.6111528481006
obj = 703566.0690117416, rho = -56.138646430110946
nSV = 2825, nBSV = 1137
Total nSV = 2825
..
Warning: using -h 0 may be faster
*
optimization finished, #iter = 2630
C = 1125.3118539287418
obj = 687324.7517887327, rho = -57.96449267108352
nSV = 2806, nBSV = 1124
Total nSV = 2806
..
Warning: using -h 0 may be faster
*
optimization finished, #iter = 2620
C = 1189.1644227962734
obj = 741012.4583237465, rho = -80.19174729208781
nSV = 2812, nBSV = 1126
Total nSV = 2812
..
Warning: using -h 0 may be faster
*
optimization finished, #iter = 2697
C = 1148.666938745724
obj = 704439.3746433101, rho = -57.6533505229132
nSV = 2811, nBSV = 1111
Total nSV = 2811
...
Warning: using -h 0 may be faster
*
optimization finished, #iter = 3206
C = 1160.700888605082
obj = 834846.8280719606, rho = 13.407898241825414
nSV = 3406, nBSV = 1465
Total nSV = 7838
.
Warning: using -h 0 may be faster
*
optimization finished, #iter = 1990
C = 1033.6377173614962
obj = 467758.2346069434, rho = -15.705129804979718
nSV = 1998, nBSV = 726
Total nSV = 1998
..
Warning: using -h 0 may be faster
*
optimization finished, #iter = 2073
C = 1127.9842798857387
obj = 522562.7051985069, rho = -18.51850182027653
nSV = 1995, nBSV = 712
Total nSV = 1995
.
Warning: using -h 0 may be faster
*
optimization finished, #iter = 1912
C = 1053.7086926338964
obj = 487351.1892334223, rho = -20.265560958265368
nSV = 1984, nBSV = 749
Total nSV = 1984
.
Warning: using -h 0 may be faster
*
optimization finished, #iter = 1916
C = 1076.3992681625214
obj = 487654.4250902021, rho = -26.139211860491233
nSV = 2002, nBSV = 742
Total nSV = 2002
..
Warning: using -h 0 may be faster
*
optimization finished, #iter = 2083
C = 1090.4563587388154
obj = 500907.1414725336, rho = -16.277185375846365
nSV = 2038, nBSV = 721
Total nSV = 2038
..
Warning: using -h 0 may be faster
*
optimization finished, #iter = 2394
C = 1065.3568329279447
obj = 571998.0171324936, rho = -25.602742101541555
nSV = 2419, nBSV = 945
...
Warning: using -h 0 may be faster
*
optimization finished, #iter = 3544
C = 2648.777328742245
obj = 2220961.391503781, rho = -150.11044654377537
nSV = 3469, nBSV = 977
Total nSV = 3469
...
Warning: using -h 0 may be faster
*
optimization finished, #iter = 3301
C = 2461.927060859423
obj = 1985904.4879220915, rho = 14.756026673466508
nSV = 3416, nBSV = 999
Total nSV = 3416
...
Warning: using -h 0 may be faster
*
optimization finished, #iter = 3266
C = 2603.1084244755407
obj = 2150832.5057132193, rho = -22.275996552034368
nSV = 3400, nBSV = 986
Total nSV = 3400
...
Warning: using -h 0 may be faster
*
optimization finished, #iter = 3254
C = 2522.8880204463594
obj = 2030078.7082005907, rho = 15.765951964240342
nSV = 3418, nBSV = 1024
Total nSV = 3418
...
Warning: using -h 0 may be faster
*
optimization finished, #iter = 3488
C = 2638.044540295916
obj = 2167234.299845683, rho = -9.15223600314491
nSV = 3488, nBSV = 977
Total nSV = 3488
....
Warning: using -h 0 may be faster
*
optimization finished, #iter = 4188
C = 2716.116672360282
obj = 2651122.6084894505, rho = 5.44222942826335
nSV = 4219, nBSV = 1298
..
Warning: using -h 0 may be faster
*
optimization finished, #iter = 2265
C = 1062.7214072124955
obj = 531396.1159793927, rho = 31.763304732069333
nSV = 2323, nBSV = 853
Total nSV = 2323
..
Warning: using -h 0 may be faster
*
optimization finished, #iter = 2157
C = 1105.2192061900384
obj = 579039.5441640271, rho = 28.37972243937586
nSV = 2319, nBSV = 870
Total nSV = 2319
..
Warning: using -h 0 may be faster
*
optimization finished, #iter = 2076
C = 1062.6419410933934
obj = 540553.1203129984, rho = 4.248730239580351
nSV = 2273, nBSV = 874
Total nSV = 2273
..
Warning: using -h 0 may be faster
*
optimization finished, #iter = 2042
C = 1112.8832273556081
obj = 584004.6227007499, rho = 12.033248925517611
nSV = 2262, nBSV = 871
Total nSV = 2262
..
Warning: using -h 0 may be faster
*
optimization finished, #iter = 2091
C = 1121.8825527637105
obj = 593892.4164270372, rho = 33.527872642611236
nSV = 2263, nBSV = 867
Total nSV = 2263
..
Warning: using -h 0 may be faster
*
optimization finished, #iter = 2573
C = 1108.2203006988354
obj = 674257.3691219197, rho = 18.899650311424608
nSV = 2790, nBSV = 1141
Total nSV = 6442
..
Warning: using -h 0 may be faster
*
optimization finished, #iter = 2094
C = 1105.8574027776667
obj = 505832.99532458064, rho = -21.216926764486963
nSV = 2007, nBSV = 700
Total nSV = 2007
.
Warning: using -h 0 may be faster
*
optimization finished, #iter = 1996
C = 1092.0993297611724
obj = 500178.3737415505, rho = -23.29562866095878
nSV = 1990, nBSV = 733
Total nSV = 1990
..
Warning: using -h 0 may be faster
*
optimization finished, #iter = 2061
C = 1023.6352932954044
obj = 462306.6954534786, rho = -29.09798068347437
nSV = 2012, nBSV = 727
Total nSV = 2012
..
Warning: using -h 0 may be faster
*
optimization finished, #iter = 2032
C = 1052.7504486982157
obj = 474382.58940898284, rho = -27.042425882539955
nSV = 2002, nBSV = 725
Total nSV = 2002
.
Warning: using -h 0 may be faster
*
optimization finished, #iter = 1996
C = 1169.7084437894835
obj = 541319.8983666571, rho = -28.872832552879206
nSV = 2016, nBSV = 724
Total nSV = 2016
..
Warning: using -h 0 may be faster
*
optimization finished, #iter = 2455
C = 1089.9618514270685
obj = 583447.2989136572, rho = -27.837954171093674
nSV = 2431, nBSV = 972
...
Warning: using -h 0 may be faster
*
optimization finished, #iter = 3258
C = 2471.297729230773
obj = 1994665.7535022355, rho = -8.346984418347972
nSV = 3388, nBSV = 1014
Total nSV = 3388
...
Warning: using -h 0 may be faster
*
optimization finished, #iter = 3727
C = 2666.9201468523233
obj = 2154290.1848092233, rho = -102.43004222619693
nSV = 3495, nBSV = 976
Total nSV = 3495
...
Warning: using -h 0 may be faster
*
optimization finished, #iter = 3493
C = 2589.194530624541
obj = 2104182.48077746, rho = -120.77018790586355
nSV = 3483, nBSV = 970
Total nSV = 3483
...
Warning: using -h 0 may be faster
*
optimization finished, #iter = 3638
C = 2603.633890623006
obj = 2075032.2099943524, rho = -138.59005458404778
nSV = 3477, nBSV = 939
Total nSV = 3477
...
Warning: using -h 0 may be faster
*
optimization finished, #iter = 3393
C = 2564.130637993773
obj = 2085418.7436862825, rho = -128.42125275739016
nSV = 3468, nBSV = 998
Total nSV = 3468
....
Warning: using -h 0 may be faster
*
optimization finished, #iter = 4009
C = 2684.988696836736
obj = 2553698.0010002754, rho = -37.69641587808581
nSV = 4107, nBSV = 1356
..
Warning: using -h 0 may be faster
*
optimization finished, #iter = 2170
C = 1095.7914846906058
obj = 558090.7338757084, rho = -59.22634158037746
nSV = 2301, nBSV = 859
Total nSV = 2301
..
Warning: using -h 0 may be faster
*
optimization finished, #iter = 2078
C = 1061.1169963284317
obj = 531079.2557122692, rho = 12.334525096735579
nSV = 2281, nBSV = 866
Total nSV = 2281
..
Warning: using -h 0 may be faster
*
optimization finished, #iter = 2118
C = 1100.37670481782
obj = 552078.3823892644, rho = 31.387454230935315
nSV = 2295, nBSV = 864
Total nSV = 2295
..
Warning: using -h 0 may be faster
*
optimization finished, #iter = 2158
C = 1122.076134582976
obj = 578435.2773587629, rho = 11.08761027916224
nSV = 2283, nBSV = 837
Total nSV = 2283
..
Warning: using -h 0 may be faster
*
optimization finished, #iter = 2088
C = 1123.0370511580797
obj = 569038.6960214406, rho = 23.498569800849936
nSV = 2302, nBSV = 870
Total nSV = 2302
..
Warning: using -h 0 may be faster
*
optimization finished, #iter = 2525
C = 1123.0334094121117
obj = 678451.0547560325, rho = 19.338146679842957
nSV = 2753, nBSV = 1146
Total nSV = 6353
...
Warning: using -h 0 may be faster
*
optimization finished, #iter = 3418
C = 2612.5168486624466
obj = 2184581.359973647, rho = -126.78616419869836
nSV = 3442, nBSV = 973
Total nSV = 3442
...
Warning: using -h 0 may be faster
*
optimization finished, #iter = 3202
C = 2643.3720761772474
obj = 2228343.525120827, rho = -9.316799950247514
nSV = 3423, nBSV = 977
Total nSV = 3423
...
Warning: using -h 0 may be faster
*
optimization finished, #iter = 3286
C = 2741.7270636546336
obj = 2328406.4073154964, rho = 6.139106386315733
nSV = 3408, nBSV = 992
Total nSV = 3408
...
Warning: using -h 0 may be faster
*
optimization finished, #iter = 3365
C = 2635.149274521951
obj = 2193398.7980663455, rho = 15.528252214277845
nSV = 3486, nBSV = 984
Total nSV = 3486
...
Warning: using -h 0 may be faster
*
optimization finished, #iter = 3685
C = 2625.1566767028617
obj = 2091594.9764058925, rho = -15.49679353918342
nSV = 3499, nBSV = 966
Total nSV = 3499
....
Warning: using -h 0 may be faster
*
optimization finished, #iter = 4232
C = 2800.533861489039
obj = 2746973.2153933104, rho = -143.8395843643058
nSV = 4210, nBSV = 1262
..
Warning: using -h 0 may be faster
*
optimization finished, #iter = 2291
C = 1168.1754311375528
obj = 602100.1454829569, rho = -70.94371990352643
nSV = 2364, nBSV = 830
Total nSV = 2364
..
Warning: using -h 0 may be faster
*
optimization finished, #iter = 2262
C = 1198.0276539876422
obj = 634822.2661564997, rho = -60.74293338513157
nSV = 2384, nBSV = 832
Total nSV = 2384
..
Warning: using -h 0 may be faster
*
optimization finished, #iter = 2339
C = 1251.2955166772488
obj = 666896.7620912591, rho = -71.57263272512854
nSV = 2389, nBSV = 813
Total nSV = 2389
..
Warning: using -h 0 may be faster
*
optimization finished, #iter = 2186
C = 1257.5496893496972
obj = 679654.862537297, rho = -66.0191417668253
nSV = 2338, nBSV = 845
Total nSV = 2338
..
Warning: using -h 0 may be faster
*
optimization finished, #iter = 2163
C = 1177.8777711043795
obj = 616055.6173483365, rho = -55.890212958744065
nSV = 2335, nBSV = 854
Total nSV = 2335
..
Warning: using -h 0 may be faster
*
optimization finished, #iter = 2668
C = 1208.1858045222157
obj = 742028.9794539823, rho = -72.17685743185255
nSV = 2817, nBSV = 1099
.
Warning: using -h 0 may be faster
*
optimization finished, #iter = 1921
C = 1121.397391503702
obj = 519220.96846015455, rho = -16.563147313753422
nSV = 1986, nBSV = 744
Total nSV = 1986
.
Warning: using -h 0 may be faster
*
optimization finished, #iter = 1982
C = 1059.7483929625962
obj = 480210.13992468663, rho = -49.87820376453275
nSV = 2021, nBSV = 732
Total nSV = 2021
.
Warning: using -h 0 may be faster
*
optimization finished, #iter = 1976
C = 1048.7635347042278
obj = 486316.44777980313, rho = -23.555853471638766
nSV = 1976, nBSV = 721
Total nSV = 1976
..
Warning: using -h 0 may be faster
*
optimization finished, #iter = 2022
C = 1087.4099984615636
obj = 504373.3394047186, rho = -25.42432965435875
nSV = 1993, nBSV = 733
Total nSV = 1993
..
Warning: using -h 0 may be faster
*
optimization finished, #iter = 2083
C = 1155.8305991344268
obj = 542153.8439108982, rho = -32.529971182328936
nSV = 2043, nBSV = 714
Total nSV = 2043
..
Warning: using -h 0 may be faster
*
optimization finished, #iter = 2401
C = 1075.9158276267822
obj = 579349.3070570884, rho = -40.76586984194789
nSV = 2438, nBSV = 961
Total nSV = 6501
..
Warning: using -h 0 may be faster
*
optimization finished, #iter = 2051
C = 1127.0286712333243
obj = 521517.36270297196, rho = -23.488226333054584
nSV = 2049, nBSV = 711
Total nSV = 2049
..
Warning: using -h 0 may be faster
*
optimization finished, #iter = 2088
C = 1114.0783475160017
obj = 520416.8245664667, rho = -23.251767003691583
nSV = 2044, nBSV = 705
Total nSV = 2044
..
Warning: using -h 0 may be faster
*
optimization finished, #iter = 2034
C = 1100.501650537966
obj = 511641.8118645891, rho = -17.89293364327791
nSV = 2018, nBSV = 727
Total nSV = 2018
..
Warning: using -h 0 may be faster
*
optimization finished, #iter = 2053
C = 1113.014255806153
obj = 525621.8932631495, rho = -14.464611473772287
nSV = 2019, nBSV = 710
Total nSV = 2019
..
Warning: using -h 0 may be faster
*
optimization finished, #iter = 2043
C = 1090.2617905125735
obj = 504561.96662292955, rho = -13.158028832153832
nSV = 1997, nBSV = 717
Total nSV = 1997
..
Warning: using -h 0 may be faster
*
optimization finished, #iter = 2380
C = 1097.8587558608656
obj = 611487.4113469917, rho = -25.237979076621244
nSV = 2419, nBSV = 945
..
Warning: using -h 0 may be faster
*
optimization finished, #iter = 2122
C = 1095.2978513842202
obj = 561862.962478227, rho = 15.389064216049153
nSV = 2292, nBSV = 868
Total nSV = 2292
..
Warning: using -h 0 may be faster
*
optimization finished, #iter = 2135
C = 1121.710788113957
obj = 582972.9751155933, rho = -48.63172359474999
nSV = 2302, nBSV = 834
Total nSV = 2302
..
Warning: using -h 0 may be faster
*
optimization finished, #iter = 2117
C = 1168.2665449427823
obj = 616288.9821514174, rho = -50.40571039139036
nSV = 2294, nBSV = 852
Total nSV = 2294
..
Warning: using -h 0 may be faster
*
optimization finished, #iter = 2179
C = 1004.0089255911205
obj = 496297.2018671618, rho = -37.610305866711755
nSV = 2277, nBSV = 874
Total nSV = 2277
..
Warning: using -h 0 may be faster
*
optimization finished, #iter = 2192
C = 1112.8133592972595
obj = 570135.8986105655, rho = -51.44026679312788
nSV = 2307, nBSV = 834
Total nSV = 2307
..
Warning: using -h 0 may be faster
*
optimization finished, #iter = 2635
C = 1128.902756790184
obj = 684475.7245628529, rho = 5.354417925016993
nSV = 2796, nBSV = 1130
...
Warning: using -h 0 may be faster
*
optimization finished, #iter = 3293
C = 2523.2454243470293
obj = 2072956.016701704, rho = 7.549721625215764
nSV = 3406, nBSV = 1021
Total nSV = 3406
...
Warning: using -h 0 may be faster
*
optimization finished, #iter = 3521
C = 2528.5328112288557
obj = 2084179.8543742392, rho = -126.88371275603943
nSV = 3437, nBSV = 982
Total nSV = 3437
...
Warning: using -h 0 may be faster
*
optimization finished, #iter = 3534
C = 2562.232443048218
obj = 2081070.127051314, rho = -125.76472238579721
nSV = 3427, nBSV = 979
Total nSV = 3427
...
Warning: using -h 0 may be faster
*
optimization finished, #iter = 3560
C = 2561.722455270146
obj = 2080484.4584119394, rho = -112.06682787379845
nSV = 3446, nBSV = 977
Total nSV = 3446
...
Warning: using -h 0 may be faster
*
optimization finished, #iter = 3406
C = 2548.40966366706
obj = 2072074.4921189442, rho = -110.78235614624552
nSV = 3478, nBSV = 1003
Total nSV = 3478
....
Warning: using -h 0 may be faster
*
optimization finished, #iter = 4200
C = 2672.2487872574798
obj = 2571496.9968620194, rho = -1.7321276245188275
nSV = 4165, nBSV = 1293
Total nSV = 6405
..
Warning: using -h 0 may be faster
*
optimization finished, #iter = 2202
C = 1014.4626334542024
obj = 501966.1032307642, rho = -40.41616400125121
nSV = 2295, nBSV = 872
Total nSV = 2295
..
Warning: using -h 0 may be faster
*
optimization finished, #iter = 2214
C = 1041.720881690848
obj = 524535.3599160673, rho = -54.25496225429115
nSV = 2275, nBSV = 867
Total nSV = 2275
..
Warning: using -h 0 may be faster
*
optimization finished, #iter = 2120
C = 1090.17561223302
obj = 547968.3093499151, rho = -63.283452759857006
nSV = 2285, nBSV = 858
Total nSV = 2285
..
Warning: using -h 0 may be faster
*
optimization finished, #iter = 2457
C = 1175.3640334325448
obj = 614669.9333405477, rho = -47.52811008532084
nSV = 2382, nBSV = 828
Total nSV = 2382
..
Warning: using -h 0 may be faster
*
optimization finished, #iter = 2256
C = 1047.5851046224377
obj = 515652.2413426414, rho = -34.50778863598824
nSV = 2313, nBSV = 889
Total nSV = 2313
..
Warning: using -h 0 may be faster
*
optimization finished, #iter = 2590
C = 1073.3458652165332
obj = 637904.3132713638, rho = 9.64583170507061
nSV = 2764, nBSV = 1126
.
Warning: using -h 0 may be faster
*
optimization finished, #iter = 1968
C = 1041.8443773459153
obj = 475262.81611796335, rho = -28.45740513177803
nSV = 2001, nBSV = 719
Total nSV = 2001
..
Warning: using -h 0 may be faster
*
optimization finished, #iter = 2024
C = 1089.044643694268
obj = 505355.690628964, rho = -40.83366823539903
nSV = 1995, nBSV = 735
Total nSV = 1995
.
Warning: using -h 0 may be faster
*
optimization finished, #iter = 1857
C = 1045.2149659101024
obj = 475692.5676562169, rho = -22.84172272513805
nSV = 1956, nBSV = 751
Total nSV = 1956
.
Warning: using -h 0 may be faster
*
optimization finished, #iter = 1947
C = 1050.0395290853576
obj = 488421.83334591857, rho = -27.8591606271295
nSV = 1987, nBSV = 738
Total nSV = 1987
..
Warning: using -h 0 may be faster
*
optimization finished, #iter = 2030
C = 1060.9636703222343
obj = 483498.92154267343, rho = -37.33850611314513
nSV = 1999, nBSV = 722
Total nSV = 1999
..
Warning: using -h 0 may be faster
*
optimization finished, #iter = 2393
C = 1056.5212594243546
obj = 571833.6657344401, rho = -14.64498602258534
nSV = 2390, nBSV = 952
...
Warning: using -h 0 may be faster
*
optimization finished, #iter = 3298
C = 2574.0725081688324
obj = 2098486.226831197, rho = -92.51445977360906
nSV = 3413, nBSV = 985
Total nSV = 3413
...
Warning: using -h 0 may be faster
*
optimization finished, #iter = 3362
C = 2719.3125072891453
obj = 2291190.7701099813, rho = -146.85533448865843
nSV = 3458, nBSV = 1004
Total nSV = 3458
...
Warning: using -h 0 may be faster
*
optimization finished, #iter = 3174
C = 2691.788953991018
obj = 2271605.632531079, rho = -122.07514845296038
nSV = 3392, nBSV = 983
Total nSV = 3392
...
Warning: using -h 0 may be faster
*
optimization finished, #iter = 3423
C = 2708.5001467982092
obj = 2208454.2993007917, rho = -99.6637332172719
nSV = 3460, nBSV = 981
Total nSV = 3460
...
Warning: using -h 0 may be faster
*
optimization finished, #iter = 3228
C = 2572.864691924087
obj = 2098787.402912427, rho = -128.09551540988264
nSV = 3411, nBSV = 1007
Total nSV = 3411
....
Warning: using -h 0 may be faster
*
optimization finished, #iter = 4345
C = 2881.344753386626
obj = 2788998.534255311, rho = -131.39836210358996
nSV = 4209, nBSV = 1280
Total nSV = 6441


=== Predictions under cross-validation ===

 inst#     actual  predicted error distribution
     1  2:neutral  2:neutral       0.202,*0.559,0.239 
     2  2:neutral  2:neutral       0.016,*0.796,0.188 
     3  2:neutral 3:positive   +   0.075,0.249,*0.676 
     4  2:neutral  2:neutral       0.09,*0.573,0.336 
     5  2:neutral  2:neutral       0.076,*0.764,0.16 
     6  2:neutral 1:negative   +   *0.496,0.444,0.059 
     7  2:neutral 3:positive   +   0.048,0.203,*0.749 
     8  2:neutral  2:neutral       0.098,*0.764,0.138 
     9  2:neutral  2:neutral       0.102,*0.483,0.415 
    10  2:neutral 1:negative   +   *0.743,0.166,0.091 
    11  2:neutral  2:neutral       0.043,*0.521,0.436 
    12  2:neutral  2:neutral       0.06,*0.809,0.131 
    13  2:neutral  2:neutral       0.033,*0.84,0.127 
    14  2:neutral  2:neutral       0.023,*0.698,0.279 
    15  2:neutral  2:neutral       0.312,*0.473,0.216 
    16  2:neutral  2:neutral       0.026,*0.516,0.457 
    17  2:neutral 3:positive   +   0.314,0.304,*0.382 
    18  2:neutral 3:positive   +   0.264,0.366,*0.37 
    19  2:neutral  2:neutral       0.107,*0.597,0.296 
    20  2:neutral  2:neutral       0.023,*0.917,0.06 
    21  2:neutral  2:neutral       0.273,*0.399,0.328 
    22  2:neutral  2:neutral       0.089,*0.562,0.349 
    23  2:neutral  2:neutral       0.083,*0.629,0.288 
    24  2:neutral  2:neutral       0.078,*0.744,0.178 
    25  2:neutral  2:neutral       0.081,*0.63,0.289 
    26  2:neutral 3:positive   +   0.292,0.227,*0.481 
    27  2:neutral  2:neutral       0.03,*0.777,0.194 
    28  2:neutral 1:negative   +   *0.443,0.396,0.16 
    29  2:neutral  2:neutral       0.039,*0.577,0.384 
    30  2:neutral 3:positive   +   0.039,0.324,*0.637 
    31  2:neutral 1:negative   +   *0.485,0.435,0.08 
    32  2:neutral 1:negative   +   *0.945,0.044,0.011 
    33  2:neutral  2:neutral       0.012,*0.805,0.183 
    34  2:neutral  2:neutral       0.069,*0.744,0.187 
    35  2:neutral  2:neutral       0.161,*0.778,0.061 
    36  2:neutral  2:neutral       0.01,*0.769,0.221 
    37  2:neutral  2:neutral       0.291,*0.43,0.279 
    38  2:neutral  2:neutral       0.115,*0.656,0.23 
    39  2:neutral  2:neutral       0.026,*0.827,0.147 
    40  2:neutral  2:neutral       0.054,*0.646,0.3 
    41  2:neutral  2:neutral       0.073,*0.856,0.071 
    42  2:neutral  2:neutral       0.027,*0.767,0.206 
    43  2:neutral 3:positive   +   0.242,0.088,*0.67 
    44  2:neutral  2:neutral       0.087,*0.558,0.355 
    45  2:neutral  2:neutral       0.045,*0.752,0.203 
    46  2:neutral  2:neutral       0.02,*0.686,0.293 
    47  2:neutral  2:neutral       0.066,*0.569,0.365 
    48  2:neutral 3:positive   +   0.063,0.42,*0.517 
    49  2:neutral  2:neutral       0.057,*0.795,0.148 
    50  2:neutral  2:neutral       0.064,*0.722,0.213 
    51  2:neutral  2:neutral       0.178,*0.716,0.107 
    52  2:neutral  2:neutral       0.197,*0.574,0.229 
    53  2:neutral  2:neutral       0.195,*0.45,0.355 
    54  2:neutral  2:neutral       0.085,*0.501,0.413 
    55  2:neutral  2:neutral       0.057,*0.809,0.134 
    56  2:neutral  2:neutral       0.045,*0.872,0.082 
    57  2:neutral 3:positive   +   0.122,0.359,*0.518 
    58  2:neutral 3:positive   +   0.068,0.441,*0.491 
    59  2:neutral  2:neutral       0.08,*0.53,0.39 
    60  2:neutral  2:neutral       0.057,*0.586,0.357 
    61  2:neutral  2:neutral       0.236,*0.595,0.169 
    62  2:neutral  2:neutral       0.128,*0.552,0.321 
    63  2:neutral  2:neutral       0.037,*0.706,0.257 
    64  2:neutral  2:neutral       0.078,*0.534,0.389 
    65  2:neutral  2:neutral       0.177,*0.635,0.188 
    66  2:neutral 3:positive   +   0.121,0.171,*0.708 
    67  2:neutral  2:neutral       0.11,*0.476,0.414 
    68  2:neutral 3:positive   +   0.177,0.402,*0.421 
    69  2:neutral 3:positive   +   0.046,0.349,*0.605 
    70  2:neutral 3:positive   +   0.13,0.354,*0.516 
    71  2:neutral  2:neutral       0.141,*0.676,0.183 
    72  2:neutral 3:positive   +   0.024,0.071,*0.905 
    73  2:neutral 3:positive   +   0.109,0.306,*0.584 
    74  2:neutral 3:positive   +   0.062,0.427,*0.511 
    75  2:neutral  2:neutral       0.071,*0.753,0.176 
    76  2:neutral  2:neutral       0.143,*0.684,0.172 
    77  2:neutral  2:neutral       0.113,*0.559,0.328 
    78  2:neutral  2:neutral       0.063,*0.541,0.396 
    79  2:neutral 1:negative   +   *0.5,0.422,0.077 
    80  2:neutral  2:neutral       0.071,*0.863,0.066 
    81  2:neutral  2:neutral       0.313,*0.398,0.289 
    82  2:neutral  2:neutral       0.109,*0.804,0.087 
    83  2:neutral 1:negative   +   *0.45,0.144,0.406 
    84  2:neutral 3:positive   +   0.024,0.213,*0.762 
    85  2:neutral 1:negative   +   *0.466,0.393,0.141 
    86  2:neutral  2:neutral       0.057,*0.775,0.168 
    87  2:neutral 3:positive   +   0.021,0.454,*0.525 
    88  2:neutral  2:neutral       0.029,*0.639,0.332 
    89  2:neutral 1:negative   +   *0.535,0.134,0.33 
    90  2:neutral  2:neutral       0.016,*0.843,0.141 
    91  2:neutral  2:neutral       0.113,*0.588,0.3 
    92  2:neutral  2:neutral       0.103,*0.686,0.211 
    93  2:neutral  2:neutral       0.068,*0.584,0.348 
    94  2:neutral  2:neutral       0.075,*0.534,0.391 
    95  2:neutral 3:positive   +   0.108,0.403,*0.488 
    96  2:neutral  2:neutral       0.142,*0.685,0.172 
    97  2:neutral  2:neutral       0.081,*0.657,0.261 
    98  2:neutral 3:positive   +   0.077,0.358,*0.565 
    99  2:neutral  2:neutral       0.063,*0.75,0.187 
   100  2:neutral  2:neutral       0.104,*0.721,0.175 
   101  2:neutral  2:neutral       0.316,*0.355,0.329 
   102  2:neutral 3:positive   +   0.06,0.31,*0.63 
   103  2:neutral  2:neutral       0.069,*0.695,0.236 
   104  2:neutral  2:neutral       0.16,*0.485,0.354 
   105  2:neutral  2:neutral       0.072,*0.645,0.283 
   106  2:neutral 3:positive   +   0.065,0.169,*0.766 
   107  2:neutral  2:neutral       0.091,*0.607,0.301 
   108  2:neutral  2:neutral       0.056,*0.699,0.245 
   109  2:neutral  2:neutral       0.022,*0.865,0.113 
   110  2:neutral  2:neutral       0.133,*0.598,0.269 
   111  2:neutral 3:positive   +   0.061,0.441,*0.498 
   112  2:neutral  2:neutral       0.011,*0.864,0.125 
   113  2:neutral  2:neutral       0.029,*0.667,0.304 
   114  2:neutral 3:positive   +   0.218,0.301,*0.482 
   115  2:neutral  2:neutral       0.07,*0.466,0.464 
   116  2:neutral  2:neutral       0.153,*0.647,0.2 
   117  2:neutral  2:neutral       0.032,*0.891,0.077 
   118  2:neutral 3:positive   +   0.066,0.458,*0.476 
   119  2:neutral  2:neutral       0.043,*0.767,0.19 
   120  2:neutral 3:positive   +   0.043,0.234,*0.723 
   121  2:neutral  2:neutral       0.068,*0.55,0.382 
   122  2:neutral 3:positive   +   0.172,0.158,*0.67 
   123  2:neutral  2:neutral       0.078,*0.839,0.083 
   124  2:neutral  2:neutral       0.085,*0.853,0.063 
   125  2:neutral  2:neutral       0.198,*0.63,0.171 
   126  2:neutral  2:neutral       0.074,*0.627,0.3 
   127  2:neutral  2:neutral       0.05,*0.779,0.171 
   128  2:neutral 3:positive   +   0.017,0.339,*0.644 
   129  2:neutral  2:neutral       0.177,*0.544,0.279 
   130  2:neutral  2:neutral       0.066,*0.749,0.185 
   131  2:neutral  2:neutral       0.262,*0.49,0.248 
   132  2:neutral  2:neutral       0.08,*0.596,0.324 
   133  2:neutral  2:neutral       0.105,*0.643,0.252 
   134  2:neutral  2:neutral       0.088,*0.498,0.415 
   135  2:neutral  2:neutral       0.023,*0.79,0.186 
   136  2:neutral  2:neutral       0.009,*0.695,0.296 
   137  2:neutral  2:neutral       0.071,*0.702,0.227 
   138  2:neutral  2:neutral       0.024,*0.503,0.473 
   139  2:neutral  2:neutral       0.148,*0.584,0.268 
   140  2:neutral  2:neutral       0.204,*0.53,0.267 
   141  2:neutral  2:neutral       0.055,*0.677,0.269 
   142  2:neutral  2:neutral       0.195,*0.63,0.175 
   143  2:neutral  2:neutral       0.154,*0.603,0.243 
   144  2:neutral  2:neutral       0.112,*0.609,0.279 
   145  2:neutral 3:positive   +   0.307,0.278,*0.415 
   146  2:neutral  2:neutral       0.404,*0.482,0.114 
   147  2:neutral  2:neutral       0.029,*0.675,0.296 
   148  2:neutral  2:neutral       0.106,*0.719,0.175 
   149  2:neutral 3:positive   +   0.129,0.272,*0.599 
   150  2:neutral  2:neutral       0.08,*0.778,0.142 
   151  2:neutral  2:neutral       0.109,*0.705,0.186 
   152  2:neutral  2:neutral       0.032,*0.889,0.079 
   153  2:neutral  2:neutral       0.031,*0.828,0.141 
   154  2:neutral  2:neutral       0.136,*0.68,0.184 
   155  2:neutral 3:positive   +   0.041,0.446,*0.513 
   156  2:neutral 3:positive   +   0.06,0.276,*0.664 
   157  2:neutral  2:neutral       0.042,*0.647,0.312 
   158  2:neutral  2:neutral       0.034,*0.833,0.133 
   159  2:neutral  2:neutral       0.098,*0.857,0.045 
   160  2:neutral  2:neutral       0.007,*0.53,0.463 
   161  2:neutral  2:neutral       0.181,*0.508,0.311 
   162  2:neutral  2:neutral       0.033,*0.801,0.166 
   163  2:neutral  2:neutral       0.016,*0.696,0.288 
   164  2:neutral  2:neutral       0.254,*0.465,0.281 
   165  2:neutral  2:neutral       0.047,*0.826,0.127 
   166  2:neutral  2:neutral       0.091,*0.612,0.297 
   167  2:neutral  2:neutral       0.078,*0.523,0.399 
   168  2:neutral  2:neutral       0.037,*0.741,0.223 
   169  2:neutral  2:neutral       0.161,*0.462,0.377 
   170  2:neutral  2:neutral       0.074,*0.736,0.19 
   171  2:neutral  2:neutral       0.058,*0.539,0.404 
   172  2:neutral  2:neutral       0.113,*0.597,0.289 
   173  2:neutral 1:negative   +   *0.707,0.241,0.052 
   174  2:neutral  2:neutral       0.126,*0.549,0.325 
   175  2:neutral  2:neutral       0.038,*0.681,0.281 
   176  2:neutral 3:positive   +   0.305,0.347,*0.348 
   177  2:neutral  2:neutral       0.025,*0.719,0.256 
   178  2:neutral  2:neutral       0.177,*0.689,0.134 
   179  2:neutral  2:neutral       0.185,*0.6,0.215 
   180  2:neutral  2:neutral       0.046,*0.78,0.173 
   181  2:neutral  2:neutral       0.079,*0.695,0.227 
   182  2:neutral 1:negative   +   *0.874,0.104,0.023 
   183  2:neutral  2:neutral       0.061,*0.699,0.24 
   184  2:neutral 3:positive   +   0.118,0.335,*0.546 
   185  2:neutral  2:neutral       0.095,*0.564,0.341 
   186  2:neutral  2:neutral       0.015,*0.685,0.3 
   187  2:neutral  2:neutral       0.053,*0.546,0.4 
   188  2:neutral 3:positive   +   0.123,0.364,*0.513 
   189  2:neutral 1:negative   +   *0.661,0.273,0.066 
   190  2:neutral  2:neutral       0.265,*0.619,0.116 
   191  2:neutral  2:neutral       0.212,*0.633,0.154 
   192  2:neutral  2:neutral       0.035,*0.806,0.159 
   193  2:neutral  2:neutral       0.011,*0.564,0.425 
   194  2:neutral  2:neutral       0.117,*0.787,0.096 
   195  2:neutral 3:positive   +   0.114,0.286,*0.601 
   196  2:neutral  2:neutral       0.104,*0.558,0.338 
   197  2:neutral  2:neutral       0.08,*0.652,0.268 
   198  2:neutral  2:neutral       0.348,*0.407,0.245 
   199  2:neutral 3:positive   +   0.068,0.148,*0.784 
   200  2:neutral  2:neutral       0.082,*0.567,0.351 
   201  2:neutral  2:neutral       0.024,*0.884,0.092 
   202  2:neutral  2:neutral       0.098,*0.661,0.241 
   203  2:neutral  2:neutral       0.089,*0.621,0.29 
   204  2:neutral  2:neutral       0.015,*0.954,0.03 
   205  2:neutral  2:neutral       0.015,*0.637,0.348 
   206  2:neutral  2:neutral       0.296,*0.521,0.183 
   207  2:neutral  2:neutral       0.026,*0.501,0.473 
   208  2:neutral  2:neutral       0.024,*0.886,0.09 
   209  2:neutral  2:neutral       0.029,*0.854,0.117 
   210  2:neutral 3:positive   +   0.276,0.315,*0.409 
   211  2:neutral  2:neutral       0.024,*0.73,0.246 
   212  2:neutral  2:neutral       0.047,*0.82,0.133 
   213  2:neutral  2:neutral       0.07,*0.622,0.308 
   214  2:neutral  2:neutral       0.098,*0.578,0.324 
   215  2:neutral  2:neutral       0.136,*0.687,0.177 
   216  2:neutral  2:neutral       0.082,*0.494,0.424 
   217  2:neutral  2:neutral       0.071,*0.687,0.242 
   218  2:neutral 3:positive   +   0.254,0.309,*0.438 
   219  2:neutral  2:neutral       0.148,*0.736,0.116 
   220  2:neutral  2:neutral       0.068,*0.553,0.379 
   221  2:neutral 1:negative   +   *0.428,0.306,0.266 
   222  2:neutral  2:neutral       0.145,*0.43,0.425 
   223  2:neutral  2:neutral       0.045,*0.538,0.417 
   224  2:neutral  2:neutral       0.106,*0.61,0.284 
   225  2:neutral  2:neutral       0.028,*0.883,0.089 
   226  2:neutral  2:neutral       0.058,*0.778,0.164 
   227  2:neutral  2:neutral       0.029,*0.814,0.157 
   228  2:neutral 3:positive   +   0.057,0.431,*0.512 
   229  2:neutral 3:positive   +   0.038,0.467,*0.496 
   230  2:neutral 1:negative   +   *0.473,0.248,0.279 
   231  2:neutral  2:neutral       0.066,*0.855,0.079 
   232  2:neutral  2:neutral       0.348,*0.428,0.224 
   233  2:neutral 3:positive   +   0.21,0.34,*0.449 
   234  2:neutral  2:neutral       0.077,*0.596,0.327 
   235  2:neutral  2:neutral       0.3,*0.574,0.125 
   236  2:neutral  2:neutral       0.088,*0.471,0.442 
   237  2:neutral 3:positive   +   0.053,0.195,*0.752 
   238  2:neutral  2:neutral       0.23,*0.596,0.174 
   239  2:neutral  2:neutral       0.189,*0.555,0.256 
   240  2:neutral  2:neutral       0.073,*0.595,0.331 
   241  2:neutral  2:neutral       0.311,*0.426,0.263 
   242  2:neutral  2:neutral       0.075,*0.768,0.157 
   243  2:neutral 3:positive   +   0.03,0.388,*0.582 
   244  2:neutral  2:neutral       0.037,*0.686,0.277 
   245  2:neutral  2:neutral       0.139,*0.667,0.195 
   246  2:neutral 3:positive   +   0.02,0.474,*0.506 
   247  2:neutral  2:neutral       0.01,*0.958,0.032 
   248  2:neutral 3:positive   +   0.074,0.437,*0.489 
   249  2:neutral  2:neutral       0.172,*0.485,0.343 
   250  2:neutral  2:neutral       0.037,*0.738,0.226 
   251  2:neutral  2:neutral       0.07,*0.592,0.338 
   252  2:neutral 3:positive   +   0.04,0.468,*0.492 
   253  2:neutral  2:neutral       0.151,*0.737,0.112 
   254  2:neutral  2:neutral       0.101,*0.8,0.099 
   255  2:neutral  2:neutral       0.081,*0.776,0.143 
   256  2:neutral  2:neutral       0.076,*0.474,0.451 
   257  2:neutral  2:neutral       0.091,*0.607,0.301 
   258  2:neutral  2:neutral       0.039,*0.918,0.043 
   259  2:neutral 3:positive   +   0.074,0.461,*0.465 
   260  2:neutral  2:neutral       0.099,*0.77,0.131 
   261  2:neutral 3:positive   +   0.024,0.264,*0.712 
   262  2:neutral  2:neutral       0.041,*0.716,0.243 
   263  2:neutral  2:neutral       0.072,*0.478,0.45 
   264  2:neutral  2:neutral       0.043,*0.891,0.066 
   265  2:neutral  2:neutral       0.148,*0.492,0.36 
   266  2:neutral  2:neutral       0.021,*0.876,0.102 
   267  2:neutral 3:positive   +   0.209,0.192,*0.599 
   268  2:neutral  2:neutral       0.324,*0.464,0.212 
   269  2:neutral  2:neutral       0.211,*0.529,0.26 
   270  2:neutral 3:positive   +   0.185,0.383,*0.433 
   271  2:neutral 1:negative   +   *0.395,0.225,0.38 
   272  2:neutral  2:neutral       0.074,*0.76,0.166 
   273  2:neutral  2:neutral       0.306,*0.502,0.192 
   274  2:neutral 3:positive   +   0.067,0.404,*0.528 
   275  2:neutral 1:negative   +   *0.461,0.129,0.41 
   276  2:neutral  2:neutral       0.042,*0.818,0.14 
   277  2:neutral  2:neutral       0.013,*0.525,0.462 
   278  2:neutral  2:neutral       0.027,*0.813,0.16 
   279  2:neutral 1:negative   +   *0.552,0.263,0.185 
   280  2:neutral 3:positive   +   0.029,0.428,*0.543 
   281  2:neutral  2:neutral       0.073,*0.566,0.361 
   282  2:neutral  2:neutral       0.048,*0.838,0.114 
   283  2:neutral  2:neutral       0.228,*0.429,0.343 
   284  2:neutral  2:neutral       0.056,*0.496,0.448 
   285  2:neutral  2:neutral       0.009,*0.9,0.091 
   286  2:neutral  2:neutral       0.062,*0.493,0.445 
   287  2:neutral  2:neutral       0.05,*0.894,0.056 
   288  2:neutral  2:neutral       0.118,*0.771,0.111 
   289  2:neutral  2:neutral       0.078,*0.634,0.287 
   290  2:neutral  2:neutral       0.021,*0.525,0.454 
   291  2:neutral  2:neutral       0.137,*0.557,0.306 
   292  2:neutral 1:negative   +   *0.542,0.274,0.185 
   293  2:neutral  2:neutral       0.077,*0.473,0.45 
   294  2:neutral 3:positive   +   0.141,0.309,*0.551 
   295  2:neutral  2:neutral       0.059,*0.886,0.055 
   296  2:neutral  2:neutral       0.08,*0.596,0.324 
   297  2:neutral 3:positive   +   0.165,0.207,*0.628 
   298  2:neutral  2:neutral       0.076,*0.756,0.168 
   299  2:neutral  2:neutral       0.232,*0.581,0.186 
   300  2:neutral  2:neutral       0.069,*0.875,0.056 
   301  2:neutral  2:neutral       0.039,*0.64,0.321 
   302  2:neutral  2:neutral       0.05,*0.774,0.176 
   303  2:neutral 3:positive   +   0.088,0.215,*0.697 
   304  2:neutral 3:positive   +   0.104,0.367,*0.529 
   305  2:neutral  2:neutral       0.026,*0.828,0.147 
   306  2:neutral  2:neutral       0.078,*0.536,0.386 
   307  2:neutral  2:neutral       0.092,*0.742,0.166 
   308  2:neutral  2:neutral       0.12,*0.844,0.036 
   309  2:neutral 3:positive   +   0.02,0.167,*0.813 
   310  2:neutral  2:neutral       0.069,*0.901,0.029 
   311  2:neutral  2:neutral       0.199,*0.492,0.31 
   312  2:neutral  2:neutral       0.067,*0.655,0.278 
   313  2:neutral  2:neutral       0.128,*0.75,0.122 
   314  2:neutral  2:neutral       0.164,*0.664,0.172 
   315  2:neutral  2:neutral       0.028,*0.497,0.475 
   316  2:neutral 3:positive   +   0.031,0.157,*0.812 
   317  2:neutral  2:neutral       0.126,*0.606,0.268 
   318  2:neutral  2:neutral       0.115,*0.674,0.211 
   319  2:neutral  2:neutral       0.149,*0.466,0.385 
   320  2:neutral  2:neutral       0.188,*0.64,0.171 
   321  2:neutral  2:neutral       0.102,*0.785,0.112 
   322  2:neutral  2:neutral       0.052,*0.832,0.116 
   323  2:neutral  2:neutral       0.092,*0.705,0.203 
   324  2:neutral  2:neutral       0.077,*0.801,0.122 
   325  2:neutral  2:neutral       0.044,*0.612,0.344 
   326  2:neutral  2:neutral       0.078,*0.71,0.211 
   327  2:neutral 1:negative   +   *0.872,0.082,0.046 
   328  2:neutral 1:negative   +   *0.698,0.202,0.101 
   329  2:neutral  2:neutral       0.344,*0.544,0.111 
   330  2:neutral  2:neutral       0.018,*0.906,0.077 
   331  2:neutral  2:neutral       0.098,*0.742,0.16 
   332  2:neutral  2:neutral       0.112,*0.625,0.263 
   333  2:neutral  2:neutral       0.011,*0.879,0.11 
   334  2:neutral 1:negative   +   *0.435,0.321,0.244 
   335  2:neutral 3:positive   +   0.028,0.403,*0.569 
   336  2:neutral  2:neutral       0.108,*0.524,0.368 
   337  2:neutral  2:neutral       0.071,*0.856,0.073 
   338  2:neutral  2:neutral       0.082,*0.656,0.262 
   339  2:neutral  2:neutral       0.049,*0.819,0.132 
   340  2:neutral  2:neutral       0.257,*0.487,0.256 
   341  2:neutral  2:neutral       0.069,*0.706,0.225 
   342  2:neutral 3:positive   +   0.078,0.158,*0.764 
   343  2:neutral  2:neutral       0.133,*0.733,0.134 
   344  2:neutral 3:positive   +   0.029,0.386,*0.585 
   345  2:neutral  2:neutral       0.03,*0.703,0.268 
   346  2:neutral  2:neutral       0.077,*0.463,0.46 
   347  2:neutral  2:neutral       0.091,*0.607,0.301 
   348  2:neutral  2:neutral       0.269,*0.384,0.347 
   349  2:neutral  2:neutral       0.178,*0.605,0.218 
   350  2:neutral  2:neutral       0.097,*0.672,0.23 
   351  2:neutral  2:neutral       0.04,*0.713,0.247 
   352  2:neutral  2:neutral       0.024,*0.77,0.205 
   353  2:neutral  2:neutral       0.168,*0.443,0.389 
   354  2:neutral 1:negative   +   *0.879,0.041,0.08 
   355  2:neutral  2:neutral       0.072,*0.655,0.274 
   356  2:neutral 3:positive   +   0.13,0.308,*0.562 
   357  2:neutral  2:neutral       0.058,*0.488,0.454 
   358  2:neutral 3:positive   +   0.157,0.412,*0.431 
