Zero Weights processed. Default weights will be used
..
Warning: using -h 0 may be faster
*
optimization finished, #iter = 2416
C = 660.1037304592311
obj = 354626.531731108, rho = -1.3350100887388128
nSV = 2548, nBSV = 1311
Total nSV = 2548
..
Warning: using -h 0 may be faster
*
optimization finished, #iter = 2265
C = 658.4043567131603
obj = 358863.8102016413, rho = -14.934007913654206
nSV = 2539, nBSV = 1330
Total nSV = 2539
..
Warning: using -h 0 may be faster
*
optimization finished, #iter = 2424
C = 666.9761228542947
obj = 357208.42125752463, rho = -16.393949042248874
nSV = 2574, nBSV = 1293
Total nSV = 2574
..
Warning: using -h 0 may be faster
*
optimization finished, #iter = 2362
C = 680.4315167121088
obj = 372058.84637977823, rho = -6.239951571699781
nSV = 2564, nBSV = 1316
Total nSV = 2564
..
Warning: using -h 0 may be faster
*
optimization finished, #iter = 2477
C = 712.8531663714406
obj = 397353.0087878338, rho = -16.6446841953027
nSV = 2569, nBSV = 1307
Total nSV = 2569
Line search fails in two-class probability estimates
..
Warning: using -h 0 may be faster
*
optimization finished, #iter = 2936
C = 647.9283969958364
obj = 408524.8912311667, rho = -16.783550930008317
nSV = 3099, nBSV = 1716
....
Warning: using -h 0 may be faster
*
optimization finished, #iter = 4386
C = 1974.7873615519175
obj = 1954337.022606837, rho = -123.1192617972614
nSV = 4474, nBSV = 1740
Total nSV = 4474
....
Warning: using -h 0 may be faster
*
optimization finished, #iter = 4471
C = 1930.4643040008348
obj = 1867205.7984349835, rho = -119.50957681772877
nSV = 4493, nBSV = 1757
Total nSV = 4493
....
Warning: using -h 0 may be faster
*
optimization finished, #iter = 4452
C = 2060.2937909454186
obj = 2098673.645313062, rho = -117.22506241590096
nSV = 4456, nBSV = 1753
Total nSV = 4456
....
Warning: using -h 0 may be faster
*
optimization finished, #iter = 4644
C = 1945.6718241506178
obj = 1920679.6617626303, rho = -97.22355626754218
nSV = 4524, nBSV = 1724
Total nSV = 4524
....
Warning: using -h 0 may be faster
*
optimization finished, #iter = 4539
C = 2130.824909786266
obj = 2124148.207963671, rho = -139.36299758368943
nSV = 4557, nBSV = 1694
Total nSV = 4557
.
Warning: using -h 0 may be faster
....
Warning: using -h 0 may be faster
*
optimization finished, #iter = 5434
C = 2097.3866227178773
obj = 2444077.8902808838, rho = 6.739732738196943
nSV = 5423, nBSV = 2274
..
Warning: using -h 0 may be faster
*
optimization finished, #iter = 2549
C = 605.8878288829712
obj = 343082.7705859463, rho = -37.28358248787615
nSV = 2921, nBSV = 1558
Total nSV = 2921
..
Warning: using -h 0 may be faster
*
optimization finished, #iter = 2626
C = 660.3521777724625
obj = 379547.6109500007, rho = -46.68239265677198
nSV = 2947, nBSV = 1540
Total nSV = 2947
..
Warning: using -h 0 may be faster
*
optimization finished, #iter = 2785
C = 696.8194709125869
obj = 406917.30282265705, rho = -39.03779214346113
nSV = 3004, nBSV = 1527
Total nSV = 3004
..
Warning: using -h 0 may be faster
*
optimization finished, #iter = 2781
C = 671.0504806826033
obj = 389708.39227166865, rho = -37.73466079783191
nSV = 2957, nBSV = 1550
Total nSV = 2957
..
Warning: using -h 0 may be faster
*
optimization finished, #iter = 2773
C = 673.8662114823218
obj = 392083.10235046817, rho = -37.16939587771935
nSV = 2938, nBSV = 1541
Total nSV = 2938
...
Warning: using -h 0 may be faster
*
optimization finished, #iter = 3027
C = 641.4273375125681
obj = 433548.8560160632, rho = 18.528317605287523
nSV = 3548, nBSV = 2030
Total nSV = 8202
.
Warning: using -h 0 may be faster
*
optimization finished, #iter = 1865
C = 693.2842344161866
obj = 323377.06940026756, rho = -14.97419150809377
nSV = 2078, nBSV = 1001
Total nSV = 2078
..
Warning: using -h 0 may be faster
*
optimization finished, #iter = 2012
C = 726.6932495391071
obj = 340754.9640108889, rho = -15.134063678182859
nSV = 2104, nBSV = 981
Total nSV = 2104
.
Warning: using -h 0 may be faster
*
optimization finished, #iter = 1912
C = 658.9091366390027
obj = 295306.73987728695, rho = -13.556988802840385
nSV = 2063, nBSV = 1043
Total nSV = 2063
.
Warning: using -h 0 may be faster
*
optimization finished, #iter = 1871
C = 698.2693029321515
obj = 322364.29807745735, rho = -8.739584401917092
nSV = 2080, nBSV = 1032
Total nSV = 2080
.
Warning: using -h 0 may be faster
*
optimization finished, #iter = 1958
C = 651.2961126651272
obj = 293634.7743555105, rho = 8.930099453905896
nSV = 2076, nBSV = 1011
Total nSV = 2076
..
Warning: using -h 0 may be faster
*
optimization finished, #iter = 2400
C = 675.0712851659804
obj = 366366.7303920414, rho = -14.249250917462847
nSV = 2553, nBSV = 1326
...
Warning: using -h 0 may be faster
*
optimization finished, #iter = 3606
C = 1842.0705554414326
obj = 1552886.914298917, rho = 31.2295192584491
nSV = 3668, nBSV = 1328
Total nSV = 3668
...
Warning: using -h 0 may be faster
*
optimization finished, #iter = 3881
C = 1914.0253480454808
obj = 1570572.0222036024, rho = -124.04227446011316
nSV = 3702, nBSV = 1312
Total nSV = 3702
...
Warning: using -h 0 may be faster
*
optimization finished, #iter = 3481
C = 1893.3577094228788
obj = 1623069.5478383463, rho = -110.60000932981025
nSV = 3677, nBSV = 1335
Total nSV = 3677
...
Warning: using -h 0 may be faster
*
optimization finished, #iter = 3708
C = 1823.83726694163
obj = 1526351.8893876122, rho = -107.43203971884539
nSV = 3682, nBSV = 1300
Total nSV = 3682
...
Warning: using -h 0 may be faster
*
optimization finished, #iter = 3532
C = 1954.606187520663
obj = 1689513.7688356019, rho = -78.7179042348392
nSV = 3715, nBSV = 1300
Total nSV = 3715
....
Warning: using -h 0 may be faster
*
optimization finished, #iter = 4379
C = 1956.7611103154495
obj = 1954799.4053155116, rho = 28.987382134106806
nSV = 4478, nBSV = 1763
..
Warning: using -h 0 may be faster
*
optimization finished, #iter = 2058
C = 690.507046840198
obj = 342790.0535818845, rho = 21.70539442662315
nSV = 2402, nBSV = 1197
Total nSV = 2402
..
Warning: using -h 0 may be faster
*
optimization finished, #iter = 2063
C = 629.5646823561701
obj = 310931.0583651198, rho = -39.38873720403648
nSV = 2369, nBSV = 1225
Total nSV = 2369
..
Warning: using -h 0 may be faster
*
optimization finished, #iter = 2043
C = 614.3209812120093
obj = 296348.15519935905, rho = -43.67083526551226
nSV = 2369, nBSV = 1228
Total nSV = 2369
.
Warning: using -h 0 may be faster
*
optimization finished, #iter = 1985
C = 677.4825838884101
obj = 337165.6559238619, rho = -45.7063783272094
nSV = 2387, nBSV = 1198
Total nSV = 2387
..
Warning: using -h 0 may be faster
*
optimization finished, #iter = 2040
C = 649.8749472154657
obj = 322428.7607692929, rho = -30.522933167697154
nSV = 2405, nBSV = 1200
Total nSV = 2405
..
Warning: using -h 0 may be faster
*
optimization finished, #iter = 2525
C = 635.6084070563466
obj = 364181.1767706729, rho = 24.10836336491524
nSV = 2916, nBSV = 1552
Total nSV = 6738
.
Warning: using -h 0 may be faster
*
optimization finished, #iter = 1960
C = 698.550580810131
obj = 321579.3580407424, rho = -20.53997424203178
nSV = 2088, nBSV = 1023
Total nSV = 2088
.
Warning: using -h 0 may be faster
*
optimization finished, #iter = 1954
C = 680.9813258660369
obj = 308050.1134240524, rho = -18.106701233018526
nSV = 2062, nBSV = 1012
Total nSV = 2062
.
Warning: using -h 0 may be faster
*
optimization finished, #iter = 1863
C = 647.9996029231548
obj = 292413.4667571086, rho = -1.9604841645735485
nSV = 2056, nBSV = 1049
Total nSV = 2056
.
Warning: using -h 0 may be faster
*
optimization finished, #iter = 1930
C = 717.6598472741472
obj = 326724.12054574984, rho = -7.142366906707453
nSV = 2082, nBSV = 996
Total nSV = 2082
.
Warning: using -h 0 may be faster
*
optimization finished, #iter = 1959
C = 695.9822502324447
obj = 317327.8216740275, rho = -15.82088272949976
nSV = 2094, nBSV = 994
Total nSV = 2094
..
Warning: using -h 0 may be faster
*
optimization finished, #iter = 2378
C = 669.500326047579
obj = 356390.4904110443, rho = -15.675306372112486
nSV = 2537, nBSV = 1315
...
Warning: using -h 0 may be faster
*
optimization finished, #iter = 3653
C = 1883.671953525373
obj = 1526591.4303739239, rho = -100.12180506298041
nSV = 3678, nBSV = 1324
Total nSV = 3678
...
Warning: using -h 0 may be faster
*
optimization finished, #iter = 3674
C = 1882.391439712409
obj = 1576065.1062711529, rho = -95.05945762742506
nSV = 3684, nBSV = 1295
Total nSV = 3684
...
Warning: using -h 0 may be faster
*
optimization finished, #iter = 3728
C = 1797.1749081248606
obj = 1470923.7440582966, rho = -103.0860479978452
nSV = 3703, nBSV = 1337
Total nSV = 3703
....
Warning: using -h 0 may be faster
*
optimization finished, #iter = 4078
C = 1855.552029402932
obj = 1513227.04336587, rho = -81.76264562181942
nSV = 3758, nBSV = 1296
Total nSV = 3758
...
Warning: using -h 0 may be faster
*
optimization finished, #iter = 3661
C = 1906.5432292153412
obj = 1628014.8975692, rho = -127.69966576607312
nSV = 3666, nBSV = 1334
Total nSV = 3666
....
Warning: using -h 0 may be faster
*
optimization finished, #iter = 4683
C = 1921.4535183889504
obj = 1825569.308952524, rho = -7.117159061126002
nSV = 4491, nBSV = 1763
..
Warning: using -h 0 may be faster
*
optimization finished, #iter = 2073
C = 654.7028640306926
obj = 316275.6988977018, rho = -36.30105468078768
nSV = 2402, nBSV = 1212
Total nSV = 2402
..
Warning: using -h 0 may be faster
*
optimization finished, #iter = 2211
C = 624.8556036107534
obj = 300720.4457803497, rho = -34.02903048981046
nSV = 2392, nBSV = 1209
Total nSV = 2392
..
Warning: using -h 0 may be faster
*
optimization finished, #iter = 2250
C = 681.063615430277
obj = 340975.6933748784, rho = -44.54714425759297
nSV = 2440, nBSV = 1204
Total nSV = 2440
..
Warning: using -h 0 may be faster
*
optimization finished, #iter = 2256
C = 656.7743654578577
obj = 318958.7622273482, rho = -48.55511872534075
nSV = 2406, nBSV = 1197
Total nSV = 2406
..
Warning: using -h 0 may be faster
*
optimization finished, #iter = 2312
C = 699.1759632542955
obj = 346656.12846261245, rho = -42.971029951213524
nSV = 2432, nBSV = 1178
Total nSV = 2432
..
Warning: using -h 0 may be faster
*
optimization finished, #iter = 2463
C = 643.9847393833221
obj = 365986.71666584985, rho = 23.045837720776635
nSV = 2900, nBSV = 1574
Total nSV = 6740
...
Warning: using -h 0 may be faster
*
optimization finished, #iter = 3753
C = 1870.3096660384117
obj = 1547474.974405221, rho = -112.6748426344194
nSV = 3720, nBSV = 1320
Total nSV = 3720
...
Warning: using -h 0 may be faster
*
optimization finished, #iter = 3597
C = 2009.588828744762
obj = 1689935.8780614242, rho = 5.288807977831901
nSV = 3707, nBSV = 1330
Total nSV = 3707
...
Warning: using -h 0 may be faster
*
optimization finished, #iter = 3745
C = 1960.815738007536
obj = 1680990.442851993, rho = 27.706803502718348
nSV = 3729, nBSV = 1292
Total nSV = 3729
...
Warning: using -h 0 may be faster
*
optimization finished, #iter = 3648
C = 2040.0807183132104
obj = 1781268.0293114118, rho = 1.0285513613924784
nSV = 3728, nBSV = 1281
Total nSV = 3728
...
Warning: using -h 0 may be faster
*
optimization finished, #iter = 3578
C = 1966.5691773897995
obj = 1680744.9735315517, rho = 1.2523878765286645
nSV = 3669, nBSV = 1322
Total nSV = 3669
....
Warning: using -h 0 may be faster
*
optimization finished, #iter = 4435
C = 2031.3962227149686
obj = 2032520.3238963562, rho = -119.53036980308529
nSV = 4498, nBSV = 1734
..
Warning: using -h 0 may be faster
*
optimization finished, #iter = 2185
C = 705.9356803274171
obj = 346106.0029142229, rho = -27.304789324935044
nSV = 2434, nBSV = 1174
Total nSV = 2434
..
Warning: using -h 0 may be faster
*
optimization finished, #iter = 2136
C = 727.1908996400523
obj = 367681.98404994153, rho = -48.60694593991497
nSV = 2461, nBSV = 1173
Total nSV = 2461
..
Warning: using -h 0 may be faster
*
optimization finished, #iter = 2126
C = 724.7392131502546
obj = 369827.8884340578, rho = -54.419354869069544
nSV = 2444, nBSV = 1162
Total nSV = 2444
..
Warning: using -h 0 may be faster
*
optimization finished, #iter = 2226
C = 723.7508364669433
obj = 359372.68434107484, rho = -47.184970069188246
nSV = 2475, nBSV = 1155
Total nSV = 2475
..
Warning: using -h 0 may be faster
*
optimization finished, #iter = 2092
C = 714.1998476844979
obj = 358094.50255740824, rho = -54.934733379740635
nSV = 2440, nBSV = 1172
Total nSV = 2440
..
Warning: using -h 0 may be faster
*
optimization finished, #iter = 2606
C = 710.1577992785792
obj = 415673.76698231907, rho = -45.43349414732198
nSV = 2989, nBSV = 1512
.
Warning: using -h 0 may be faster
*
optimization finished, #iter = 1891
C = 678.6863520228786
obj = 308132.307970665, rho = -7.989011996567513
nSV = 2073, nBSV = 1021
Total nSV = 2073
..
Warning: using -h 0 may be faster
*
optimization finished, #iter = 2018
C = 732.695231619552
obj = 342175.74503231625, rho = -21.449097962669967
nSV = 2128, nBSV = 967
Total nSV = 2128
..
Warning: using -h 0 may be faster
*
optimization finished, #iter = 2063
C = 706.6615932684874
obj = 322599.80992245284, rho = -17.63358617614522
nSV = 2119, nBSV = 1019
Total nSV = 2119
.
Warning: using -h 0 may be faster
*
optimization finished, #iter = 1915
C = 684.954981346766
obj = 316140.26896433876, rho = -21.19175441847424
nSV = 2065, nBSV = 1023
Total nSV = 2065
.
Warning: using -h 0 may be faster
*
optimization finished, #iter = 1844
C = 697.8950446540416
obj = 324538.45881341305, rho = -24.317676378377413
nSV = 2076, nBSV = 1007
Total nSV = 2076
..
Warning: using -h 0 may be faster
*
optimization finished, #iter = 2320
C = 677.0606353425092
obj = 368842.5670772389, rho = -23.54651938550549
nSV = 2547, nBSV = 1321
Total nSV = 6806
.
Warning: using -h 0 may be faster
*
optimization finished, #iter = 1934
C = 729.9864169437323
obj = 344419.9147091496, rho = -6.583702236393846
nSV = 2089, nBSV = 999
Total nSV = 2089
.
Warning: using -h 0 may be faster
*
optimization finished, #iter = 1930
C = 705.9397410314285
obj = 328314.8204266912, rho = -9.868304492568468
nSV = 2094, nBSV = 993
Total nSV = 2094
.
Warning: using -h 0 may be faster
*
optimization finished, #iter = 1948
C = 718.1576165081449
obj = 339081.99815428397, rho = -23.281755204308983
nSV = 2098, nBSV = 998
Total nSV = 2098
.
Warning: using -h 0 may be faster
*
optimization finished, #iter = 1976
C = 723.7011890644384
obj = 341707.5757590698, rho = -19.846549593035608
nSV = 2088, nBSV = 982
Total nSV = 2088
.
Warning: using -h 0 may be faster
*
optimization finished, #iter = 1965
C = 701.1240976161769
obj = 327160.1464668279, rho = -13.866553026133335
nSV = 2087, nBSV = 998
Total nSV = 2087
..
Warning: using -h 0 may be faster
*
optimization finished, #iter = 2385
C = 698.380194183257
obj = 388313.35444725724, rho = -16.128384870782764
nSV = 2566, nBSV = 1285
..
Warning: using -h 0 may be faster
*
optimization finished, #iter = 2164
C = 652.3699546064473
obj = 319521.4165594675, rho = -30.90502378866747
nSV = 2427, nBSV = 1207
Total nSV = 2427
..
Warning: using -h 0 may be faster
*
optimization finished, #iter = 2074
C = 678.2680630971015
obj = 332565.3047690826, rho = 8.347047234346126
nSV = 2401, nBSV = 1190
Total nSV = 2401
..
Warning: using -h 0 may be faster
*
optimization finished, #iter = 2135
C = 663.6426957991425
obj = 326055.7209002642, rho = 14.250900105831517
nSV = 2387, nBSV = 1202
Total nSV = 2387
..
Warning: using -h 0 may be faster
*
optimization finished, #iter = 2025
C = 649.3618792299577
obj = 310399.0889471128, rho = 5.650500344139744
nSV = 2380, nBSV = 1217
Total nSV = 2380
..
Warning: using -h 0 may be faster
*
optimization finished, #iter = 2177
C = 643.43767232258
obj = 316621.3863109943, rho = 9.119274442847018
nSV = 2401, nBSV = 1191
Total nSV = 2401
..
Warning: using -h 0 may be faster
*
optimization finished, #iter = 2548
C = 644.8393951544
obj = 367862.0594919137, rho = 13.324231847601464
nSV = 2917, nBSV = 1563
...
Warning: using -h 0 may be faster
*
optimization finished, #iter = 3467
C = 1809.6496597688583
obj = 1541863.6558507353, rho = -86.47972409629182
nSV = 3666, nBSV = 1330
Total nSV = 3666
...
Warning: using -h 0 may be faster
*
optimization finished, #iter = 3585
C = 1884.9017367157708
obj = 1569848.166693593, rho = -98.00205806823975
nSV = 3668, nBSV = 1342
Total nSV = 3668
...
Warning: using -h 0 may be faster
*
optimization finished, #iter = 3553
C = 1888.4343179961493
obj = 1634276.7505268601, rho = -94.19736550938886
nSV = 3628, nBSV = 1352
Total nSV = 3628
...
Warning: using -h 0 may be faster
*
optimization finished, #iter = 3825
C = 1809.960601538438
obj = 1477540.4811286398, rho = -107.44602820841689
nSV = 3679, nBSV = 1317
Total nSV = 3679
.
Warning: using -h 0 may be faster
...
Warning: using -h 0 may be faster
*
optimization finished, #iter = 4160
C = 1899.8706705163297
obj = 1577959.5582455934, rho = -105.87952698003761
nSV = 3769, nBSV = 1287
Total nSV = 3769
....
Warning: using -h 0 may be faster
*
optimization finished, #iter = 4630
C = 1964.6883536154492
obj = 1952658.2197185464, rho = 12.245441944718978
nSV = 4470, nBSV = 1730
Total nSV = 6730
..
Warning: using -h 0 may be faster
*
optimization finished, #iter = 2020
C = 656.4018381365512
obj = 320036.00804868364, rho = 19.42094710520761
nSV = 2395, nBSV = 1211
Total nSV = 2395
..
Warning: using -h 0 may be faster
*
optimization finished, #iter = 2009
C = 605.2072041451091
obj = 284641.33788021386, rho = -24.66815925862975
nSV = 2374, nBSV = 1216
Total nSV = 2374
..
Warning: using -h 0 may be faster
*
optimization finished, #iter = 2084
C = 633.3307837898304
obj = 303168.6922531275, rho = -24.712193569563002
nSV = 2381, nBSV = 1229
Total nSV = 2381
..
Warning: using -h 0 may be faster
*
optimization finished, #iter = 2005
C = 637.6638200959738
obj = 303866.7613251896, rho = -28.393193175248964
nSV = 2357, nBSV = 1224
Total nSV = 2357
.
Warning: using -h 0 may be faster
*
optimization finished, #iter = 1920
C = 587.1864538596287
obj = 283308.9561751613, rho = -29.569843826242433
nSV = 2356, nBSV = 1255
Total nSV = 2356
..
Warning: using -h 0 may be faster
*
optimization finished, #iter = 2454
C = 604.5879911580714
obj = 336880.569065519, rho = 10.630009335952312
nSV = 2893, nBSV = 1571
.
Warning: using -h 0 may be faster
*
optimization finished, #iter = 1837
C = 625.3103260744897
obj = 283276.01096993696, rho = -20.338685247789126
nSV = 2036, nBSV = 1041
Total nSV = 2036
.
Warning: using -h 0 may be faster
*
optimization finished, #iter = 1837
C = 676.0068443479373
obj = 314036.63078389876, rho = -25.44091416642826
nSV = 2055, nBSV = 1044
Total nSV = 2055
.
Warning: using -h 0 may be faster
*
optimization finished, #iter = 1871
C = 660.1109058623407
obj = 300677.2071107453, rho = -7.453317920938451
nSV = 2053, nBSV = 1034
Total nSV = 2053
.
Warning: using -h 0 may be faster
*
optimization finished, #iter = 1915
C = 735.8964829942671
obj = 349672.39230458223, rho = -26.69475248218293
nSV = 2097, nBSV = 1000
Total nSV = 2097
.
Warning: using -h 0 may be faster
*
optimization finished, #iter = 1808
C = 723.2775224035479
obj = 333274.4499622343, rho = -15.126581240875488
nSV = 2077, nBSV = 1032
Total nSV = 2077
..
Warning: using -h 0 may be faster
*
optimization finished, #iter = 2340
C = 656.7577014764091
obj = 353248.713697389, rho = -2.985338513806018
nSV = 2520, nBSV = 1323
...
Warning: using -h 0 may be faster
*
optimization finished, #iter = 3687
C = 1958.1710710131986
obj = 1639581.2563843145, rho = -96.53342886280932
nSV = 3665, nBSV = 1319
Total nSV = 3665
...
Warning: using -h 0 may be faster
*
optimization finished, #iter = 3479
C = 1987.0569257385891
obj = 1736295.245687974, rho = -8.7539768425352
nSV = 3670, nBSV = 1324
Total nSV = 3670
...
Warning: using -h 0 may be faster
*
optimization finished, #iter = 3478
C = 1895.8679662694824
obj = 1586282.2101715454, rho = 13.992256349840424
nSV = 3665, nBSV = 1357
Total nSV = 3665
...
Warning: using -h 0 may be faster
*
optimization finished, #iter = 3592
C = 1933.595788679747
obj = 1598940.253194818, rho = -16.133769655820714
nSV = 3676, nBSV = 1324
Total nSV = 3676
...
Warning: using -h 0 may be faster
*
optimization finished, #iter = 3419
C = 1833.5652757681223
obj = 1539075.233378092, rho = 6.44833614694965
nSV = 3627, nBSV = 1359
Total nSV = 3627
....
Warning: using -h 0 may be faster
*
optimization finished, #iter = 4509
C = 1999.1657172895634
obj = 1937760.3303752295, rho = -106.71173438027637
nSV = 4494, nBSV = 1726
Total nSV = 6737


=== Predictions under cross-validation ===

 inst#     actual  predicted error distribution
     1  2:neutral  2:neutral       0.171,*0.481,0.348 
     2  2:neutral  2:neutral       0.013,*0.899,0.089 
     3  2:neutral 3:positive   +   0.055,0.187,*0.758 
     4  2:neutral  2:neutral       0.081,*0.623,0.296 
     5  2:neutral  2:neutral       0.088,*0.698,0.214 
     6  2:neutral 1:negative   +   *0.516,0.43,0.053 
     7  2:neutral 3:positive   +   0.056,0.305,*0.639 
     8  2:neutral  2:neutral       0.069,*0.769,0.162 
     9  2:neutral  2:neutral       0.095,*0.564,0.341 
    10  2:neutral 1:negative   +   *0.747,0.178,0.075 
    11  2:neutral 3:positive   +   0.034,0.407,*0.559 
    12  2:neutral  2:neutral       0.042,*0.821,0.137 
    13  2:neutral  2:neutral       0.042,*0.77,0.188 
    14  2:neutral  2:neutral       0.02,*0.663,0.317 
    15  2:neutral  2:neutral       0.363,*0.444,0.194 
    16  2:neutral  2:neutral       0.019,*0.673,0.308 
    17  2:neutral 3:positive   +   0.333,0.282,*0.385 
    18  2:neutral  2:neutral       0.236,*0.407,0.357 
    19  2:neutral  2:neutral       0.107,*0.581,0.312 
    20  2:neutral  2:neutral       0.023,*0.924,0.052 
    21  2:neutral 1:negative   +   *0.418,0.251,0.331 
    22  2:neutral  2:neutral       0.072,*0.649,0.28 
    23  2:neutral  2:neutral       0.069,*0.673,0.258 
    24  2:neutral  2:neutral       0.056,*0.759,0.185 
    25  2:neutral  2:neutral       0.071,*0.644,0.285 
    26  2:neutral 3:positive   +   0.256,0.251,*0.493 
    27  2:neutral  2:neutral       0.028,*0.84,0.132 
    28  2:neutral 1:negative   +   *0.558,0.346,0.096 
    29  2:neutral  2:neutral       0.022,*0.638,0.339 
    30  2:neutral 3:positive   +   0.045,0.327,*0.628 
    31  2:neutral 1:negative   +   *0.512,0.422,0.066 
    32  2:neutral 1:negative   +   *0.955,0.035,0.01 
    33  2:neutral  2:neutral       0.013,*0.818,0.169 
    34  2:neutral  2:neutral       0.05,*0.771,0.179 
    35  2:neutral  2:neutral       0.138,*0.776,0.086 
    36  2:neutral  2:neutral       0.012,*0.766,0.222 
    37  2:neutral  2:neutral       0.234,*0.54,0.227 
    38  2:neutral  2:neutral       0.101,*0.708,0.192 
    39  2:neutral  2:neutral       0.032,*0.759,0.209 
    40  2:neutral  2:neutral       0.036,*0.557,0.408 
    41  2:neutral  2:neutral       0.058,*0.784,0.158 
    42  2:neutral  2:neutral       0.026,*0.807,0.167 
    43  2:neutral 3:positive   +   0.164,0.066,*0.77 
    44  2:neutral  2:neutral       0.065,*0.54,0.394 
    45  2:neutral  2:neutral       0.039,*0.86,0.1 
    46  2:neutral  2:neutral       0.016,*0.615,0.368 
    47  2:neutral  2:neutral       0.071,*0.638,0.291 
    48  2:neutral 3:positive   +   0.07,0.323,*0.607 
    49  2:neutral  2:neutral       0.051,*0.815,0.135 
    50  2:neutral  2:neutral       0.05,*0.782,0.168 
    51  2:neutral  2:neutral       0.133,*0.787,0.08 
    52  2:neutral  2:neutral       0.231,*0.475,0.294 
    53  2:neutral 3:positive   +   0.281,0.346,*0.373 
    54  2:neutral  2:neutral       0.079,*0.568,0.353 
    55  2:neutral  2:neutral       0.04,*0.813,0.147 
    56  2:neutral  2:neutral       0.058,*0.89,0.052 
    57  2:neutral  2:neutral       0.131,*0.526,0.343 
    58  2:neutral  2:neutral       0.064,*0.527,0.409 
    59  2:neutral  2:neutral       0.101,*0.509,0.39 
    60  2:neutral  2:neutral       0.074,*0.565,0.361 
    61  2:neutral  2:neutral       0.194,*0.618,0.188 
    62  2:neutral  2:neutral       0.093,*0.707,0.201 
    63  2:neutral  2:neutral       0.022,*0.675,0.303 
    64  2:neutral 3:positive   +   0.1,0.431,*0.469 
    65  2:neutral  2:neutral       0.169,*0.694,0.137 
    66  2:neutral 3:positive   +   0.048,0.25,*0.701 
    67  2:neutral 3:positive   +   0.062,0.431,*0.507 
    68  2:neutral  2:neutral       0.19,*0.435,0.375 
    69  2:neutral 3:positive   +   0.044,0.347,*0.609 
    70  2:neutral 3:positive   +   0.085,0.303,*0.612 
    71  2:neutral  2:neutral       0.138,*0.693,0.169 
    72  2:neutral 3:positive   +   0.044,0.066,*0.89 
    73  2:neutral 3:positive   +   0.139,0.324,*0.537 
    74  2:neutral 3:positive   +   0.08,0.446,*0.474 
    75  2:neutral  2:neutral       0.059,*0.731,0.21 
    76  2:neutral  2:neutral       0.102,*0.639,0.259 
    77  2:neutral  2:neutral       0.117,*0.528,0.355 
    78  2:neutral  2:neutral       0.061,*0.681,0.258 
    79  2:neutral  2:neutral       0.364,*0.545,0.091 
    80  2:neutral  2:neutral       0.056,*0.856,0.088 
    81  2:neutral  2:neutral       0.343,*0.346,0.311 
    82  2:neutral  2:neutral       0.095,*0.861,0.044 
    83  2:neutral 1:negative   +   *0.451,0.124,0.425 
    84  2:neutral 3:positive   +   0.024,0.161,*0.815 
    85  2:neutral  2:neutral       0.382,*0.43,0.188 
    86  2:neutral  2:neutral       0.055,*0.819,0.126 
    87  2:neutral  2:neutral       0.013,*0.599,0.389 
    88  2:neutral 3:positive   +   0.029,0.421,*0.551 
    89  2:neutral 1:negative   +   *0.66,0.135,0.204 
    90  2:neutral  2:neutral       0.023,*0.844,0.133 
    91  2:neutral  2:neutral       0.106,*0.548,0.346 
    92  2:neutral  2:neutral       0.105,*0.628,0.267 
    93  2:neutral  2:neutral       0.069,*0.622,0.309 
    94  2:neutral 3:positive   +   0.077,0.391,*0.532 
    95  2:neutral  2:neutral       0.092,*0.613,0.295 
    96  2:neutral  2:neutral       0.136,*0.714,0.15 
    97  2:neutral  2:neutral       0.075,*0.698,0.227 
    98  2:neutral 3:positive   +   0.068,0.286,*0.646 
    99  2:neutral  2:neutral       0.051,*0.763,0.186 
   100  2:neutral  2:neutral       0.099,*0.715,0.187 
   101  2:neutral  2:neutral       0.255,*0.446,0.3 
   102  2:neutral 3:positive   +   0.054,0.339,*0.607 
   103  2:neutral  2:neutral       0.062,*0.684,0.254 
   104  2:neutral  2:neutral       0.192,*0.488,0.32 
   105  2:neutral  2:neutral       0.067,*0.649,0.285 
   106  2:neutral 3:positive   +   0.091,0.13,*0.779 
   107  2:neutral  2:neutral       0.081,*0.659,0.26 
   108  2:neutral  2:neutral       0.037,*0.792,0.171 
   109  2:neutral  2:neutral       0.019,*0.812,0.169 
   110  2:neutral  2:neutral       0.109,*0.677,0.214 
   111  2:neutral  2:neutral       0.066,*0.546,0.388 
   112  2:neutral  2:neutral       0.009,*0.833,0.158 
   113  2:neutral  2:neutral       0.033,*0.678,0.289 
   114  2:neutral 3:positive   +   0.193,0.317,*0.489 
   115  2:neutral  2:neutral       0.056,*0.535,0.409 
   116  2:neutral  2:neutral       0.226,*0.644,0.13 
   117  2:neutral  2:neutral       0.02,*0.927,0.052 
   118  2:neutral 3:positive   +   0.099,0.44,*0.461 
   119  2:neutral  2:neutral       0.028,*0.833,0.138 
   120  2:neutral 3:positive   +   0.053,0.182,*0.765 
   121  2:neutral  2:neutral       0.063,*0.539,0.398 
   122  2:neutral 3:positive   +   0.119,0.175,*0.706 
   123  2:neutral  2:neutral       0.072,*0.848,0.08 
   124  2:neutral  2:neutral       0.069,*0.839,0.093 
   125  2:neutral  2:neutral       0.157,*0.714,0.129 
   126  2:neutral  2:neutral       0.068,*0.661,0.271 
   127  2:neutral  2:neutral       0.035,*0.804,0.162 
   128  2:neutral 3:positive   +   0.022,0.351,*0.627 
   129  2:neutral  2:neutral       0.194,*0.599,0.206 
   130  2:neutral  2:neutral       0.058,*0.687,0.254 
   131  2:neutral  2:neutral       0.275,*0.38,0.345 
   132  2:neutral  2:neutral       0.066,*0.669,0.265 
   133  2:neutral  2:neutral       0.067,*0.767,0.166 
   134  2:neutral  2:neutral       0.047,*0.728,0.225 
   135  2:neutral  2:neutral       0.019,*0.842,0.14 
   136  2:neutral  2:neutral       0.01,*0.811,0.18 
   137  2:neutral  2:neutral       0.053,*0.775,0.172 
   138  2:neutral  2:neutral       0.036,*0.543,0.421 
   139  2:neutral  2:neutral       0.138,*0.54,0.322 
   140  2:neutral  2:neutral       0.194,*0.62,0.186 
   141  2:neutral  2:neutral       0.043,*0.683,0.274 
   142  2:neutral  2:neutral       0.111,*0.733,0.156 
   143  2:neutral  2:neutral       0.164,*0.574,0.262 
   144  2:neutral  2:neutral       0.115,*0.655,0.23 
   145  2:neutral 3:positive   +   0.353,0.265,*0.382 
   146  2:neutral  2:neutral       0.292,*0.544,0.164 
   147  2:neutral  2:neutral       0.028,*0.752,0.22 
   148  2:neutral  2:neutral       0.07,*0.808,0.122 
   149  2:neutral 3:positive   +   0.196,0.181,*0.623 
   150  2:neutral  2:neutral       0.071,*0.789,0.14 
   151  2:neutral  2:neutral       0.087,*0.731,0.183 
   152  2:neutral  2:neutral       0.047,*0.814,0.14 
   153  2:neutral  2:neutral       0.028,*0.843,0.129 
   154  2:neutral  2:neutral       0.221,*0.612,0.167 
   155  2:neutral 3:positive   +   0.068,0.38,*0.552 
   156  2:neutral 3:positive   +   0.058,0.346,*0.597 
   157  2:neutral  2:neutral       0.054,*0.624,0.323 
   158  2:neutral  2:neutral       0.036,*0.754,0.21 
   159  2:neutral  2:neutral       0.094,*0.87,0.037 
   160  2:neutral  2:neutral       0.009,*0.661,0.331 
   161  2:neutral  2:neutral       0.18,*0.532,0.288 
   162  2:neutral  2:neutral       0.035,*0.722,0.243 
   163  2:neutral  2:neutral       0.017,*0.711,0.271 
   164  2:neutral  2:neutral       0.292,*0.458,0.25 
   165  2:neutral  2:neutral       0.057,*0.831,0.112 
   166  2:neutral  2:neutral       0.062,*0.705,0.233 
   167  2:neutral  2:neutral       0.078,*0.569,0.353 
   168  2:neutral  2:neutral       0.031,*0.76,0.208 
   169  2:neutral  2:neutral       0.127,*0.56,0.313 
   170  2:neutral  2:neutral       0.08,*0.808,0.112 
   171  2:neutral 3:positive   +   0.043,0.466,*0.491 
   172  2:neutral  2:neutral       0.142,*0.598,0.26 
   173  2:neutral 1:negative   +   *0.744,0.22,0.036 
   174  2:neutral  2:neutral       0.097,*0.518,0.385 
   175  2:neutral  2:neutral       0.035,*0.756,0.209 
   176  2:neutral 3:positive   +   0.236,0.337,*0.427 
   177  2:neutral  2:neutral       0.041,*0.745,0.214 
   178  2:neutral  2:neutral       0.176,*0.656,0.168 
   179  2:neutral  2:neutral       0.121,*0.62,0.26 
   180  2:neutral  2:neutral       0.046,*0.855,0.098 
   181  2:neutral  2:neutral       0.055,*0.781,0.164 
   182  2:neutral 1:negative   +   *0.873,0.101,0.026 
   183  2:neutral  2:neutral       0.067,*0.678,0.256 
   184  2:neutral  2:neutral       0.09,*0.483,0.427 
   185  2:neutral  2:neutral       0.094,*0.612,0.294 
   186  2:neutral  2:neutral       0.011,*0.664,0.326 
   187  2:neutral  2:neutral       0.055,*0.558,0.387 
   188  2:neutral 3:positive   +   0.134,0.397,*0.47 
   189  2:neutral 1:negative   +   *0.543,0.374,0.083 
   190  2:neutral  2:neutral       0.307,*0.582,0.111 
   191  2:neutral  2:neutral       0.161,*0.722,0.117 
   192  2:neutral  2:neutral       0.054,*0.797,0.149 
   193  2:neutral  2:neutral       0.011,*0.724,0.265 
   194  2:neutral  2:neutral       0.088,*0.815,0.096 
   195  2:neutral 3:positive   +   0.079,0.317,*0.604 
   196  2:neutral  2:neutral       0.131,*0.696,0.173 
   197  2:neutral  2:neutral       0.073,*0.685,0.242 
   198  2:neutral 1:negative   +   *0.429,0.402,0.169 
   199  2:neutral 3:positive   +   0.082,0.155,*0.763 
   200  2:neutral  2:neutral       0.081,*0.683,0.236 
   201  2:neutral  2:neutral       0.031,*0.854,0.116 
   202  2:neutral  2:neutral       0.084,*0.721,0.195 
   203  2:neutral 3:positive   +   0.058,0.468,*0.475 
   204  2:neutral  2:neutral       0.013,*0.968,0.019 
   205  2:neutral  2:neutral       0.02,*0.606,0.373 
   206  2:neutral  2:neutral       0.218,*0.505,0.278 
   207  2:neutral 3:positive   +   0.029,0.46,*0.511 
   208  2:neutral  2:neutral       0.028,*0.873,0.099 
   209  2:neutral  2:neutral       0.032,*0.834,0.134 
   210  2:neutral 3:positive   +   0.337,0.308,*0.355 
   211  2:neutral  2:neutral       0.021,*0.716,0.264 
   212  2:neutral  2:neutral       0.041,*0.798,0.161 
   213  2:neutral  2:neutral       0.061,*0.685,0.254 
   214  2:neutral  2:neutral       0.106,*0.648,0.246 
   215  2:neutral  2:neutral       0.155,*0.681,0.165 
   216  2:neutral  2:neutral       0.066,*0.63,0.304 
   217  2:neutral  2:neutral       0.053,*0.812,0.135 
   218  2:neutral 3:positive   +   0.305,0.309,*0.386 
   219  2:neutral  2:neutral       0.212,*0.635,0.153 
   220  2:neutral  2:neutral       0.064,*0.69,0.245 
   221  2:neutral 1:negative   +   *0.465,0.317,0.219 
   222  2:neutral 3:positive   +   0.114,0.438,*0.448 
   223  2:neutral  2:neutral       0.036,*0.647,0.316 
   224  2:neutral  2:neutral       0.107,*0.66,0.233 
   225  2:neutral  2:neutral       0.021,*0.842,0.137 
   226  2:neutral  2:neutral       0.06,*0.745,0.195 
   227  2:neutral  2:neutral       0.026,*0.782,0.193 
   228  2:neutral 3:positive   +   0.055,0.409,*0.535 
   229  2:neutral  2:neutral       0.024,*0.601,0.375 
   230  2:neutral 1:negative   +   *0.493,0.253,0.254 
   231  2:neutral  2:neutral       0.087,*0.795,0.118 
   232  2:neutral  2:neutral       0.317,*0.475,0.209 
   233  2:neutral  2:neutral       0.176,*0.488,0.336 
   234  2:neutral  2:neutral       0.047,*0.686,0.267 
   235  2:neutral  2:neutral       0.26,*0.644,0.096 
   236  2:neutral 3:positive   +   0.071,0.447,*0.482 
   237  2:neutral 3:positive   +   0.043,0.305,*0.651 
   238  2:neutral  2:neutral       0.248,*0.594,0.158 
   239  2:neutral  2:neutral       0.188,*0.559,0.253 
   240  2:neutral  2:neutral       0.106,*0.611,0.283 
   241  2:neutral  2:neutral       0.346,*0.353,0.302 
   242  2:neutral  2:neutral       0.067,*0.809,0.124 
   243  2:neutral 3:positive   +   0.025,0.404,*0.571 
   244  2:neutral  2:neutral       0.027,*0.732,0.242 
   245  2:neutral  2:neutral       0.14,*0.715,0.145 
   246  2:neutral 3:positive   +   0.015,0.368,*0.617 
   247  2:neutral  2:neutral       0.007,*0.961,0.031 
   248  2:neutral  2:neutral       0.075,*0.478,0.446 
   249  2:neutral 3:positive   +   0.13,0.429,*0.441 
   250  2:neutral  2:neutral       0.028,*0.713,0.259 
   251  2:neutral  2:neutral       0.064,*0.626,0.31 
   252  2:neutral 3:positive   +   0.037,0.47,*0.494 
   253  2:neutral  2:neutral       0.098,*0.783,0.118 
   254  2:neutral  2:neutral       0.124,*0.778,0.098 
   255  2:neutral  2:neutral       0.049,*0.821,0.131 
   256  2:neutral  2:neutral       0.053,*0.655,0.292 
   257  2:neutral  2:neutral       0.081,*0.659,0.26 
   258  2:neutral  2:neutral       0.054,*0.907,0.039 
   259  2:neutral 3:positive   +   0.077,0.413,*0.51 
   260  2:neutral  2:neutral       0.106,*0.819,0.075 
   261  2:neutral 3:positive   +   0.024,0.328,*0.649 
   262  2:neutral  2:neutral       0.031,*0.75,0.219 
   263  2:neutral  2:neutral       0.069,*0.562,0.369 
   264  2:neutral  2:neutral       0.038,*0.86,0.101 
   265  2:neutral  2:neutral       0.125,*0.605,0.27 
   266  2:neutral  2:neutral       0.034,*0.804,0.162 
   267  2:neutral 3:positive   +   0.203,0.293,*0.504 
   268  2:neutral  2:neutral       0.276,*0.472,0.251 
   269  2:neutral 3:positive   +   0.225,0.371,*0.404 
   270  2:neutral 3:positive   +   0.126,0.404,*0.47 
   271  2:neutral 1:negative   +   *0.397,0.261,0.341 
   272  2:neutral  2:neutral       0.079,*0.642,0.28 
   273  2:neutral  2:neutral       0.293,*0.546,0.161 
   274  2:neutral  2:neutral       0.086,*0.562,0.352 
   275  2:neutral 1:negative   +   *0.64,0.107,0.253 
   276  2:neutral  2:neutral       0.048,*0.847,0.105 
   277  2:neutral  2:neutral       0.012,*0.571,0.417 
   278  2:neutral  2:neutral       0.027,*0.716,0.257 
   279  2:neutral 1:negative   +   *0.551,0.254,0.194 
   280  2:neutral 3:positive   +   0.027,0.452,*0.521 
   281  2:neutral  2:neutral       0.081,*0.658,0.261 
   282  2:neutral  2:neutral       0.039,*0.852,0.109 
   283  2:neutral  2:neutral       0.26,*0.388,0.352 
   284  2:neutral  2:neutral       0.044,*0.493,0.463 
   285  2:neutral  2:neutral       0.009,*0.94,0.051 
   286  2:neutral  2:neutral       0.07,*0.505,0.425 
   287  2:neutral  2:neutral       0.048,*0.873,0.08 
   288  2:neutral  2:neutral       0.13,*0.764,0.106 
   289  2:neutral  2:neutral       0.08,*0.707,0.212 
   290  2:neutral  2:neutral       0.014,*0.673,0.313 
   291  2:neutral  2:neutral       0.173,*0.5,0.327 
   292  2:neutral 1:negative   +   *0.578,0.248,0.174 
   293  2:neutral 3:positive   +   0.077,0.425,*0.498 
   294  2:neutral 3:positive   +   0.109,0.369,*0.522 
   295  2:neutral  2:neutral       0.104,*0.851,0.045 
   296  2:neutral  2:neutral       0.066,*0.669,0.265 
   297  2:neutral 3:positive   +   0.148,0.268,*0.584 
   298  2:neutral  2:neutral       0.055,*0.807,0.138 
   299  2:neutral  2:neutral       0.169,*0.644,0.187 
   300  2:neutral  2:neutral       0.072,*0.835,0.093 
   301  2:neutral  2:neutral       0.029,*0.625,0.346 
   302  2:neutral  2:neutral       0.055,*0.789,0.156 
   303  2:neutral 3:positive   +   0.086,0.231,*0.684 
   304  2:neutral 3:positive   +   0.149,0.394,*0.456 
   305  2:neutral  2:neutral       0.019,*0.859,0.122 
   306  2:neutral  2:neutral       0.069,*0.554,0.377 
   307  2:neutral  2:neutral       0.104,*0.7,0.196 
   308  2:neutral  2:neutral       0.046,*0.939,0.015 
   309  2:neutral 3:positive   +   0.023,0.22,*0.757 
   310  2:neutral  2:neutral       0.101,*0.862,0.037 
   311  2:neutral  2:neutral       0.156,*0.479,0.365 
   312  2:neutral  2:neutral       0.067,*0.699,0.235 
   313  2:neutral  2:neutral       0.142,*0.761,0.097 
   314  2:neutral  2:neutral       0.147,*0.698,0.155 
   315  2:neutral  2:neutral       0.023,*0.55,0.426 
   316  2:neutral 3:positive   +   0.045,0.253,*0.703 
   317  2:neutral  2:neutral       0.126,*0.657,0.217 
   318  2:neutral  2:neutral       0.094,*0.726,0.179 
   319  2:neutral 3:positive   +   0.127,0.436,*0.437 
   320  2:neutral  2:neutral       0.136,*0.76,0.104 
   321  2:neutral  2:neutral       0.107,*0.784,0.108 
   322  2:neutral  2:neutral       0.05,*0.84,0.109 
   323  2:neutral  2:neutral       0.065,*0.634,0.3 
   324  2:neutral  2:neutral       0.083,*0.787,0.13 
   325  2:neutral  2:neutral       0.035,*0.7,0.266 
   326  2:neutral  2:neutral       0.075,*0.606,0.319 
   327  2:neutral 1:negative   +   *0.961,0.024,0.015 
   328  2:neutral 1:negative   +   *0.755,0.195,0.05 
   329  2:neutral 1:negative   +   *0.457,0.449,0.094 
   330  2:neutral  2:neutral       0.029,*0.912,0.06 
   331  2:neutral  2:neutral       0.088,*0.715,0.197 
   332  2:neutral  2:neutral       0.078,*0.681,0.241 
   333  2:neutral  2:neutral       0.017,*0.861,0.121 
   334  2:neutral 1:negative   +   *0.451,0.315,0.234 
   335  2:neutral 3:positive   +   0.024,0.422,*0.553 
   336  2:neutral  2:neutral       0.077,*0.551,0.372 
   337  2:neutral  2:neutral       0.053,*0.84,0.107 
   338  2:neutral  2:neutral       0.066,*0.666,0.268 
   339  2:neutral  2:neutral       0.052,*0.839,0.108 
   340  2:neutral  2:neutral       0.298,*0.49,0.212 
   341  2:neutral  2:neutral       0.059,*0.584,0.357 
   342  2:neutral 3:positive   +   0.107,0.15,*0.743 
   343  2:neutral  2:neutral       0.175,*0.592,0.234 
   344  2:neutral 3:positive   +   0.028,0.485,*0.487 
   345  2:neutral  2:neutral       0.021,*0.795,0.184 
   346  2:neutral 3:positive   +   0.072,0.453,*0.475 
   347  2:neutral  2:neutral       0.081,*0.659,0.26 
   348  2:neutral  2:neutral       0.311,*0.421,0.268 
   349  2:neutral  2:neutral       0.22,*0.587,0.193 
   350  2:neutral  2:neutral       0.051,*0.701,0.248 
   351  2:neutral  2:neutral       0.039,*0.685,0.276 
   352  2:neutral  2:neutral       0.04,*0.679,0.281 
   353  2:neutral  2:neutral       0.205,*0.514,0.281 
   354  2:neutral 1:negative   +   *0.859,0.057,0.084 
   355  2:neutral  2:neutral       0.064,*0.682,0.255 
   356  2:neutral 3:positive   +   0.149,0.248,*0.602 
   357  2:neutral  2:neutral       0.047,*0.555,0.398 
