Zero Weights processed. Default weights will be used
..
Warning: using -h 0 may be faster
*
optimization finished, #iter = 2807
C = 961.8917720266969
obj = 491994.79398506397, rho = -20.20026421489625
nSV = 2428, nBSV = 965
Total nSV = 2428
..
Warning: using -h 0 may be faster
*
optimization finished, #iter = 2774
C = 975.1893872797184
obj = 503399.7689674499, rho = -16.000914767386192
nSV = 2421, nBSV = 990
Total nSV = 2421
..
Warning: using -h 0 may be faster
*
optimization finished, #iter = 2739
C = 939.5739519333598
obj = 483667.6238452858, rho = -34.19989769004915
nSV = 2423, nBSV = 976
Total nSV = 2423
..
Warning: using -h 0 may be faster
*
optimization finished, #iter = 2775
C = 973.6507486757745
obj = 496959.627914428, rho = -8.147382184567626
nSV = 2394, nBSV = 990
Total nSV = 2394
..
Warning: using -h 0 may be faster
*
optimization finished, #iter = 2856
C = 996.7915083380738
obj = 517646.9296317364, rho = -24.920996860096423
nSV = 2455, nBSV = 963
Total nSV = 2455
Line search fails in two-class probability estimates
...
Warning: using -h 0 may be faster
*
optimization finished, #iter = 3297
C = 976.9160505928016
obj = 593157.7397918423, rho = -20.639889335643854
nSV = 2936, nBSV = 1258
....
Warning: using -h 0 may be faster
*
optimization finished, #iter = 4662
C = 2716.6049745267633
obj = 2530030.371268244, rho = -18.653338487402536
nSV = 4127, nBSV = 1341
Total nSV = 4127
....
Warning: using -h 0 may be faster
*
optimization finished, #iter = 4428
C = 2791.16409804864
obj = 2634131.8134598923, rho = 8.464819430543962
nSV = 4088, nBSV = 1350
Total nSV = 4088
....
Warning: using -h 0 may be faster
*
optimization finished, #iter = 4734
C = 2728.90769564775
obj = 2531804.784901298, rho = -4.684545597509178
nSV = 4151, nBSV = 1289
Total nSV = 4151
....
Warning: using -h 0 may be faster
*
optimization finished, #iter = 4638
C = 2614.549229976482
obj = 2411047.585369533, rho = -1.1034423333179555
nSV = 4153, nBSV = 1309
Total nSV = 4153
....
Warning: using -h 0 may be faster
*
optimization finished, #iter = 4645
C = 2825.629395461473
obj = 2600829.7803027728, rho = -0.6139160431272901
nSV = 4171, nBSV = 1314
Total nSV = 4171
.
Warning: using -h 0 may be faster
....
Warning: using -h 0 may be faster
*
optimization finished, #iter = 5827
C = 2999.3963789720783
obj = 3263785.6930440473, rho = -7.87264146268696
nSV = 5068, nBSV = 1740
..
Warning: using -h 0 may be faster
*
optimization finished, #iter = 2910
C = 951.3018040537179
obj = 532700.040701104, rho = -53.46944241447497
nSV = 2756, nBSV = 1165
Total nSV = 2756
..
Warning: using -h 0 may be faster
*
optimization finished, #iter = 2986
C = 1001.6552013637822
obj = 582928.9322659293, rho = -53.23253249752722
nSV = 2798, nBSV = 1133
Total nSV = 2798
...
Warning: using -h 0 may be faster
*
optimization finished, #iter = 3089
C = 1063.9103918517735
obj = 620929.0881395104, rho = -61.1155294111609
nSV = 2830, nBSV = 1131
Total nSV = 2830
..
Warning: using -h 0 may be faster
*
optimization finished, #iter = 2976
C = 993.9351774337091
obj = 575610.3984604329, rho = -43.344428747265106
nSV = 2797, nBSV = 1151
Total nSV = 2797
...
Warning: using -h 0 may be faster
*
optimization finished, #iter = 3006
C = 987.3339764365808
obj = 562803.5373587797, rho = -57.76294140984805
nSV = 2804, nBSV = 1137
Total nSV = 2804
...
Warning: using -h 0 may be faster
*
optimization finished, #iter = 3610
C = 1000.805337045687
obj = 665977.1730607713, rho = 12.728543550861652
nSV = 3387, nBSV = 1490
Total nSV = 7902
..
Warning: using -h 0 may be faster
*
optimization finished, #iter = 2090
C = 917.3030598044925
obj = 403182.87238519295, rho = -19.26406420552946
nSV = 1961, nBSV = 745
Total nSV = 1961
..
Warning: using -h 0 may be faster
*
optimization finished, #iter = 2193
C = 977.682072715503
obj = 436254.1136133639, rho = -11.842527814489936
nSV = 2027, nBSV = 718
Total nSV = 2027
..
Warning: using -h 0 may be faster
*
optimization finished, #iter = 2147
C = 960.2558863826199
obj = 415263.67897861014, rho = -16.15574309337745
nSV = 1986, nBSV = 737
Total nSV = 1986
..
Warning: using -h 0 may be faster
*
optimization finished, #iter = 2144
C = 962.19001994217
obj = 425945.8905294446, rho = -1.0321715441014696
nSV = 1999, nBSV = 731
Total nSV = 1999
..
Warning: using -h 0 may be faster
*
optimization finished, #iter = 2217
C = 957.2234639359924
obj = 418033.63399005856, rho = -6.732550461506639
nSV = 2004, nBSV = 726
Total nSV = 2004
..
Warning: using -h 0 may be faster
*
optimization finished, #iter = 2694
C = 968.9543133752377
obj = 499583.4913530008, rho = -15.500935505409169
nSV = 2400, nBSV = 959
...
Warning: using -h 0 may be faster
*
optimization finished, #iter = 3749
C = 2657.818955589154
obj = 2079111.7991716363, rho = 13.190684125643651
nSV = 3405, nBSV = 994
Total nSV = 3405
...
Warning: using -h 0 may be faster
*
optimization finished, #iter = 3770
C = 2353.2141151040564
obj = 1810000.5497412921, rho = -137.88504364315236
nSV = 3394, nBSV = 1018
Total nSV = 3394
....
Warning: using -h 0 may be faster
*
optimization finished, #iter = 4012
C = 2444.892836060125
obj = 1860514.2627969126, rho = -137.7073741081421
nSV = 3433, nBSV = 1003
Total nSV = 3433
....
Warning: using -h 0 may be faster
*
optimization finished, #iter = 4038
C = 2552.3063062159717
obj = 1996659.2489820442, rho = -127.7553673007239
nSV = 3454, nBSV = 1002
Total nSV = 3454
...
Warning: using -h 0 may be faster
*
optimization finished, #iter = 3771
C = 2586.667534702537
obj = 2094783.5653675161, rho = -132.5732237984019
nSV = 3418, nBSV = 997
Total nSV = 3418
....
Warning: using -h 0 may be faster
*
optimization finished, #iter = 4715
C = 2704.0825587960626
obj = 2476714.356812758, rho = 7.440930247889149
nSV = 4195, nBSV = 1310
..
Warning: using -h 0 may be faster
*
optimization finished, #iter = 2344
C = 988.9076914987529
obj = 477803.54367847537, rho = 16.380088208565912
nSV = 2292, nBSV = 884
Total nSV = 2292
..
Warning: using -h 0 may be faster
*
optimization finished, #iter = 2377
C = 966.7526763860624
obj = 480884.46964454727, rho = 23.69437790280344
nSV = 2306, nBSV = 878
Total nSV = 2306
..
Warning: using -h 0 may be faster
*
optimization finished, #iter = 2378
C = 913.7638908227229
obj = 446010.93046918954, rho = 19.224967499185233
nSV = 2236, nBSV = 880
Total nSV = 2236
..
Warning: using -h 0 may be faster
*
optimization finished, #iter = 2445
C = 931.2406176085176
obj = 445505.3610019811, rho = 7.4404600090261575
nSV = 2293, nBSV = 865
Total nSV = 2293
..
Warning: using -h 0 may be faster
*
optimization finished, #iter = 2319
C = 899.7454165177197
obj = 430299.02308044664, rho = 15.146448500988736
nSV = 2242, nBSV = 894
Total nSV = 2242
..
Warning: using -h 0 may be faster
*
optimization finished, #iter = 2975
C = 959.0983403446861
obj = 544086.1717264345, rho = 16.936151428192538
nSV = 2765, nBSV = 1135
Total nSV = 6452
..
Warning: using -h 0 may be faster
*
optimization finished, #iter = 2311
C = 971.0474581549228
obj = 421481.40768344497, rho = -18.282862464862696
nSV = 1996, nBSV = 744
Total nSV = 1996
..
Warning: using -h 0 may be faster
*
optimization finished, #iter = 2260
C = 983.6095706296096
obj = 427177.02358129114, rho = -4.166421182615509
nSV = 1998, nBSV = 720
Total nSV = 1998
..
Warning: using -h 0 may be faster
*
optimization finished, #iter = 2198
C = 927.5290423383624
obj = 399286.8232939587, rho = -13.785724222928195
nSV = 1964, nBSV = 740
Total nSV = 1964
..
Warning: using -h 0 may be faster
*
optimization finished, #iter = 2157
C = 935.9080130252145
obj = 400228.18559814355, rho = -19.018304523696557
nSV = 1968, nBSV = 745
Total nSV = 1968
..
Warning: using -h 0 may be faster
*
optimization finished, #iter = 2138
C = 938.115432029048
obj = 402884.94892938243, rho = -25.030577734831457
nSV = 1980, nBSV = 761
Total nSV = 1980
..
Warning: using -h 0 may be faster
*
optimization finished, #iter = 2682
C = 968.4065998682589
obj = 493417.35408761585, rho = -12.804144452442435
nSV = 2416, nBSV = 968
....
Warning: using -h 0 may be faster
*
optimization finished, #iter = 4027
C = 2488.208601867693
obj = 1910445.0337470837, rho = -7.857744917787707
nSV = 3481, nBSV = 977
Total nSV = 3481
...
Warning: using -h 0 may be faster
*
optimization finished, #iter = 3714
C = 2545.0188098171275
obj = 2002924.6314859258, rho = -126.36677230800004
nSV = 3404, nBSV = 1003
Total nSV = 3404
...
Warning: using -h 0 may be faster
*
optimization finished, #iter = 3651
C = 2623.2305466153625
obj = 2072410.6001044265, rho = -139.57149211814286
nSV = 3400, nBSV = 1006
Total nSV = 3400
...
Warning: using -h 0 may be faster
*
optimization finished, #iter = 3759
C = 2566.4680598645477
obj = 2012753.2777092336, rho = -130.21464479253947
nSV = 3421, nBSV = 1025
Total nSV = 3421
...
Warning: using -h 0 may be faster
*
optimization finished, #iter = 3778
C = 2447.688699193175
obj = 1861169.7258903899, rho = -111.4947961562751
nSV = 3418, nBSV = 1016
Total nSV = 3418
....
Warning: using -h 0 may be faster
*
optimization finished, #iter = 4698
C = 2779.3181983488244
obj = 2591241.6773869446, rho = -31.44866432263601
nSV = 4150, nBSV = 1337
..
Warning: using -h 0 may be faster
*
optimization finished, #iter = 2404
C = 948.0044397730952
obj = 457019.21301237214, rho = -49.815504755094075
nSV = 2309, nBSV = 864
Total nSV = 2309
..
Warning: using -h 0 may be faster
*
optimization finished, #iter = 2546
C = 938.5490981412681
obj = 455939.89633013116, rho = -50.28135064891066
nSV = 2329, nBSV = 854
Total nSV = 2329
..
Warning: using -h 0 may be faster
*
optimization finished, #iter = 2360
C = 965.8456890547466
obj = 474560.20063901524, rho = -59.98495181569178
nSV = 2276, nBSV = 853
Total nSV = 2276
..
Warning: using -h 0 may be faster
*
optimization finished, #iter = 2436
C = 906.8279894687024
obj = 418282.531807886, rho = -51.15803982791735
nSV = 2271, nBSV = 888
Total nSV = 2271
..
Warning: using -h 0 may be faster
*
optimization finished, #iter = 2486
C = 998.5922481617749
obj = 487692.4246090381, rho = -48.704779499602154
nSV = 2324, nBSV = 866
Total nSV = 2324
..
Warning: using -h 0 may be faster
*
optimization finished, #iter = 2901
C = 952.4996438075874
obj = 530287.5351486879, rho = 17.80155275324761
nSV = 2762, nBSV = 1149
Total nSV = 6377
...
Warning: using -h 0 may be faster
*
optimization finished, #iter = 3908
C = 2684.6694329811567
obj = 2168265.0659809243, rho = -148.16826898173935
nSV = 3487, nBSV = 977
Total nSV = 3487
...
Warning: using -h 0 may be faster
*
optimization finished, #iter = 3835
C = 2584.280020124571
obj = 2043600.3435269336, rho = -117.38263042418524
nSV = 3445, nBSV = 976
Total nSV = 3445
...
Warning: using -h 0 may be faster
*
optimization finished, #iter = 3801
C = 2524.6183890794396
obj = 2003245.0628844323, rho = -145.04843449519808
nSV = 3455, nBSV = 1001
Total nSV = 3455
...
Warning: using -h 0 may be faster
*
optimization finished, #iter = 3604
C = 2540.4340401005716
obj = 2015564.003152492, rho = -127.24482090103545
nSV = 3457, nBSV = 992
Total nSV = 3457
...
Warning: using -h 0 may be faster
*
optimization finished, #iter = 3837
C = 2645.0240067475734
obj = 2152503.229981433, rho = -137.47740736269117
nSV = 3425, nBSV = 999
Total nSV = 3425
....
Warning: using -h 0 may be faster
*
optimization finished, #iter = 4835
C = 2765.039317206505
obj = 2614065.6106231804, rho = -150.8564294360518
nSV = 4200, nBSV = 1292
..
Warning: using -h 0 may be faster
*
optimization finished, #iter = 2625
C = 1074.1097477394044
obj = 532123.5470359022, rho = -62.56699348002668
nSV = 2381, nBSV = 838
Total nSV = 2381
..
Warning: using -h 0 may be faster
*
optimization finished, #iter = 2525
C = 1061.8090118418174
obj = 525988.133813601, rho = -44.01114237812323
nSV = 2325, nBSV = 839
Total nSV = 2325
..
Warning: using -h 0 may be faster
*
optimization finished, #iter = 2302
C = 1017.8067666242675
obj = 498590.00540270493, rho = -59.91126551953526
nSV = 2314, nBSV = 849
Total nSV = 2314
..
Warning: using -h 0 may be faster
*
optimization finished, #iter = 2438
C = 949.9745394380806
obj = 466948.28105804895, rho = -59.465908742839865
nSV = 2318, nBSV = 861
Total nSV = 2318
..
Warning: using -h 0 may be faster
*
optimization finished, #iter = 2467
C = 1004.6612669804503
obj = 493413.1459014311, rho = -48.73283075019365
nSV = 2318, nBSV = 869
Total nSV = 2318
..
Warning: using -h 0 may be faster
*
optimization finished, #iter = 2966
C = 1057.249061145863
obj = 618096.0027237943, rho = -60.58555458523498
nSV = 2809, nBSV = 1120
..
Warning: using -h 0 may be faster
*
optimization finished, #iter = 2283
C = 965.8454270583916
obj = 428277.67916609935, rho = -10.670923314034347
nSV = 1993, nBSV = 718
Total nSV = 1993
..
Warning: using -h 0 may be faster
*
optimization finished, #iter = 2181
C = 905.4199481621368
obj = 390467.27634351136, rho = -32.03180151049715
nSV = 1970, nBSV = 765
Total nSV = 1970
..
Warning: using -h 0 may be faster
*
optimization finished, #iter = 2137
C = 973.1987295534324
obj = 433836.4259963156, rho = -19.599889704146822
nSV = 1988, nBSV = 736
Total nSV = 1988
..
Warning: using -h 0 may be faster
*
optimization finished, #iter = 2304
C = 953.3713244142901
obj = 420710.18364234525, rho = -20.069838537573663
nSV = 2008, nBSV = 735
Total nSV = 2008
..
Warning: using -h 0 may be faster
*
optimization finished, #iter = 2199
C = 968.6910276615473
obj = 422186.51630077435, rho = -24.57987429850326
nSV = 1996, nBSV = 740
Total nSV = 1996
..
Warning: using -h 0 may be faster
*
optimization finished, #iter = 2646
C = 957.2610779768804
obj = 496405.8954899996, rho = -24.371192639498982
nSV = 2406, nBSV = 981
Total nSV = 6480
..
Warning: using -h 0 may be faster
*
optimization finished, #iter = 2213
C = 995.9667652774584
obj = 446774.04369275994, rho = -7.999621172085655
nSV = 2036, nBSV = 714
Total nSV = 2036
..
Warning: using -h 0 may be faster
*
optimization finished, #iter = 2140
C = 959.3235263000115
obj = 430856.8582599085, rho = -4.631936312065624
nSV = 2005, nBSV = 753
Total nSV = 2005
..
Warning: using -h 0 may be faster
*
optimization finished, #iter = 2323
C = 1043.8461689099468
obj = 461964.6396854873, rho = -9.787541474104058
nSV = 2042, nBSV = 717
Total nSV = 2042
..
Warning: using -h 0 may be faster
*
optimization finished, #iter = 2200
C = 943.0842453313552
obj = 410451.9044141245, rho = -21.08105520071341
nSV = 1992, nBSV = 724
Total nSV = 1992
..
Warning: using -h 0 may be faster
*
optimization finished, #iter = 2157
C = 1013.9107429970137
obj = 457818.1878663289, rho = -12.684078192252143
nSV = 2023, nBSV = 712
Total nSV = 2023
..
Warning: using -h 0 may be faster
*
optimization finished, #iter = 2720
C = 1000.62571549093
obj = 526014.7870628468, rho = -25.81406567713197
nSV = 2425, nBSV = 952
..
Warning: using -h 0 may be faster
*
optimization finished, #iter = 2365
C = 994.9503951778669
obj = 486813.1705925895, rho = 12.22626543098978
nSV = 2299, nBSV = 871
Total nSV = 2299
..
Warning: using -h 0 may be faster
*
optimization finished, #iter = 2505
C = 956.0867576405675
obj = 463656.34915981983, rho = 9.736091187115916
nSV = 2288, nBSV = 847
Total nSV = 2288
..
Warning: using -h 0 may be faster
*
optimization finished, #iter = 2488
C = 936.7868584111287
obj = 451028.1662798827, rho = -3.048698202450793
nSV = 2296, nBSV = 859
Total nSV = 2296
..
Warning: using -h 0 may be faster
*
optimization finished, #iter = 2522
C = 957.0662287233336
obj = 458990.1272833808, rho = 1.5141942715877033
nSV = 2287, nBSV = 860
Total nSV = 2287
..
Warning: using -h 0 may be faster
*
optimization finished, #iter = 2341
C = 973.7499839734998
obj = 469890.88512024475, rho = -1.619884309302937
nSV = 2285, nBSV = 859
Total nSV = 2285
...
Warning: using -h 0 may be faster
*
optimization finished, #iter = 3049
C = 988.3912410852819
obj = 561117.597441616, rho = 8.053426526819564
nSV = 2792, nBSV = 1144
....
Warning: using -h 0 may be faster
*
optimization finished, #iter = 4192
C = 2485.589597365116
obj = 1923422.427094614, rho = -120.58455664662104
nSV = 3492, nBSV = 955
Total nSV = 3492
...
Warning: using -h 0 may be faster
*
optimization finished, #iter = 3943
C = 2500.634067572824
obj = 1943875.7965996498, rho = -130.6807001109459
nSV = 3485, nBSV = 961
Total nSV = 3485
...
Warning: using -h 0 may be faster
*
optimization finished, #iter = 3705
C = 2524.4734413102187
obj = 2019621.509657918, rho = -115.42759191307556
nSV = 3411, nBSV = 1007
Total nSV = 3411
....
Warning: using -h 0 may be faster
*
optimization finished, #iter = 4289
C = 2461.185964242668
obj = 1849217.2296049183, rho = -96.47418001552911
nSV = 3504, nBSV = 951
Total nSV = 3504
....
Warning: using -h 0 may be faster
*
optimization finished, #iter = 4233
C = 2615.6707642165234
obj = 2039028.9596287296, rho = -118.75802810397279
nSV = 3470, nBSV = 956
Total nSV = 3470
....
Warning: using -h 0 may be faster
*
optimization finished, #iter = 4639
C = 2683.369912776982
obj = 2527237.312376978, rho = 13.689237663335886
nSV = 4108, nBSV = 1342
Total nSV = 6398
..
Warning: using -h 0 may be faster
*
optimization finished, #iter = 2282
C = 947.3998060005773
obj = 457488.20915139676, rho = 9.848413288991905
nSV = 2273, nBSV = 870
Total nSV = 2273
..
Warning: using -h 0 may be faster
*
optimization finished, #iter = 2303
C = 907.0154748460869
obj = 424961.6830612843, rho = -1.25882654311793
nSV = 2272, nBSV = 880
Total nSV = 2272
..
Warning: using -h 0 may be faster
*
optimization finished, #iter = 2341
C = 861.0248665169356
obj = 390093.0147361532, rho = 14.409394873711221
nSV = 2250, nBSV = 891
Total nSV = 2250
..
Warning: using -h 0 may be faster
*
optimization finished, #iter = 2295
C = 895.8213800597671
obj = 423220.6919504681, rho = 6.174952062110027
nSV = 2265, nBSV = 889
Total nSV = 2265
..
Warning: using -h 0 may be faster
*
optimization finished, #iter = 2426
C = 909.2494856133745
obj = 428006.1843273087, rho = -1.2755912125044462
nSV = 2265, nBSV = 893
Total nSV = 2265
..
Warning: using -h 0 may be faster
*
optimization finished, #iter = 2865
C = 916.7110563266349
obj = 506393.499059869, rho = 10.171881304153827
nSV = 2779, nBSV = 1146
..
Warning: using -h 0 may be faster
*
optimization finished, #iter = 2168
C = 1050.941443890651
obj = 473434.594306754, rho = -16.159065957244604
nSV = 1971, nBSV = 733
Total nSV = 1971
..
Warning: using -h 0 may be faster
*
optimization finished, #iter = 2117
C = 906.7795726854007
obj = 395721.477837686, rho = -29.93085133239241
nSV = 1957, nBSV = 748
Total nSV = 1957
..
Warning: using -h 0 may be faster
*
optimization finished, #iter = 2307
C = 966.4306668462251
obj = 413181.25147430034, rho = -25.0791933636423
nSV = 1983, nBSV = 725
Total nSV = 1983
..
Warning: using -h 0 may be faster
*
optimization finished, #iter = 2245
C = 944.1126458932966
obj = 405460.21439222293, rho = -10.008171247088269
nSV = 1965, nBSV = 719
Total nSV = 1965
..
Warning: using -h 0 may be faster
*
optimization finished, #iter = 2126
C = 929.4794579686073
obj = 398333.28786849853, rho = -21.60765950955277
nSV = 1948, nBSV = 748
Total nSV = 1948
..
Warning: using -h 0 may be faster
*
optimization finished, #iter = 2771
C = 951.2246277642058
obj = 482396.0006986375, rho = -14.50672744487691
nSV = 2400, nBSV = 957
....
Warning: using -h 0 may be faster
*
optimization finished, #iter = 4060
C = 2618.147721189503
obj = 2058507.4042455447, rho = -97.44803555723082
nSV = 3509, nBSV = 973
Total nSV = 3509
...
Warning: using -h 0 may be faster
*
optimization finished, #iter = 3929
C = 2588.3832427870625
obj = 2028078.0744992024, rho = -95.87515747813535
nSV = 3497, nBSV = 968
Total nSV = 3497
...
Warning: using -h 0 may be faster
*
optimization finished, #iter = 3914
C = 2506.8886043197076
obj = 1968224.6956652992, rho = -107.6065840548701
nSV = 3454, nBSV = 993
Total nSV = 3454
....
Warning: using -h 0 may be faster
*
optimization finished, #iter = 4199
C = 2597.4862092863123
obj = 1951988.3194248574, rho = -95.04972221182318
nSV = 3491, nBSV = 967
Total nSV = 3491
....
Warning: using -h 0 may be faster
*
optimization finished, #iter = 4161
C = 2662.6133885561176
obj = 2077584.497058678, rho = -108.0110203634277
nSV = 3487, nBSV = 986
Total nSV = 3487
....
Warning: using -h 0 may be faster
*
optimization finished, #iter = 4563
C = 2794.899167698659
obj = 2664059.9522747486, rho = -107.62839819865063
nSV = 4142, nBSV = 1310
Total nSV = 6434


=== Predictions under cross-validation ===

 inst#     actual  predicted error distribution
     1  2:neutral  2:neutral       0.275,*0.506,0.219 
     2  2:neutral  2:neutral       0.018,*0.819,0.164 
     3  2:neutral 3:positive   +   0.217,0.31,*0.473 
     4  2:neutral  2:neutral       0.13,*0.501,0.369 
     5  2:neutral  2:neutral       0.052,*0.686,0.263 
     6  2:neutral 1:negative   +   *0.528,0.375,0.096 
     7  2:neutral  2:neutral       0.032,*0.51,0.458 
     8  2:neutral  2:neutral       0.046,*0.879,0.075 
     9  2:neutral  2:neutral       0.109,*0.552,0.339 
    10  2:neutral 1:negative   +   *0.62,0.211,0.169 
    11  2:neutral 3:positive   +   0.027,0.411,*0.562 
    12  2:neutral  2:neutral       0.054,*0.737,0.209 
    13  2:neutral  2:neutral       0.063,*0.693,0.244 
    14  2:neutral  2:neutral       0.033,*0.703,0.263 
    15  2:neutral  2:neutral       0.207,*0.544,0.249 
    16  2:neutral  2:neutral       0.023,*0.571,0.406 
    17  2:neutral  2:neutral       0.328,*0.345,0.327 
    18  2:neutral  2:neutral       0.28,*0.369,0.351 
    19  2:neutral  2:neutral       0.116,*0.656,0.228 
    20  2:neutral  2:neutral       0.039,*0.898,0.063 
    21  2:neutral  2:neutral       0.199,*0.441,0.36 
    22  2:neutral 3:positive   +   0.1,0.395,*0.505 
    23  2:neutral  2:neutral       0.082,*0.658,0.261 
    24  2:neutral  2:neutral       0.058,*0.549,0.393 
    25  2:neutral  2:neutral       0.094,*0.634,0.272 
    26  2:neutral 1:negative   +   *0.402,0.337,0.261 
    27  2:neutral  2:neutral       0.027,*0.678,0.295 
    28  2:neutral  2:neutral       0.395,*0.402,0.203 
    29  2:neutral  2:neutral       0.031,*0.629,0.34 
    30  2:neutral 3:positive   +   0.033,0.333,*0.634 
    31  2:neutral  2:neutral       0.316,*0.511,0.173 
    32  2:neutral 1:negative   +   *0.953,0.027,0.02 
    33  2:neutral  2:neutral       0.018,*0.839,0.142 
    34  2:neutral  2:neutral       0.069,*0.751,0.18 
    35  2:neutral  2:neutral       0.145,*0.712,0.143 
    36  2:neutral  2:neutral       0.006,*0.957,0.037 
    37  2:neutral  2:neutral       0.297,*0.539,0.164 
    38  2:neutral  2:neutral       0.131,*0.716,0.153 
    39  2:neutral  2:neutral       0.056,*0.668,0.275 
    40  2:neutral  2:neutral       0.027,*0.514,0.459 
    41  2:neutral  2:neutral       0.098,*0.626,0.276 
    42  2:neutral  2:neutral       0.019,*0.676,0.305 
    43  2:neutral 3:positive   +   0.331,0.104,*0.565 
    44  2:neutral  2:neutral       0.092,*0.519,0.389 
    45  2:neutral  2:neutral       0.038,*0.892,0.07 
    46  2:neutral  2:neutral       0.014,*0.69,0.296 
    47  2:neutral  2:neutral       0.063,*0.584,0.353 
    48  2:neutral 3:positive   +   0.024,0.165,*0.811 
    49  2:neutral  2:neutral       0.061,*0.806,0.132 
    50  2:neutral  2:neutral       0.098,*0.696,0.206 
    51  2:neutral  2:neutral       0.149,*0.743,0.108 
    52  2:neutral  2:neutral       0.223,*0.552,0.225 
    53  2:neutral  2:neutral       0.19,*0.589,0.221 
    54  2:neutral  2:neutral       0.058,*0.509,0.433 
    55  2:neutral  2:neutral       0.062,*0.506,0.432 
    56  2:neutral  2:neutral       0.08,*0.788,0.132 
    57  2:neutral  2:neutral       0.093,*0.49,0.417 
    58  2:neutral 3:positive   +   0.07,0.454,*0.476 
    59  2:neutral 3:positive   +   0.115,0.411,*0.474 
    60  2:neutral  2:neutral       0.072,*0.633,0.295 
    61  2:neutral  2:neutral       0.22,*0.656,0.124 
    62  2:neutral  2:neutral       0.134,*0.504,0.362 
    63  2:neutral  2:neutral       0.035,*0.635,0.33 
    64  2:neutral  2:neutral       0.103,*0.677,0.22 
    65  2:neutral  2:neutral       0.228,*0.666,0.106 
    66  2:neutral 3:positive   +   0.16,0.166,*0.673 
    67  2:neutral  2:neutral       0.075,*0.66,0.266 
    68  2:neutral  2:neutral       0.181,*0.449,0.37 
    69  2:neutral 3:positive   +   0.046,0.343,*0.611 
    70  2:neutral 3:positive   +   0.059,0.413,*0.528 
    71  2:neutral  2:neutral       0.1,*0.714,0.186 
    72  2:neutral 3:positive   +   0.037,0.152,*0.811 
    73  2:neutral 3:positive   +   0.123,0.248,*0.629 
    74  2:neutral 3:positive   +   0.067,0.389,*0.544 
    75  2:neutral  2:neutral       0.057,*0.684,0.259 
    76  2:neutral  2:neutral       0.145,*0.643,0.212 
    77  2:neutral 3:positive   +   0.084,0.223,*0.694 
    78  2:neutral  2:neutral       0.071,*0.521,0.408 
    79  2:neutral 1:negative   +   *0.48,0.426,0.094 
    80  2:neutral  2:neutral       0.048,*0.909,0.043 
    81  2:neutral 1:negative   +   *0.438,0.206,0.356 
    82  2:neutral  2:neutral       0.104,*0.855,0.041 
    83  2:neutral 1:negative   +   *0.532,0.104,0.364 
    84  2:neutral 3:positive   +   0.02,0.111,*0.869 
    85  2:neutral 1:negative   +   *0.499,0.389,0.112 
    86  2:neutral  2:neutral       0.041,*0.781,0.178 
    87  2:neutral 3:positive   +   0.019,0.359,*0.622 
    88  2:neutral  2:neutral       0.032,*0.518,0.45 
    89  2:neutral 1:negative   +   *0.423,0.252,0.325 
    90  2:neutral  2:neutral       0.045,*0.782,0.173 
    91  2:neutral  2:neutral       0.071,*0.553,0.376 
    92  2:neutral  2:neutral       0.095,*0.698,0.207 
    93  2:neutral  2:neutral       0.077,*0.564,0.359 
    94  2:neutral  2:neutral       0.038,*0.518,0.444 
    95  2:neutral 3:positive   +   0.089,0.3,*0.612 
    96  2:neutral  2:neutral       0.071,*0.803,0.126 
    97  2:neutral  2:neutral       0.069,*0.692,0.239 
    98  2:neutral 3:positive   +   0.064,0.232,*0.704 
    99  2:neutral  2:neutral       0.072,*0.772,0.155 
   100  2:neutral  2:neutral       0.112,*0.712,0.176 
   101  2:neutral  2:neutral       0.181,*0.688,0.131 
   102  2:neutral 3:positive   +   0.116,0.369,*0.515 
   103  2:neutral  2:neutral       0.051,*0.662,0.286 
   104  2:neutral  2:neutral       0.128,*0.53,0.342 
   105  2:neutral  2:neutral       0.078,*0.663,0.259 
   106  2:neutral 3:positive   +   0.087,0.197,*0.717 
   107  2:neutral  2:neutral       0.091,*0.616,0.292 
   108  2:neutral  2:neutral       0.086,*0.841,0.073 
   109  2:neutral  2:neutral       0.009,*0.77,0.221 
   110  2:neutral  2:neutral       0.074,*0.8,0.126 
   111  2:neutral 3:positive   +   0.078,0.456,*0.467 
   112  2:neutral  2:neutral       0.01,*0.766,0.224 
   113  2:neutral  2:neutral       0.025,*0.528,0.447 
   114  2:neutral 3:positive   +   0.232,0.313,*0.455 
   115  2:neutral  2:neutral       0.042,*0.641,0.317 
   116  2:neutral  2:neutral       0.081,*0.789,0.131 
   117  2:neutral  2:neutral       0.032,*0.923,0.045 
   118  2:neutral  2:neutral       0.05,*0.55,0.401 
   119  2:neutral  2:neutral       0.046,*0.799,0.155 
   120  2:neutral 3:positive   +   0.034,0.312,*0.653 
   121  2:neutral  2:neutral       0.074,*0.563,0.362 
   122  2:neutral 3:positive   +   0.086,0.217,*0.697 
   123  2:neutral  2:neutral       0.071,*0.856,0.073 
   124  2:neutral  2:neutral       0.138,*0.624,0.238 
   125  2:neutral  2:neutral       0.314,*0.514,0.172 
   126  2:neutral 3:positive   +   0.076,0.297,*0.627 
   127  2:neutral  2:neutral       0.022,*0.865,0.113 
   128  2:neutral 3:positive   +   0.022,0.462,*0.516 
   129  2:neutral  2:neutral       0.156,*0.612,0.232 
   130  2:neutral  2:neutral       0.074,*0.65,0.276 
   131  2:neutral  2:neutral       0.241,*0.439,0.32 
   132  2:neutral  2:neutral       0.08,*0.636,0.284 
   133  2:neutral  2:neutral       0.037,*0.799,0.164 
   134  2:neutral  2:neutral       0.029,*0.623,0.349 
   135  2:neutral  2:neutral       0.02,*0.759,0.221 
   136  2:neutral  2:neutral       0.014,*0.583,0.403 
   137  2:neutral  2:neutral       0.139,*0.592,0.269 
   138  2:neutral  2:neutral       0.076,*0.561,0.363 
   139  2:neutral  2:neutral       0.135,*0.648,0.218 
   140  2:neutral  2:neutral       0.203,*0.41,0.386 
   141  2:neutral  2:neutral       0.03,*0.713,0.257 
   142  2:neutral  2:neutral       0.282,*0.553,0.165 
   143  2:neutral  2:neutral       0.186,*0.529,0.286 
   144  2:neutral  2:neutral       0.143,*0.679,0.178 
   145  2:neutral 1:negative   +   *0.357,0.296,0.347 
   146  2:neutral  2:neutral       0.271,*0.601,0.128 
   147  2:neutral  2:neutral       0.029,*0.807,0.163 
   148  2:neutral  2:neutral       0.112,*0.607,0.281 
   149  2:neutral 3:positive   +   0.084,0.374,*0.542 
   150  2:neutral  2:neutral       0.093,*0.763,0.144 
   151  2:neutral  2:neutral       0.071,*0.798,0.132 
   152  2:neutral  2:neutral       0.013,*0.946,0.041 
   153  2:neutral  2:neutral       0.022,*0.838,0.14 
   154  2:neutral  2:neutral       0.161,*0.656,0.182 
   155  2:neutral  2:neutral       0.148,*0.446,0.406 
   156  2:neutral 3:positive   +   0.104,0.295,*0.601 
   157  2:neutral  2:neutral       0.036,*0.615,0.35 
   158  2:neutral  2:neutral       0.04,*0.743,0.218 
   159  2:neutral  2:neutral       0.09,*0.858,0.052 
   160  2:neutral  2:neutral       0.024,*0.59,0.385 
   161  2:neutral  2:neutral       0.115,*0.689,0.196 
   162  2:neutral  2:neutral       0.016,*0.88,0.104 
   163  2:neutral  2:neutral       0.021,*0.781,0.198 
   164  2:neutral  2:neutral       0.263,*0.488,0.249 
   165  2:neutral  2:neutral       0.088,*0.736,0.176 
   166  2:neutral  2:neutral       0.099,*0.698,0.203 
   167  2:neutral 3:positive   +   0.05,0.234,*0.716 
   168  2:neutral  2:neutral       0.037,*0.657,0.306 
   169  2:neutral  2:neutral       0.14,*0.612,0.249 
   170  2:neutral  2:neutral       0.168,*0.731,0.101 
   171  2:neutral 3:positive   +   0.113,0.403,*0.484 
   172  2:neutral 3:positive   +   0.162,0.346,*0.491 
   173  2:neutral 1:negative   +   *0.646,0.304,0.05 
   174  2:neutral  2:neutral       0.111,*0.578,0.311 
   175  2:neutral  2:neutral       0.06,*0.592,0.348 
   176  2:neutral  2:neutral       0.29,*0.39,0.32 
   177  2:neutral  2:neutral       0.05,*0.825,0.125 
   178  2:neutral  2:neutral       0.28,*0.529,0.192 
   179  2:neutral  2:neutral       0.107,*0.594,0.299 
   180  2:neutral  2:neutral       0.053,*0.737,0.211 
   181  2:neutral  2:neutral       0.093,*0.696,0.211 
   182  2:neutral 1:negative   +   *0.637,0.264,0.099 
   183  2:neutral  2:neutral       0.066,*0.689,0.245 
   184  2:neutral 3:positive   +   0.092,0.352,*0.557 
   185  2:neutral  2:neutral       0.098,*0.578,0.325 
   186  2:neutral  2:neutral       0.022,*0.868,0.11 
   187  2:neutral  2:neutral       0.07,*0.56,0.37 
   188  2:neutral 3:positive   +   0.134,0.359,*0.508 
   189  2:neutral 1:negative   +   *0.515,0.404,0.081 
   190  2:neutral 1:negative   +   *0.436,0.402,0.162 
   191  2:neutral  2:neutral       0.204,*0.619,0.177 
   192  2:neutral  2:neutral       0.067,*0.773,0.16 
   193  2:neutral  2:neutral       0.009,*0.704,0.287 
   194  2:neutral  2:neutral       0.122,*0.682,0.196 
   195  2:neutral 3:positive   +   0.061,0.433,*0.506 
   196  2:neutral  2:neutral       0.096,*0.63,0.274 
   197  2:neutral  2:neutral       0.068,*0.56,0.372 
   198  2:neutral  2:neutral       0.293,*0.449,0.258 
   199  2:neutral 3:positive   +   0.075,0.292,*0.633 
   200  2:neutral  2:neutral       0.033,*0.709,0.258 
   201  2:neutral  2:neutral       0.094,*0.811,0.095 
   202  2:neutral  2:neutral       0.14,*0.594,0.266 
   203  2:neutral  2:neutral       0.036,*0.569,0.395 
   204  2:neutral  2:neutral       0.019,*0.952,0.029 
   205  2:neutral  2:neutral       0.016,*0.607,0.378 
   206  2:neutral  2:neutral       0.201,*0.505,0.294 
   207  2:neutral  2:neutral       0.037,*0.494,0.469 
   208  2:neutral  2:neutral       0.011,*0.872,0.117 
   209  2:neutral  2:neutral       0.023,*0.906,0.072 
   210  2:neutral 3:positive   +   0.284,0.342,*0.374 
   211  2:neutral  2:neutral       0.021,*0.89,0.089 
   212  2:neutral  2:neutral       0.045,*0.842,0.113 
   213  2:neutral 3:positive   +   0.056,0.415,*0.529 
   214  2:neutral  2:neutral       0.034,*0.594,0.372 
   215  2:neutral  2:neutral       0.224,*0.508,0.268 
   216  2:neutral  2:neutral       0.081,*0.551,0.369 
   217  2:neutral  2:neutral       0.057,*0.835,0.108 
   218  2:neutral  2:neutral       0.239,*0.445,0.316 
   219  2:neutral  2:neutral       0.104,*0.536,0.36 
   220  2:neutral  2:neutral       0.085,*0.5,0.415 
   221  2:neutral 1:negative   +   *0.458,0.321,0.221 
   222  2:neutral 3:positive   +   0.112,0.442,*0.446 
   223  2:neutral  2:neutral       0.035,*0.515,0.45 
   224  2:neutral  2:neutral       0.113,*0.743,0.144 
   225  2:neutral  2:neutral       0.037,*0.829,0.134 
   226  2:neutral  2:neutral       0.053,*0.76,0.187 
   227  2:neutral  2:neutral       0.035,*0.843,0.122 
   228  2:neutral 3:positive   +   0.037,0.318,*0.645 
   229  2:neutral  2:neutral       0.023,*0.491,0.486 
   230  2:neutral 1:negative   +   *0.432,0.261,0.307 
   231  2:neutral  2:neutral       0.053,*0.85,0.098 
   232  2:neutral  2:neutral       0.328,*0.462,0.209 
   233  2:neutral  2:neutral       0.195,*0.419,0.386 
   234  2:neutral  2:neutral       0.058,*0.626,0.315 
   235  2:neutral  2:neutral       0.283,*0.611,0.106 
   236  2:neutral  2:neutral       0.061,*0.575,0.364 
   237  2:neutral 3:positive   +   0.058,0.26,*0.681 
   238  2:neutral  2:neutral       0.16,*0.724,0.115 
   239  2:neutral  2:neutral       0.112,*0.476,0.413 
   240  2:neutral  2:neutral       0.093,*0.663,0.244 
   241  2:neutral 3:positive   +   0.298,0.316,*0.385 
   242  2:neutral  2:neutral       0.053,*0.508,0.439 
   243  2:neutral 3:positive   +   0.027,0.332,*0.64 
   244  2:neutral  2:neutral       0.035,*0.824,0.141 
   245  2:neutral  2:neutral       0.167,*0.643,0.19 
   246  2:neutral  2:neutral       0.012,*0.601,0.387 
   247  2:neutral  2:neutral       0.01,*0.935,0.056 
   248  2:neutral  2:neutral       0.102,*0.485,0.413 
   249  2:neutral 3:positive   +   0.22,0.312,*0.468 
   250  2:neutral  2:neutral       0.037,*0.81,0.153 
   251  2:neutral  2:neutral       0.086,*0.589,0.326 
   252  2:neutral 3:positive   +   0.029,0.266,*0.705 
   253  2:neutral  2:neutral       0.123,*0.461,0.416 
   254  2:neutral  2:neutral       0.08,*0.789,0.131 
   255  2:neutral  2:neutral       0.049,*0.796,0.156 
   256  2:neutral 3:positive   +   0.077,0.46,*0.463 
   257  2:neutral  2:neutral       0.091,*0.616,0.292 
   258  2:neutral  2:neutral       0.065,*0.881,0.053 
   259  2:neutral  2:neutral       0.118,*0.6,0.282 
   260  2:neutral  2:neutral       0.097,*0.84,0.062 
   261  2:neutral 3:positive   +   0.022,0.342,*0.636 
   262  2:neutral  2:neutral       0.082,*0.689,0.229 
   263  2:neutral  2:neutral       0.076,*0.484,0.44 
   264  2:neutral  2:neutral       0.038,*0.898,0.064 
   265  2:neutral  2:neutral       0.097,*0.593,0.31 
   266  2:neutral  2:neutral       0.023,*0.878,0.099 
   267  2:neutral 3:positive   +   0.187,0.168,*0.645 
   268  2:neutral  2:neutral       0.126,*0.698,0.176 
   269  2:neutral  2:neutral       0.232,*0.479,0.289 
   270  2:neutral 3:positive   +   0.109,0.375,*0.517 
   271  2:neutral 1:negative   +   *0.377,0.344,0.279 
   272  2:neutral  2:neutral       0.093,*0.624,0.283 
   273  2:neutral  2:neutral       0.21,*0.597,0.192 
   274  2:neutral  2:neutral       0.112,*0.547,0.341 
   275  2:neutral 1:negative   +   *0.532,0.062,0.406 
   276  2:neutral  2:neutral       0.038,*0.757,0.205 
   277  2:neutral 3:positive   +   0.017,0.43,*0.553 
   278  2:neutral  2:neutral       0.024,*0.697,0.279 
   279  2:neutral 1:negative   +   *0.559,0.191,0.25 
   280  2:neutral  2:neutral       0.023,*0.605,0.372 
   281  2:neutral 3:positive   +   0.021,0.463,*0.516 
   282  2:neutral  2:neutral       0.035,*0.893,0.072 
   283  2:neutral 3:positive   +   0.238,0.318,*0.444 
   284  2:neutral 3:positive   +   0.066,0.364,*0.57 
   285  2:neutral  2:neutral       0.013,*0.795,0.192 
   286  2:neutral  2:neutral       0.02,*0.712,0.268 
   287  2:neutral  2:neutral       0.043,*0.883,0.074 
   288  2:neutral  2:neutral       0.172,*0.73,0.098 
   289  2:neutral  2:neutral       0.06,*0.679,0.261 
   290  2:neutral  2:neutral       0.008,*0.557,0.434 
   291  2:neutral  2:neutral       0.109,*0.691,0.2 
   292  2:neutral 1:negative   +   *0.675,0.17,0.154 
   293  2:neutral  2:neutral       0.093,*0.63,0.277 
   294  2:neutral 3:positive   +   0.095,0.258,*0.647 
   295  2:neutral  2:neutral       0.056,*0.916,0.029 
   296  2:neutral  2:neutral       0.08,*0.636,0.284 
   297  2:neutral 3:positive   +   0.133,0.291,*0.576 
   298  2:neutral  2:neutral       0.016,*0.722,0.261 
   299  2:neutral  2:neutral       0.202,*0.498,0.3 
   300  2:neutral  2:neutral       0.133,*0.783,0.084 
   301  2:neutral  2:neutral       0.067,*0.609,0.324 
   302  2:neutral  2:neutral       0.087,*0.702,0.212 
   303  2:neutral 3:positive   +   0.05,0.221,*0.73 
   304  2:neutral  2:neutral       0.142,*0.604,0.253 
   305  2:neutral  2:neutral       0.022,*0.916,0.062 
   306  2:neutral  2:neutral       0.045,*0.599,0.356 
   307  2:neutral  2:neutral       0.045,*0.797,0.159 
   308  2:neutral  2:neutral       0.09,*0.873,0.038 
   309  2:neutral 3:positive   +   0.011,0.105,*0.884 
   310  2:neutral  2:neutral       0.085,*0.893,0.023 
   311  2:neutral  2:neutral       0.19,*0.536,0.275 
   312  2:neutral  2:neutral       0.075,*0.767,0.157 
   313  2:neutral  2:neutral       0.05,*0.601,0.35 
   314  2:neutral  2:neutral       0.156,*0.738,0.106 
   315  2:neutral 3:positive   +   0.04,0.41,*0.55 
   316  2:neutral 3:positive   +   0.034,0.245,*0.72 
   317  2:neutral  2:neutral       0.075,*0.818,0.108 
   318  2:neutral  2:neutral       0.126,*0.745,0.129 
   319  2:neutral  2:neutral       0.097,*0.53,0.372 
   320  2:neutral  2:neutral       0.099,*0.732,0.169 
   321  2:neutral  2:neutral       0.062,*0.858,0.08 
   322  2:neutral  2:neutral       0.09,*0.735,0.176 
   323  2:neutral  2:neutral       0.154,*0.462,0.384 
   324  2:neutral  2:neutral       0.052,*0.781,0.167 
   325  2:neutral  2:neutral       0.058,*0.746,0.196 
   326  2:neutral  2:neutral       0.08,*0.723,0.197 
   327  2:neutral 1:negative   +   *0.979,0.009,0.011 
   328  2:neutral 1:negative   +   *0.732,0.237,0.03 
   329  2:neutral 1:negative   +   *0.447,0.43,0.124 
   330  2:neutral  2:neutral       0.034,*0.897,0.07 
   331  2:neutral  2:neutral       0.085,*0.552,0.363 
   332  2:neutral  2:neutral       0.073,*0.635,0.292 
   333  2:neutral  2:neutral       0.011,*0.872,0.118 
   334  2:neutral 1:negative   +   *0.478,0.351,0.171 
   335  2:neutral 3:positive   +   0.038,0.344,*0.617 
   336  2:neutral  2:neutral       0.094,*0.524,0.382 
   337  2:neutral  2:neutral       0.038,*0.737,0.225 
   338  2:neutral 3:positive   +   0.087,0.44,*0.473 
   339  2:neutral  2:neutral       0.047,*0.787,0.166 
   340  2:neutral  2:neutral       0.263,*0.464,0.273 
   341  2:neutral  2:neutral       0.047,*0.528,0.424 
   342  2:neutral 3:positive   +   0.058,0.211,*0.731 
   343  2:neutral  2:neutral       0.14,*0.646,0.214 
   344  2:neutral  2:neutral       0.02,*0.854,0.126 
   345  2:neutral  2:neutral       0.018,*0.772,0.211 
   346  2:neutral  2:neutral       0.098,*0.728,0.174 
   347  2:neutral  2:neutral       0.091,*0.616,0.292 
   348  2:neutral 1:negative   +   *0.351,0.3,0.349 
   349  2:neutral  2:neutral       0.19,*0.538,0.273 
   350  2:neutral  2:neutral       0.035,*0.853,0.112 
   351  2:neutral  2:neutral       0.066,*0.628,0.306 
   352  2:neutral  2:neutral       0.02,*0.818,0.162 
   353  2:neutral  2:neutral       0.239,*0.608,0.153 
   354  2:neutral 1:negative   +   *0.779,0.086,0.135 
   355  2:neutral  2:neutral       0.073,*0.667,0.26 
   356  2:neutral 3:positive   +   0.156,0.233,*0.611 
   357  2:neutral 3:positive   +   0.073,0.327,*0.6 
   358  2:neutral  2:neutral       0.142,*0.437,0.421 
