Zero Weights processed. Default weights will be used
.
Warning: using -h 0 may be faster
*
optimization finished, #iter = 1841
C = 207.11369558169682
obj = 93863.11177159795, rho = 4.114654583383601
nSV = 2750, nBSV = 2136
Total nSV = 2750
.
Warning: using -h 0 may be faster
*
optimization finished, #iter = 1698
C = 159.86766888554166
obj = 66888.63996107953, rho = -2.0472041562790886
nSV = 2714, nBSV = 2169
Total nSV = 2714
.
Warning: using -h 0 may be faster
*
optimization finished, #iter = 1761
C = 187.0444688971215
obj = 81869.2750759109, rho = -2.9711453721449073
nSV = 2744, nBSV = 2162
Total nSV = 2744
.
Warning: using -h 0 may be faster
*
optimization finished, #iter = 1886
C = 195.03360456923835
obj = 89564.99911477722, rho = 1.3845699885469942
nSV = 2764, nBSV = 2136
Total nSV = 2764
.
Warning: using -h 0 may be faster
*
optimization finished, #iter = 1826
C = 207.85596491805322
obj = 95065.86525194593, rho = -4.928655874901056
nSV = 2772, nBSV = 2124
Total nSV = 2772
Line search fails in two-class probability estimates
.
Warning: using -h 0 may be faster
.
Warning: using -h 0 may be faster
*
optimization finished, #iter = 2194
C = 170.1813579244725
obj = 88448.09980238731, rho = -0.7716378019660858
nSV = 3373, nBSV = 2732
.
Warning: using -h 0 may be faster
...
Warning: using -h 0 may be faster
*
optimization finished, #iter = 4613
C = 925.8260119069196
obj = 887571.6404754957, rho = 14.54911351291384
nSV = 4984, nBSV = 2774
Total nSV = 4984
.
Warning: using -h 0 may be faster
...
Warning: using -h 0 may be faster
*
optimization finished, #iter = 4586
C = 845.0184764360821
obj = 787347.3947198644, rho = -60.65218915485609
nSV = 4947, nBSV = 2834
Total nSV = 4947
.
Warning: using -h 0 may be faster
...
Warning: using -h 0 may be faster
*
optimization finished, #iter = 4584
C = 861.5740629965798
obj = 807506.9062640383, rho = -64.29944285532216
nSV = 4958, nBSV = 2824
Total nSV = 4958
.
Warning: using -h 0 may be faster
...
Warning: using -h 0 may be faster
*
optimization finished, #iter = 4686
C = 869.1899314585406
obj = 823068.4173104743, rho = -59.47432762913181
nSV = 4955, nBSV = 2805
Total nSV = 4955
.
Warning: using -h 0 may be faster
...
Warning: using -h 0 may be faster
*
optimization finished, #iter = 4504
C = 852.9408996610779
obj = 790481.2473522354, rho = -70.86093781349454
nSV = 4958, nBSV = 2821
Total nSV = 4958
.
Warning: using -h 0 may be faster
....
Warning: using -h 0 may be faster
*
optimization finished, #iter = 5760
C = 855.2388817617042
obj = 920436.9005089448, rho = 24.179633800656802
nSV = 6046, nBSV = 3640
.
Warning: using -h 0 may be faster
*
optimization finished, #iter = 1790
C = 117.15478319434985
obj = 43393.339752362306, rho = -9.467111683048758
nSV = 3092, nBSV = 2559
Total nSV = 3092
.
Warning: using -h 0 may be faster
*
optimization finished, #iter = 1772
C = 119.0778548952455
obj = 44233.62922831553, rho = -11.41712243767248
nSV = 3099, nBSV = 2557
Total nSV = 3099
.
Warning: using -h 0 may be faster
*
optimization finished, #iter = 1746
C = 118.4506531110356
obj = 43698.70873107504, rho = -5.2236737342258674
nSV = 3099, nBSV = 2548
Total nSV = 3099
.
Warning: using -h 0 may be faster
*
optimization finished, #iter = 1629
C = 99.82048543897706
obj = 33925.99437978159, rho = -9.863961441587223
nSV = 3057, nBSV = 2594
Total nSV = 3057
.
Warning: using -h 0 may be faster
*
optimization finished, #iter = 1716
C = 102.73236470602264
obj = 35611.21621013655, rho = -11.398981710252347
nSV = 3073, nBSV = 2575
Total nSV = 3073
.
Warning: using -h 0 may be faster
.
Warning: using -h 0 may be faster
*
optimization finished, #iter = 2041
C = 97.78658693660364
obj = 40746.270498470236, rho = 8.455240552621857
nSV = 3799, nBSV = 3261
Total nSV = 8878
.
Warning: using -h 0 may be faster
*
optimization finished, #iter = 1403
C = 192.07896045520664
obj = 69708.10767434482, rho = 0.8316970176287565
nSV = 2223, nBSV = 1695
Total nSV = 2223
.
Warning: using -h 0 may be faster
*
optimization finished, #iter = 1523
C = 231.80675733799507
obj = 90161.84087319544, rho = -6.698880800045163
nSV = 2243, nBSV = 1663
Total nSV = 2243
.
Warning: using -h 0 may be faster
*
optimization finished, #iter = 1502
C = 213.65901590828312
obj = 83648.35434301225, rho = -7.916835004022832
nSV = 2230, nBSV = 1665
Total nSV = 2230
.
Warning: using -h 0 may be faster
*
optimization finished, #iter = 1451
C = 212.02248429525517
obj = 81449.93549244422, rho = -9.858213376102748
nSV = 2245, nBSV = 1673
Total nSV = 2245
.
Warning: using -h 0 may be faster
*
optimization finished, #iter = 1425
C = 193.06096900027123
obj = 70500.18325634854, rho = -4.630595372624507
nSV = 2231, nBSV = 1694
Total nSV = 2231
.
Warning: using -h 0 may be faster
*
optimization finished, #iter = 1742
C = 187.51889384379095
obj = 82959.22453879657, rho = 2.61767628550595
nSV = 2749, nBSV = 2149
...
Warning: using -h 0 may be faster
*
optimization finished, #iter = 3705
C = 896.9736964497387
obj = 730643.8137239864, rho = -65.9679111900816
nSV = 4065, nBSV = 2165
Total nSV = 4065
...
Warning: using -h 0 may be faster
*.
Warning: using -h 0 may be faster
*
optimization finished, #iter = 3561
C = 854.3659776268537
obj = 687641.9762027115, rho = 36.914676164969634
nSV = 4027, nBSV = 2168
Total nSV = 4027
...
Warning: using -h 0 may be faster
*
optimization finished, #iter = 3541
C = 859.3391942867742
obj = 697368.8844141955, rho = 30.917968071682342
nSV = 4050, nBSV = 2211
Total nSV = 4050
.
Warning: using -h 0 may be faster
..
Warning: using -h 0 may be faster
*
optimization finished, #iter = 3702
C = 872.720463705074
obj = 713329.6946410786, rho = 33.58233243376197
nSV = 4033, nBSV = 2168
Total nSV = 4033
...
Warning: using -h 0 may be faster
*
optimization finished, #iter = 3597
C = 828.8038819116692
obj = 650451.045473601, rho = 26.74504797283122
nSV = 4053, nBSV = 2206
Total nSV = 4053
.
Warning: using -h 0 may be faster
...
Warning: using -h 0 may be faster
*
optimization finished, #iter = 4406
C = 851.4320570322474
obj = 802067.5743967056, rho = 38.29637528873506
nSV = 4993, nBSV = 2839
.
Warning: using -h 0 may be faster
*
optimization finished, #iter = 1357
C = 114.5583917436792
obj = 34367.41574955387, rho = 5.49539014769312
nSV = 2482, nBSV = 2039
Total nSV = 2482
.
Warning: using -h 0 may be faster
*
optimization finished, #iter = 1350
C = 128.64330508821212
obj = 41287.48897252926, rho = -7.312978383903567
nSV = 2487, nBSV = 2027
Total nSV = 2487
.
Warning: using -h 0 may be faster
*
optimization finished, #iter = 1386
C = 128.37488609499763
obj = 41847.745669921336, rho = -6.558270588449047
nSV = 2506, nBSV = 2045
Total nSV = 2506
.
Warning: using -h 0 may be faster
*
optimization finished, #iter = 1420
C = 123.2545686118333
obj = 37908.54422996805, rho = -8.323755847634635
nSV = 2491, nBSV = 2030
Total nSV = 2491
.
Warning: using -h 0 may be faster
*
optimization finished, #iter = 1426
C = 123.00640334678852
obj = 38738.917690860675, rho = -11.017900080284257
nSV = 2497, nBSV = 2030
Total nSV = 2497
.
Warning: using -h 0 may be faster
*
optimization finished, #iter = 1716
C = 109.55941899990393
obj = 39475.07581407731, rho = 7.958138789510729
nSV = 3071, nBSV = 2581
Total nSV = 7222
.
Warning: using -h 0 may be faster
*
optimization finished, #iter = 1373
C = 178.18817872694248
obj = 65061.74024339785, rho = 1.1816861760829278
nSV = 2186, nBSV = 1711
Total nSV = 2186
.
Warning: using -h 0 may be faster
*
optimization finished, #iter = 1479
C = 208.92764338040132
obj = 80156.73610041244, rho = 0.11389243496398949
nSV = 2239, nBSV = 1684
Total nSV = 2239
.
Warning: using -h 0 may be faster
*
optimization finished, #iter = 1519
C = 217.2925480011078
obj = 83608.8408718344, rho = 0.13839616851634293
nSV = 2247, nBSV = 1655
Total nSV = 2247
.
Warning: using -h 0 may be faster
*
optimization finished, #iter = 1571
C = 243.98096743001497
obj = 96095.60494338114, rho = 1.7321006412354687
nSV = 2252, nBSV = 1652
Total nSV = 2252
.
Warning: using -h 0 may be faster
*
optimization finished, #iter = 1449
C = 222.70361868827985
obj = 86507.90421885691, rho = -5.294771462450775
nSV = 2238, nBSV = 1667
Total nSV = 2238
.
Warning: using -h 0 may be faster
*
optimization finished, #iter = 1835
C = 192.28409557074957
obj = 86358.10712325732, rho = -1.350324503511141
nSV = 2755, nBSV = 2122
...
Warning: using -h 0 may be faster
*
optimization finished, #iter = 3879
C = 805.795199790947
obj = 638408.966744403, rho = 8.390649007391316
nSV = 4067, nBSV = 2184
Total nSV = 4067
.
Warning: using -h 0 may be faster
..
Warning: using -h 0 may be faster
*
optimization finished, #iter = 3635
C = 845.8973468163166
obj = 681286.6892186269, rho = -64.86321949034433
nSV = 4051, nBSV = 2168
Total nSV = 4051
.
Warning: using -h 0 may be faster
..
Warning: using -h 0 may be faster
*
optimization finished, #iter = 3746
C = 895.6231739950238
obj = 732951.0968830142, rho = -54.37054671542777
nSV = 4060, nBSV = 2192
Total nSV = 4060
.
Warning: using -h 0 may be faster
..
Warning: using -h 0 may be faster
*
optimization finished, #iter = 3455
C = 857.62262744412
obj = 701705.9494298652, rho = -76.43000693868056
nSV = 4038, nBSV = 2196
Total nSV = 4038
.
Warning: using -h 0 may be faster
..
Warning: using -h 0 may be faster
*
optimization finished, #iter = 3627
C = 902.6842356324145
obj = 746963.9430774058, rho = -58.49427876895454
nSV = 4063, nBSV = 2164
Total nSV = 4063
.
Warning: using -h 0 may be faster
...
Warning: using -h 0 may be faster
*
optimization finished, #iter = 4620
C = 841.4964705992664
obj = 782395.4987657303, rho = 19.412132867682427
nSV = 4970, nBSV = 2795
.
Warning: using -h 0 may be faster
*
optimization finished, #iter = 1359
C = 112.85418132171907
obj = 32273.576919378425, rho = -10.186913661128646
nSV = 2497, nBSV = 2050
Total nSV = 2497
.
Warning: using -h 0 may be faster
*
optimization finished, #iter = 1405
C = 109.8003294263842
obj = 32588.404740228627, rho = -10.748286741552262
nSV = 2502, nBSV = 2047
Total nSV = 2502
.
Warning: using -h 0 may be faster
*
optimization finished, #iter = 1402
C = 117.3563666472713
obj = 34558.64266593871, rho = -10.265616088731493
nSV = 2484, nBSV = 2045
Total nSV = 2484
.
Warning: using -h 0 may be faster
*
optimization finished, #iter = 1373
C = 122.02371438270771
obj = 37620.948330629835, rho = -10.411098377399751
nSV = 2501, nBSV = 2035
Total nSV = 2501
.
Warning: using -h 0 may be faster
*.
Warning: using -h 0 may be faster
*
optimization finished, #iter = 1410
C = 134.72280419730933
obj = 42726.88686721844, rho = -11.165866890706523
nSV = 2509, nBSV = 2016
Total nSV = 2509
.
Warning: using -h 0 may be faster
*
optimization finished, #iter = 1651
C = 106.15240700273061
obj = 37075.83552211106, rho = 10.35659257767156
nSV = 3066, nBSV = 2584
Total nSV = 7236
.
Warning: using -h 0 may be faster
..
Warning: using -h 0 may be faster
*
optimization finished, #iter = 3902
C = 953.677118064464
obj = 789276.9657983611, rho = 20.581680873007038
nSV = 4133, nBSV = 2137
Total nSV = 4133
...
Warning: using -h 0 may be faster
*
optimization finished, #iter = 3861
C = 929.4361753048313
obj = 769819.9752089303, rho = -62.76954428646281
nSV = 4076, nBSV = 2153
Total nSV = 4076
...
Warning: using -h 0 may be faster
*
optimization finished, #iter = 3912
C = 924.8313243538195
obj = 769374.0842983058, rho = -78.93359602535327
nSV = 4100, nBSV = 2159
Total nSV = 4100
...
Warning: using -h 0 may be faster
*
optimization finished, #iter = 3692
C = 908.7619024725524
obj = 748382.9143663242, rho = -74.94460764849843
nSV = 4074, nBSV = 2151
Total nSV = 4074
...
Warning: using -h 0 may be faster
*
optimization finished, #iter = 3868
C = 899.8496018363312
obj = 744020.7476773512, rho = -66.87241567169845
nSV = 4082, nBSV = 2160
Total nSV = 4082
.
Warning: using -h 0 may be faster
...
Warning: using -h 0 may be faster
*
optimization finished, #iter = 4760
C = 911.2591344239147
obj = 867399.3290580623, rho = -73.01866455123763
nSV = 5019, nBSV = 2760
.
Warning: using -h 0 may be faster
*
optimization finished, #iter = 1633
C = 153.8527966474135
obj = 51196.310804408815, rho = -8.434881779067599
nSV = 2542, nBSV = 1986
Total nSV = 2542
.
Warning: using -h 0 may be faster
*
optimization finished, #iter = 1524
C = 148.54049729098645
obj = 48763.071617644535, rho = -10.917153901975999
nSV = 2541, nBSV = 2014
Total nSV = 2541
.
Warning: using -h 0 may be faster
*
optimization finished, #iter = 1486
C = 146.5454890869523
obj = 47503.57502256717, rho = -15.378697189465727
nSV = 2543, nBSV = 2005
Total nSV = 2543
.
Warning: using -h 0 may be faster
*
optimization finished, #iter = 1534
C = 152.54787428584316
obj = 51242.23714245679, rho = -10.860255105456906
nSV = 2538, nBSV = 1979
Total nSV = 2538
.
Warning: using -h 0 may be faster
*
optimization finished, #iter = 1550
C = 148.64397713564784
obj = 48991.205405201, rho = -12.730703164540422
nSV = 2542, nBSV = 1981
Total nSV = 2542
.
Warning: using -h 0 may be faster
*
optimization finished, #iter = 1725
C = 134.13726462335651
obj = 51297.50354785816, rho = -12.425876309817927
nSV = 3135, nBSV = 2540
.
Warning: using -h 0 may be faster
*
optimization finished, #iter = 1503
C = 226.13991608333873
obj = 88665.01547854317, rho = -4.552329299253978
nSV = 2241, nBSV = 1692
Total nSV = 2241
.
Warning: using -h 0 may be faster
*
optimization finished, #iter = 1525
C = 220.8334948099629
obj = 86183.99603452833, rho = 0.2926355988680167
nSV = 2240, nBSV = 1676
Total nSV = 2240
.
Warning: using -h 0 may be faster
*
optimization finished, #iter = 1557
C = 229.1670161098504
obj = 90019.2753374239, rho = -1.0093706243401979
nSV = 2251, nBSV = 1663
Total nSV = 2251
.
Warning: using -h 0 may be faster
*
optimization finished, #iter = 1515
C = 204.6031090180357
obj = 77185.83153515715, rho = 3.4621065017851707
nSV = 2233, nBSV = 1704
Total nSV = 2233
.
Warning: using -h 0 may be faster
*
optimization finished, #iter = 1555
C = 222.02251338099654
obj = 86225.91833484503, rho = -2.2206302089284105
nSV = 2263, nBSV = 1668
Total nSV = 2263
.
Warning: using -h 0 may be faster
*
optimization finished, #iter = 1768
C = 195.7980873522597
obj = 87789.97130147366, rho = -1.8454916896979325
nSV = 2753, nBSV = 2136
Total nSV = 7303
.
Warning: using -h 0 may be faster
*
optimization finished, #iter = 1452
C = 215.9769296810407
obj = 82231.72569659095, rho = 3.4918783042249664
nSV = 2235, nBSV = 1673
Total nSV = 2235
.
Warning: using -h 0 may be faster
*
optimization finished, #iter = 1507
C = 230.39940732139536
obj = 90325.33053963883, rho = -6.4758939406749185
nSV = 2238, nBSV = 1662
Total nSV = 2238
.
Warning: using -h 0 may be faster
*
optimization finished, #iter = 1478
C = 218.9459779072955
obj = 85079.89930933065, rho = -2.0918705975154235
nSV = 2231, nBSV = 1679
Total nSV = 2231
.
Warning: using -h 0 may be faster
*
optimization finished, #iter = 1471
C = 216.945253119821
obj = 84371.50323153322, rho = -4.960645497202985
nSV = 2226, nBSV = 1667
Total nSV = 2226
.
Warning: using -h 0 may be faster
*
optimization finished, #iter = 1587
C = 254.58021169699182
obj = 102543.28739255159, rho = -8.96249394901336
nSV = 2256, nBSV = 1640
Total nSV = 2256
.
Warning: using -h 0 may be faster
*
optimization finished, #iter = 1871
C = 204.10753444720405
obj = 92716.50080648468, rho = -5.480727949367516
nSV = 2751, nBSV = 2132
.
Warning: using -h 0 may be faster
*
optimization finished, #iter = 1347
C = 106.04717849273409
obj = 30132.07124422899, rho = -0.174207169376087
nSV = 2461, nBSV = 2065
Total nSV = 2461
.
Warning: using -h 0 may be faster
*
optimization finished, #iter = 1433
C = 127.17336509765146
obj = 40083.30898112084, rho = 4.38820538445533
nSV = 2503, nBSV = 2014
Total nSV = 2503
.
Warning: using -h 0 may be faster
*
optimization finished, #iter = 1438
C = 139.7453852657247
obj = 45614.34883509801, rho = 8.860773162523742
nSV = 2511, nBSV = 1996
Total nSV = 2511
.
Warning: using -h 0 may be faster
*
optimization finished, #iter = 1518
C = 150.10166629358122
obj = 50701.39446058898, rho = 7.14441975264615
nSV = 2538, nBSV = 1975
Total nSV = 2538
.
Warning: using -h 0 may be faster
*
optimization finished, #iter = 1313
C = 101.56243530167808
obj = 29328.565615656404, rho = 3.011080566226145
nSV = 2483, nBSV = 2071
Total nSV = 2483
.
Warning: using -h 0 may be faster
*
optimization finished, #iter = 1705
C = 111.18689116860688
obj = 40237.44623784935, rho = 5.273843821827042
nSV = 3081, nBSV = 2578
...
Warning: using -h 0 may be faster
*
optimization finished, #iter = 3804
C = 875.2878386789582
obj = 712467.9182005987, rho = 14.978137460603374
nSV = 4073, nBSV = 2188
Total nSV = 4073
.
Warning: using -h 0 may be faster
..
Warning: using -h 0 may be faster
*
optimization finished, #iter = 3948
C = 844.3764975460706
obj = 688454.7556056886, rho = -52.31199496147625
nSV = 4069, nBSV = 2170
Total nSV = 4069
.
Warning: using -h 0 may be faster
..
Warning: using -h 0 may be faster
*
optimization finished, #iter = 3644
C = 835.5928349943366
obj = 672184.4495730733, rho = -56.90398473451112
nSV = 4024, nBSV = 2224
Total nSV = 4024
...
Warning: using -h 0 may be faster
*
optimization finished, #iter = 3658
C = 841.7723439210213
obj = 670697.6157562517, rho = -46.15117177820756
nSV = 4035, nBSV = 2206
Total nSV = 4035
.
Warning: using -h 0 may be faster
..
Warning: using -h 0 may be faster
*
optimization finished, #iter = 3708
C = 867.2864297668272
obj = 709296.5737893742, rho = -58.432991646586544
nSV = 4058, nBSV = 2187
Total nSV = 4058
.
Warning: using -h 0 may be faster
...
Warning: using -h 0 may be faster
*
optimization finished, #iter = 4633
C = 836.9404559889672
obj = 778233.1153952326, rho = 22.19768646198894
nSV = 4931, nBSV = 2834
Total nSV = 7206
.
Warning: using -h 0 may be faster
*
optimization finished, #iter = 1369
C = 111.96834498915935
obj = 33060.29917393297, rho = -5.70080931232735
nSV = 2474, nBSV = 2051
Total nSV = 2474
.
Warning: using -h 0 may be faster
*
optimization finished, #iter = 1339
C = 93.67085345097081
obj = 25555.390248929845, rho = 4.709525580738222
nSV = 2455, nBSV = 2068
Total nSV = 2455
.
Warning: using -h 0 may be faster
*
optimization finished, #iter = 1454
C = 110.19021304608681
obj = 32511.109561632693, rho = 4.184030698336181
nSV = 2489, nBSV = 2042
Total nSV = 2489
.
Warning: using -h 0 may be faster
*
optimization finished, #iter = 1358
C = 107.35911460026813
obj = 30946.67981101213, rho = 2.99151342306396
nSV = 2469, nBSV = 2045
Total nSV = 2469
.
Warning: using -h 0 may be faster
*
optimization finished, #iter = 1305
C = 101.06328419141818
obj = 28432.094621428037, rho = 4.824403800883449
nSV = 2457, nBSV = 2064
Total nSV = 2457
.
Warning: using -h 0 may be faster
*
optimization finished, #iter = 1599
C = 92.43048152540896
obj = 30864.068470494367, rho = 5.118787691997794
nSV = 3044, nBSV = 2602
.
Warning: using -h 0 may be faster
*
optimization finished, #iter = 1443
C = 206.74413021109456
obj = 78743.06953793489, rho = -0.7232142559341478
nSV = 2217, nBSV = 1679
Total nSV = 2217
.
Warning: using -h 0 may be faster
*
optimization finished, #iter = 1451
C = 210.30064255170876
obj = 77665.08734838481, rho = -1.8774300987986363
nSV = 2218, nBSV = 1679
Total nSV = 2218
.
Warning: using -h 0 may be faster
*
optimization finished, #iter = 1467
C = 202.52338155331907
obj = 75202.41470754138, rho = -0.262605826386544
nSV = 2222, nBSV = 1700
Total nSV = 2222
.
Warning: using -h 0 may be faster
*
optimization finished, #iter = 1409
C = 186.65146321310218
obj = 69182.01907792469, rho = -2.5947385119506943
nSV = 2193, nBSV = 1702
Total nSV = 2193
.
Warning: using -h 0 may be faster
*
optimization finished, #iter = 1511
C = 207.3696013477989
obj = 77709.87730226728, rho = 0.5552122304211033
nSV = 2226, nBSV = 1680
Total nSV = 2226
.
Warning: using -h 0 may be faster
*
optimization finished, #iter = 1785
C = 181.2988183673157
obj = 78840.12050116, rho = 0.00401084507510827
nSV = 2722, nBSV = 2143
...
Warning: using -h 0 may be faster
*
optimization finished, #iter = 3663
C = 913.5857957195283
obj = 741349.7725821527, rho = -42.832357024068806
nSV = 4068, nBSV = 2180
Total nSV = 4068
...
Warning: using -h 0 may be faster
*
optimization finished, #iter = 3688
C = 910.4011046961613
obj = 748648.0374156088, rho = 34.81990354670898
nSV = 4076, nBSV = 2141
Total nSV = 4076
...
Warning: using -h 0 may be faster
*
optimization finished, #iter = 3699
C = 860.435411674472
obj = 690071.7697249716, rho = 22.856271555554304
nSV = 4043, nBSV = 2172
Total nSV = 4043
...
Warning: using -h 0 may be faster
*
optimization finished, #iter = 3711
C = 882.4309194025172
obj = 727106.7481989965, rho = -0.13600864912375069
nSV = 4043, nBSV = 2188
Total nSV = 4043
...
Warning: using -h 0 may be faster
*.
Warning: using -h 0 may be faster
*
optimization finished, #iter = 3950
C = 904.6279394093427
obj = 723499.905377544, rho = 3.0234658920092423
nSV = 4100, nBSV = 2136
Total nSV = 4100
.
Warning: using -h 0 may be faster
...
Warning: using -h 0 may be faster
*
optimization finished, #iter = 4554
C = 906.4460934449891
obj = 864949.0039746749, rho = -58.78864724088591
nSV = 4963, nBSV = 2816
Total nSV = 7215


=== Predictions under cross-validation ===

 inst#     actual  predicted error distribution
     1  2:neutral  2:neutral       0.152,*0.595,0.253 
     2  2:neutral  2:neutral       0.037,*0.875,0.088 
     3  2:neutral 3:positive   +   0.038,0.22,*0.743 
     4  2:neutral  2:neutral       0.071,*0.579,0.35 
     5  2:neutral  2:neutral       0.058,*0.691,0.251 
     6  2:neutral 1:negative   +   *0.529,0.438,0.033 
     7  2:neutral 3:positive   +   0.074,0.453,*0.473 
     8  2:neutral  2:neutral       0.065,*0.846,0.089 
     9  2:neutral  2:neutral       0.088,*0.653,0.259 
    10  2:neutral 1:negative   +   *0.647,0.255,0.098 
    11  2:neutral 3:positive   +   0.063,0.262,*0.675 
    12  2:neutral  2:neutral       0.033,*0.807,0.16 
    13  2:neutral  2:neutral       0.057,*0.843,0.1 
    14  2:neutral  2:neutral       0.023,*0.642,0.335 
    15  2:neutral 1:negative   +   *0.405,0.398,0.197 
    16  2:neutral  2:neutral       0.014,*0.586,0.4 
    17  2:neutral 3:positive   +   0.258,0.307,*0.435 
    18  2:neutral  2:neutral       0.261,*0.426,0.312 
    19  2:neutral  2:neutral       0.111,*0.784,0.105 
    20  2:neutral  2:neutral       0.041,*0.898,0.061 
    21  2:neutral 1:negative   +   *0.668,0.195,0.137 
    22  2:neutral  2:neutral       0.096,*0.581,0.322 
    23  2:neutral  2:neutral       0.06,*0.748,0.192 
    24  2:neutral  2:neutral       0.057,*0.823,0.119 
    25  2:neutral  2:neutral       0.07,*0.684,0.246 
    26  2:neutral 3:positive   +   0.112,0.375,*0.513 
    27  2:neutral  2:neutral       0.012,*0.901,0.087 
    28  2:neutral 1:negative   +   *0.808,0.164,0.028 
    29  2:neutral  2:neutral       0.016,*0.523,0.46 
    30  2:neutral 3:positive   +   0.035,0.454,*0.511 
    31  2:neutral 1:negative   +   *0.581,0.379,0.04 
    32  2:neutral 1:negative   +   *0.938,0.052,0.01 
    33  2:neutral  2:neutral       0.03,*0.842,0.128 
    34  2:neutral  2:neutral       0.06,*0.766,0.175 
    35  2:neutral  2:neutral       0.12,*0.81,0.07 
    36  2:neutral  2:neutral       0.032,*0.689,0.279 
    37  2:neutral  2:neutral       0.189,*0.628,0.182 
    38  2:neutral  2:neutral       0.093,*0.713,0.194 
    39  2:neutral  2:neutral       0.025,*0.877,0.097 
    40  2:neutral  2:neutral       0.042,*0.716,0.242 
    41  2:neutral  2:neutral       0.063,*0.794,0.143 
    42  2:neutral  2:neutral       0.032,*0.818,0.15 
    43  2:neutral 3:positive   +   0.084,0.083,*0.833 
    44  2:neutral  2:neutral       0.08,*0.641,0.279 
    45  2:neutral  2:neutral       0.027,*0.846,0.127 
    46  2:neutral  2:neutral       0.011,*0.778,0.211 
    47  2:neutral  2:neutral       0.09,*0.588,0.322 
    48  2:neutral 3:positive   +   0.037,0.132,*0.83 
    49  2:neutral  2:neutral       0.068,*0.825,0.106 
    50  2:neutral  2:neutral       0.042,*0.792,0.166 
    51  2:neutral  2:neutral       0.078,*0.818,0.105 
    52  2:neutral  2:neutral       0.267,*0.505,0.228 
    53  2:neutral 1:negative   +   *0.382,0.297,0.32 
    54  2:neutral  2:neutral       0.079,*0.523,0.398 
    55  2:neutral  2:neutral       0.057,*0.777,0.167 
    56  2:neutral  2:neutral       0.034,*0.918,0.049 
    57  2:neutral  2:neutral       0.102,*0.696,0.201 
    58  2:neutral  2:neutral       0.062,*0.626,0.312 
    59  2:neutral  2:neutral       0.078,*0.626,0.296 
    60  2:neutral  2:neutral       0.229,*0.58,0.192 
    61  2:neutral  2:neutral       0.127,*0.743,0.13 
    62  2:neutral  2:neutral       0.051,*0.759,0.19 
    63  2:neutral  2:neutral       0.02,*0.747,0.234 
    64  2:neutral  2:neutral       0.161,*0.462,0.377 
    65  2:neutral  2:neutral       0.131,*0.76,0.11 
    66  2:neutral 3:positive   +   0.026,0.274,*0.7 
    67  2:neutral 3:positive   +   0.027,0.431,*0.542 
    68  2:neutral  2:neutral       0.217,*0.523,0.26 
    69  2:neutral 3:positive   +   0.041,0.335,*0.624 
    70  2:neutral 3:positive   +   0.038,0.388,*0.574 
    71  2:neutral  2:neutral       0.138,*0.75,0.112 
    72  2:neutral 3:positive   +   0.04,0.155,*0.805 
    73  2:neutral  2:neutral       0.219,*0.453,0.328 
    74  2:neutral 3:positive   +   0.137,0.413,*0.45 
    75  2:neutral  2:neutral       0.036,*0.77,0.194 
    76  2:neutral  2:neutral       0.128,*0.466,0.406 
    77  2:neutral  2:neutral       0.143,*0.583,0.274 
    78  2:neutral  2:neutral       0.044,*0.781,0.176 
    79  2:neutral  2:neutral       0.167,*0.72,0.114 
    80  2:neutral  2:neutral       0.054,*0.86,0.086 
    81  2:neutral 1:negative   +   *0.363,0.298,0.34 
    82  2:neutral  2:neutral       0.124,*0.811,0.065 
    83  2:neutral 3:positive   +   0.41,0.136,*0.455 
    84  2:neutral 3:positive   +   0.025,0.183,*0.792 
    85  2:neutral  2:neutral       0.183,*0.52,0.297 
    86  2:neutral  2:neutral       0.08,*0.824,0.096 
    87  2:neutral  2:neutral       0.015,*0.653,0.332 
    88  2:neutral  2:neutral       0.032,*0.694,0.275 
    89  2:neutral  2:neutral       0.226,*0.554,0.22 
    90  2:neutral  2:neutral       0.074,*0.818,0.108 
    91  2:neutral  2:neutral       0.05,*0.644,0.306 
    92  2:neutral  2:neutral       0.095,*0.669,0.236 
    93  2:neutral  2:neutral       0.082,*0.654,0.263 
    94  2:neutral  2:neutral       0.042,*0.59,0.367 
    95  2:neutral 3:positive   +   0.09,0.397,*0.513 
    96  2:neutral  2:neutral       0.16,*0.737,0.103 
    97  2:neutral  2:neutral       0.059,*0.747,0.194 
    98  2:neutral 3:positive   +   0.07,0.355,*0.575 
    99  2:neutral  2:neutral       0.045,*0.795,0.16 
   100  2:neutral  2:neutral       0.121,*0.704,0.175 
   101  2:neutral  2:neutral       0.347,*0.355,0.298 
   102  2:neutral 3:positive   +   0.043,0.231,*0.725 
   103  2:neutral  2:neutral       0.04,*0.786,0.174 
   104  2:neutral  2:neutral       0.162,*0.547,0.291 
   105  2:neutral  2:neutral       0.077,*0.681,0.242 
   106  2:neutral 3:positive   +   0.179,0.136,*0.684 
   107  2:neutral  2:neutral       0.079,*0.705,0.216 
   108  2:neutral  2:neutral       0.046,*0.838,0.116 
   109  2:neutral  2:neutral       0.019,*0.844,0.137 
   110  2:neutral  2:neutral       0.119,*0.715,0.166 
   111  2:neutral  2:neutral       0.078,*0.553,0.37 
   112  2:neutral  2:neutral       0.01,*0.887,0.103 
   113  2:neutral  2:neutral       0.04,*0.612,0.348 
   114  2:neutral 3:positive   +   0.172,0.288,*0.54 
   115  2:neutral  2:neutral       0.045,*0.687,0.268 
   116  2:neutral 1:negative   +   *0.558,0.304,0.138 
   117  2:neutral  2:neutral       0.024,*0.932,0.044 
   118  2:neutral  2:neutral       0.12,*0.49,0.39 
   119  2:neutral  2:neutral       0.022,*0.798,0.18 
   120  2:neutral 3:positive   +   0.077,0.242,*0.681 
   121  2:neutral  2:neutral       0.059,*0.516,0.426 
   122  2:neutral 3:positive   +   0.167,0.25,*0.582 
   123  2:neutral  2:neutral       0.065,*0.863,0.072 
   124  2:neutral  2:neutral       0.118,*0.708,0.174 
   125  2:neutral  2:neutral       0.234,*0.651,0.115 
   126  2:neutral  2:neutral       0.079,*0.618,0.303 
   127  2:neutral  2:neutral       0.026,*0.821,0.153 
   128  2:neutral 3:positive   +   0.029,0.338,*0.633 
   129  2:neutral  2:neutral       0.129,*0.724,0.147 
   130  2:neutral  2:neutral       0.044,*0.745,0.21 
   131  2:neutral 3:positive   +   0.201,0.36,*0.439 
   132  2:neutral  2:neutral       0.05,*0.764,0.185 
   133  2:neutral  2:neutral       0.045,*0.853,0.103 
   134  2:neutral  2:neutral       0.078,*0.764,0.158 
   135  2:neutral  2:neutral       0.025,*0.767,0.208 
   136  2:neutral  2:neutral       0.016,*0.828,0.156 
   137  2:neutral  2:neutral       0.064,*0.743,0.193 
   138  2:neutral 3:positive   +   0.039,0.348,*0.613 
   139  2:neutral  2:neutral       0.106,*0.466,0.428 
   140  2:neutral  2:neutral       0.269,*0.574,0.156 
   141  2:neutral  2:neutral       0.026,*0.649,0.325 
   142  2:neutral  2:neutral       0.076,*0.787,0.137 
   143  2:neutral 3:positive   +   0.161,0.395,*0.444 
   144  2:neutral  2:neutral       0.11,*0.743,0.147 
   145  2:neutral  2:neutral       0.331,*0.402,0.268 
   146  2:neutral  2:neutral       0.079,*0.812,0.109 
   147  2:neutral  2:neutral       0.029,*0.785,0.186 
   148  2:neutral  2:neutral       0.066,*0.834,0.1 
   149  2:neutral 3:positive   +   0.171,0.29,*0.539 
   150  2:neutral  2:neutral       0.067,*0.804,0.129 
   151  2:neutral  2:neutral       0.07,*0.759,0.171 
   152  2:neutral  2:neutral       0.07,*0.858,0.072 
   153  2:neutral  2:neutral       0.03,*0.843,0.127 
   154  2:neutral  2:neutral       0.183,*0.666,0.15 
   155  2:neutral 3:positive   +   0.106,0.243,*0.651 
   156  2:neutral  2:neutral       0.043,*0.481,0.475 
   157  2:neutral  2:neutral       0.043,*0.647,0.311 
   158  2:neutral  2:neutral       0.03,*0.803,0.167 
   159  2:neutral  2:neutral       0.278,*0.654,0.068 
   160  2:neutral  2:neutral       0.02,*0.679,0.3 
   161  2:neutral  2:neutral       0.189,*0.514,0.297 
   162  2:neutral  2:neutral       0.025,*0.866,0.11 
   163  2:neutral  2:neutral       0.033,*0.575,0.392 
   164  2:neutral 1:negative   +   *0.428,0.368,0.204 
   165  2:neutral  2:neutral       0.145,*0.709,0.147 
   166  2:neutral  2:neutral       0.059,*0.685,0.256 
   167  2:neutral  2:neutral       0.033,*0.717,0.25 
   168  2:neutral  2:neutral       0.036,*0.727,0.237 
   169  2:neutral  2:neutral       0.093,*0.567,0.34 
   170  2:neutral  2:neutral       0.086,*0.778,0.137 
   171  2:neutral  2:neutral       0.03,*0.568,0.402 
   172  2:neutral  2:neutral       0.347,*0.423,0.23 
   173  2:neutral 1:negative   +   *0.775,0.182,0.043 
   174  2:neutral  2:neutral       0.098,*0.528,0.374 
   175  2:neutral  2:neutral       0.045,*0.636,0.319 
   176  2:neutral 3:positive   +   0.142,0.41,*0.448 
   177  2:neutral  2:neutral       0.081,*0.783,0.136 
   178  2:neutral  2:neutral       0.148,*0.69,0.162 
   179  2:neutral  2:neutral       0.051,*0.799,0.151 
   180  2:neutral  2:neutral       0.051,*0.721,0.228 
   181  2:neutral  2:neutral       0.058,*0.849,0.093 
   182  2:neutral 1:negative   +   *0.603,0.345,0.052 
   183  2:neutral  2:neutral       0.074,*0.707,0.22 
   184  2:neutral 3:positive   +   0.112,0.361,*0.527 
   185  2:neutral  2:neutral       0.11,*0.551,0.339 
   186  2:neutral  2:neutral       0.015,*0.726,0.259 
   187  2:neutral  2:neutral       0.058,*0.589,0.353 
   188  2:neutral  2:neutral       0.175,*0.477,0.348 
   189  2:neutral  2:neutral       0.185,*0.704,0.111 
   190  2:neutral  2:neutral       0.175,*0.706,0.119 
   191  2:neutral  2:neutral       0.096,*0.817,0.087 
   192  2:neutral  2:neutral       0.046,*0.826,0.128 
   193  2:neutral 3:positive   +   0.011,0.485,*0.504 
   194  2:neutral  2:neutral       0.065,*0.824,0.111 
   195  2:neutral  2:neutral       0.043,*0.524,0.433 
   196  2:neutral 1:negative   +   *0.527,0.272,0.201 
   197  2:neutral  2:neutral       0.055,*0.684,0.262 
   198  2:neutral  2:neutral       0.31,*0.511,0.18 
   199  2:neutral 3:positive   +   0.04,0.242,*0.718 
   200  2:neutral  2:neutral       0.044,*0.67,0.286 
   201  2:neutral  2:neutral       0.07,*0.828,0.101 
   202  2:neutral  2:neutral       0.125,*0.672,0.203 
   203  2:neutral  2:neutral       0.08,*0.481,0.439 
   204  2:neutral  2:neutral       0.025,*0.945,0.031 
   205  2:neutral  2:neutral       0.027,*0.619,0.354 
   206  2:neutral  2:neutral       0.101,*0.616,0.282 
   207  2:neutral 3:positive   +   0.031,0.466,*0.503 
   208  2:neutral  2:neutral       0.035,*0.845,0.12 
   209  2:neutral  2:neutral       0.022,*0.893,0.086 
   210  2:neutral 1:negative   +   *0.435,0.215,0.35 
   211  2:neutral  2:neutral       0.023,*0.67,0.307 
   212  2:neutral  2:neutral       0.065,*0.785,0.149 
   213  2:neutral  2:neutral       0.102,*0.675,0.223 
   214  2:neutral  2:neutral       0.049,*0.773,0.178 
   215  2:neutral  2:neutral       0.389,*0.458,0.153 
   216  2:neutral  2:neutral       0.055,*0.673,0.273 
   217  2:neutral  2:neutral       0.063,*0.823,0.114 
   218  2:neutral 1:negative   +   *0.399,0.358,0.242 
   219  2:neutral  2:neutral       0.247,*0.668,0.085 
   220  2:neutral  2:neutral       0.088,*0.743,0.169 
   221  2:neutral 1:negative   +   *0.499,0.327,0.174 
   222  2:neutral 3:positive   +   0.105,0.389,*0.506 
   223  2:neutral  2:neutral       0.023,*0.663,0.315 
   224  2:neutral  2:neutral       0.078,*0.763,0.16 
   225  2:neutral  2:neutral       0.049,*0.817,0.133 
   226  2:neutral  2:neutral       0.06,*0.721,0.219 
   227  2:neutral  2:neutral       0.033,*0.815,0.152 
   228  2:neutral 3:positive   +   0.073,0.331,*0.596 
   229  2:neutral  2:neutral       0.016,*0.702,0.281 
   230  2:neutral 1:negative   +   *0.436,0.315,0.249 
   231  2:neutral  2:neutral       0.115,*0.678,0.207 
   232  2:neutral  2:neutral       0.283,*0.54,0.177 
   233  2:neutral  2:neutral       0.154,*0.625,0.221 
   234  2:neutral  2:neutral       0.041,*0.651,0.308 
   235  2:neutral  2:neutral       0.324,*0.592,0.084 
   236  2:neutral  2:neutral       0.048,*0.496,0.457 
   237  2:neutral  2:neutral       0.098,*0.529,0.373 
   238  2:neutral  2:neutral       0.214,*0.666,0.119 
   239  2:neutral  2:neutral       0.122,*0.689,0.189 
   240  2:neutral  2:neutral       0.129,*0.691,0.18 
   241  2:neutral  2:neutral       0.379,*0.415,0.207 
   242  2:neutral  2:neutral       0.043,*0.752,0.205 
   243  2:neutral 3:positive   +   0.03,0.384,*0.586 
   244  2:neutral  2:neutral       0.029,*0.784,0.188 
   245  2:neutral  2:neutral       0.094,*0.752,0.154 
   246  2:neutral 3:positive   +   0.018,0.331,*0.651 
   247  2:neutral  2:neutral       0.024,*0.942,0.034 
   248  2:neutral 3:positive   +   0.069,0.457,*0.474 
   249  2:neutral  2:neutral       0.109,*0.648,0.243 
   250  2:neutral  2:neutral       0.033,*0.751,0.216 
   251  2:neutral  2:neutral       0.063,*0.525,0.412 
   252  2:neutral 3:positive   +   0.024,0.4,*0.576 
   253  2:neutral  2:neutral       0.068,*0.714,0.218 
   254  2:neutral  2:neutral       0.163,*0.705,0.131 
   255  2:neutral  2:neutral       0.067,*0.815,0.118 
   256  2:neutral  2:neutral       0.077,*0.628,0.295 
   257  2:neutral  2:neutral       0.079,*0.705,0.216 
   258  2:neutral  2:neutral       0.065,*0.896,0.04 
   259  2:neutral  2:neutral       0.095,*0.487,0.418 
   260  2:neutral  2:neutral       0.118,*0.785,0.098 
   261  2:neutral 3:positive   +   0.033,0.334,*0.632 
   262  2:neutral  2:neutral       0.053,*0.833,0.113 
   263  2:neutral  2:neutral       0.06,*0.676,0.264 
   264  2:neutral  2:neutral       0.04,*0.877,0.083 
   265  2:neutral  2:neutral       0.057,*0.696,0.248 
   266  2:neutral  2:neutral       0.02,*0.878,0.102 
   267  2:neutral 3:positive   +   0.061,0.2,*0.739 
   268  2:neutral  2:neutral       0.239,*0.619,0.142 
   269  2:neutral  2:neutral       0.124,*0.548,0.327 
   270  2:neutral  2:neutral       0.093,*0.598,0.309 
   271  2:neutral  2:neutral       0.375,*0.419,0.206 
   272  2:neutral  2:neutral       0.054,*0.611,0.335 
   273  2:neutral  2:neutral       0.235,*0.63,0.135 
   274  2:neutral  2:neutral       0.077,*0.543,0.38 
   275  2:neutral 1:negative   +   *0.71,0.153,0.137 
   276  2:neutral  2:neutral       0.063,*0.834,0.103 
   277  2:neutral  2:neutral       0.018,*0.599,0.383 
   278  2:neutral  2:neutral       0.042,*0.808,0.15 
   279  2:neutral 1:negative   +   *0.602,0.274,0.124 
   280  2:neutral 3:positive   +   0.021,0.465,*0.514 
   281  2:neutral  2:neutral       0.05,*0.786,0.164 
   282  2:neutral  2:neutral       0.033,*0.859,0.108 
   283  2:neutral 1:negative   +   *0.428,0.275,0.297 
   284  2:neutral  2:neutral       0.056,*0.509,0.435 
   285  2:neutral  2:neutral       0.018,*0.925,0.057 
   286  2:neutral  2:neutral       0.036,*0.543,0.421 
   287  2:neutral  2:neutral       0.043,*0.892,0.065 
   288  2:neutral  2:neutral       0.118,*0.748,0.133 
   289  2:neutral  2:neutral       0.11,*0.699,0.192 
   290  2:neutral  2:neutral       0.013,*0.538,0.45 
   291  2:neutral  2:neutral       0.132,*0.588,0.28 
   292  2:neutral 1:negative   +   *0.518,0.28,0.202 
   293  2:neutral 3:positive   +   0.071,0.403,*0.526 
   294  2:neutral  2:neutral       0.103,*0.522,0.375 
   295  2:neutral  2:neutral       0.3,*0.644,0.055 
   296  2:neutral  2:neutral       0.05,*0.764,0.185 
   297  2:neutral 3:positive   +   0.124,0.323,*0.553 
   298  2:neutral  2:neutral       0.047,*0.762,0.191 
   299  2:neutral  2:neutral       0.076,*0.776,0.149 
   300  2:neutral  2:neutral       0.146,*0.76,0.095 
   301  2:neutral  2:neutral       0.049,*0.621,0.331 
   302  2:neutral  2:neutral       0.075,*0.815,0.11 
   303  2:neutral 3:positive   +   0.104,0.228,*0.668 
   304  2:neutral  2:neutral       0.277,*0.463,0.26 
   305  2:neutral  2:neutral       0.018,*0.803,0.179 
   306  2:neutral  2:neutral       0.037,*0.697,0.266 
   307  2:neutral  2:neutral       0.155,*0.739,0.106 
   308  2:neutral  2:neutral       0.025,*0.962,0.013 
   309  2:neutral 3:positive   +   0.06,0.153,*0.787 
   310  2:neutral  2:neutral       0.146,*0.818,0.036 
   311  2:neutral  2:neutral       0.148,*0.515,0.337 
   312  2:neutral  2:neutral       0.096,*0.649,0.255 
   313  2:neutral  2:neutral       0.155,*0.726,0.119 
   314  2:neutral  2:neutral       0.227,*0.625,0.148 
   315  2:neutral  2:neutral       0.021,*0.696,0.282 
   316  2:neutral 3:positive   +   0.064,0.422,*0.514 
   317  2:neutral  2:neutral       0.096,*0.609,0.295 
   318  2:neutral  2:neutral       0.09,*0.79,0.12 
   319  2:neutral  2:neutral       0.212,*0.434,0.354 
   320  2:neutral  2:neutral       0.046,*0.798,0.156 
   321  2:neutral  2:neutral       0.054,*0.822,0.124 
   322  2:neutral  2:neutral       0.114,*0.772,0.115 
   323  2:neutral  2:neutral       0.056,*0.634,0.31 
   324  2:neutral  2:neutral       0.066,*0.803,0.131 
   325  2:neutral  2:neutral       0.03,*0.829,0.141 
   326  2:neutral  2:neutral       0.046,*0.679,0.275 
   327  2:neutral 1:negative   +   *0.988,0.007,0.004 
   328  2:neutral 1:negative   +   *0.605,0.32,0.074 
   329  2:neutral 1:negative   +   *0.741,0.18,0.079 
   330  2:neutral  2:neutral       0.02,*0.874,0.106 
   331  2:neutral  2:neutral       0.072,*0.694,0.234 
   332  2:neutral  2:neutral       0.058,*0.81,0.131 
   333  2:neutral  2:neutral       0.024,*0.847,0.129 
   334  2:neutral 1:negative   +   *0.517,0.216,0.267 
   335  2:neutral 3:positive   +   0.016,0.304,*0.68 
   336  2:neutral  2:neutral       0.06,*0.652,0.287 
   337  2:neutral  2:neutral       0.082,*0.808,0.11 
   338  2:neutral  2:neutral       0.081,*0.581,0.339 
   339  2:neutral  2:neutral       0.104,*0.735,0.161 
   340  2:neutral  2:neutral       0.335,*0.474,0.191 
   341  2:neutral  2:neutral       0.058,*0.66,0.283 
   342  2:neutral 3:positive   +   0.214,0.103,*0.684 
   343  2:neutral  2:neutral       0.183,*0.667,0.15 
   344  2:neutral  2:neutral       0.021,*0.63,0.349 
