Zero Weights processed. Default weights will be used
..
Warning: using -h 0 may be faster
*
optimization finished, #iter = 2597
C = 1546.0791893385806
obj = 774508.6662503472, rho = -34.32310310193767
nSV = 2286, nBSV = 668
Total nSV = 2286
..
Warning: using -h 0 may be faster
*
optimization finished, #iter = 2613
C = 1534.8991670680446
obj = 771924.9252914262, rho = -30.826996598899527
nSV = 2256, nBSV = 665
Total nSV = 2256
..
Warning: using -h 0 may be faster
*
optimization finished, #iter = 2747
C = 1483.7743154703162
obj = 729947.388192178, rho = -34.47032014809973
nSV = 2314, nBSV = 676
Total nSV = 2314
..
Warning: using -h 0 may be faster
*
optimization finished, #iter = 2687
C = 1472.0305031450773
obj = 739870.4268576152, rho = -36.55777932398097
nSV = 2305, nBSV = 663
Total nSV = 2305
..
Warning: using -h 0 may be faster
*
optimization finished, #iter = 2741
C = 1565.6499416506174
obj = 796338.0947856366, rho = -32.776698125908865
nSV = 2293, nBSV = 655
Total nSV = 2293
...
Warning: using -h 0 may be faster
*
optimization finished, #iter = 3064
C = 1602.2249014489332
obj = 982985.6159265691, rho = -37.22319091710922
nSV = 2737, nBSV = 886
....
Warning: using -h 0 may be faster
*
optimization finished, #iter = 4099
C = 3956.219966181723
obj = 3817345.8543843757, rho = -4.409884330928187
nSV = 3835, nBSV = 928
Total nSV = 3835
....
Warning: using -h 0 may be faster
*
optimization finished, #iter = 4190
C = 3794.2101860622047
obj = 3424255.960818678, rho = -164.35313073664017
nSV = 3826, nBSV = 958
Total nSV = 3826
....
Warning: using -h 0 may be faster
*
optimization finished, #iter = 4051
C = 3660.4346588011203
obj = 3243324.5301989284, rho = -155.6788012842508
nSV = 3829, nBSV = 964
Total nSV = 3829
....
Warning: using -h 0 may be faster
*
optimization finished, #iter = 4093
C = 3926.05509317498
obj = 3637364.4652745365, rho = -205.6431050634587
nSV = 3805, nBSV = 923
Total nSV = 3805
...
Warning: using -h 0 may be faster
*
optimization finished, #iter = 3994
C = 3822.2170368603997
obj = 3552299.090466735, rho = -194.00261168448256
nSV = 3811, nBSV = 967
Total nSV = 3811
.....
Warning: using -h 0 may be faster
*
optimization finished, #iter = 5315
C = 4129.633069386204
obj = 4503797.3134528445, rho = -25.058593573516347
nSV = 4594, nBSV = 1269
...
Warning: using -h 0 may be faster
*
optimization finished, #iter = 3053
C = 1551.295295313822
obj = 871646.4736888229, rho = -50.8156203352758
nSV = 2658, nBSV = 769
Total nSV = 2658
..
Warning: using -h 0 may be faster
*
optimization finished, #iter = 2879
C = 1659.6207921904052
obj = 938214.4856804038, rho = -79.45836439732156
nSV = 2646, nBSV = 763
Total nSV = 2646
..
Warning: using -h 0 may be faster
*
optimization finished, #iter = 2892
C = 1695.2455677586906
obj = 1000508.4163844787, rho = -71.01487348748756
nSV = 2658, nBSV = 767
Total nSV = 2658
..
Warning: using -h 0 may be faster
*
optimization finished, #iter = 2871
C = 1665.0860734304401
obj = 958665.6828225104, rho = -85.66706602094662
nSV = 2641, nBSV = 781
Total nSV = 2641
..
Warning: using -h 0 may be faster
*
optimization finished, #iter = 2888
C = 1616.4408182572336
obj = 927620.0574785004, rho = -66.57662033604437
nSV = 2631, nBSV = 780
Total nSV = 2631
...
Warning: using -h 0 may be faster
*
optimization finished, #iter = 3358
C = 1714.7993546243067
obj = 1172435.1233987529, rho = 6.749229911292947
nSV = 3156, nBSV = 1055
Total nSV = 7353
..
Warning: using -h 0 may be faster
*
optimization finished, #iter = 2096
C = 1448.826825902345
obj = 609839.1721013512, rho = -12.510993443556425
nSV = 1889, nBSV = 494
Total nSV = 1889
..
Warning: using -h 0 may be faster
*
optimization finished, #iter = 2012
C = 1430.4659214753897
obj = 600174.9626233375, rho = -27.10143151248814
nSV = 1883, nBSV = 491
Total nSV = 1883
..
Warning: using -h 0 may be faster
*
optimization finished, #iter = 2160
C = 1520.1548421655364
obj = 640956.7976557313, rho = -39.46236932136811
nSV = 1909, nBSV = 479
Total nSV = 1909
..
Warning: using -h 0 may be faster
*
optimization finished, #iter = 2076
C = 1390.7077016231576
obj = 572668.6494293985, rho = -25.644812068475762
nSV = 1839, nBSV = 515
Total nSV = 1839
..
Warning: using -h 0 may be faster
*
optimization finished, #iter = 2024
C = 1440.2026757758758
obj = 601497.2175726106, rho = -30.87354987924177
nSV = 1880, nBSV = 494
Total nSV = 1880
..
Warning: using -h 0 may be faster
*
optimization finished, #iter = 2523
C = 1503.8859646141384
obj = 749471.1860493473, rho = -24.20689309196466
nSV = 2270, nBSV = 666
...
Warning: using -h 0 may be faster
*
optimization finished, #iter = 3445
C = 3416.994486752046
obj = 2558253.6126448684, rho = -168.58198089178185
nSV = 3210, nBSV = 719
Total nSV = 3210
...
Warning: using -h 0 may be faster
*
optimization finished, #iter = 3391
C = 3345.013972968035
obj = 2467685.5651566037, rho = -14.247050905374362
nSV = 3156, nBSV = 702
Total nSV = 3156
...
Warning: using -h 0 may be faster
*
optimization finished, #iter = 3157
C = 3316.954059134239
obj = 2551787.5612566597, rho = -33.6342500780714
nSV = 3103, nBSV = 711
Total nSV = 3103
...
Warning: using -h 0 may be faster
*
optimization finished, #iter = 3571
C = 3441.8563346792525
obj = 2565930.9693051437, rho = -25.759958034844484
nSV = 3174, nBSV = 679
Total nSV = 3174
...
Warning: using -h 0 may be faster
*
optimization finished, #iter = 3187
C = 3305.9625541013606
obj = 2548617.101302673, rho = -23.915698139226215
nSV = 3105, nBSV = 702
Total nSV = 3105
Line search fails in two-class probability estimates
....
Warning: using -h 0 may be faster
*
optimization finished, #iter = 4148
C = 3777.3503620706133
obj = 3432565.036936172, rho = -7.202450534819345
nSV = 3797, nBSV = 971
..
Warning: using -h 0 may be faster
*
optimization finished, #iter = 2204
C = 1400.4395683420096
obj = 666337.2707340462, rho = -84.85624847001742
nSV = 2141, nBSV = 606
Total nSV = 2141
..
Warning: using -h 0 may be faster
*
optimization finished, #iter = 2357
C = 1546.2662456992596
obj = 749859.2701692445, rho = -65.39757532683063
nSV = 2168, nBSV = 561
Total nSV = 2168
..
Warning: using -h 0 may be faster
*
optimization finished, #iter = 2337
C = 1554.728284543425
obj = 751828.6304326596, rho = -74.92242733007605
nSV = 2182, nBSV = 566
Total nSV = 2182
..
Warning: using -h 0 may be faster
*
optimization finished, #iter = 2312
C = 1488.400155449979
obj = 730273.6146656099, rho = -72.86098733107568
nSV = 2164, nBSV = 575
Total nSV = 2164
..
Warning: using -h 0 may be faster
*
optimization finished, #iter = 2282
C = 1523.6195164304238
obj = 729847.1396619688, rho = -84.20480300693856
nSV = 2159, nBSV = 566
Total nSV = 2159
..
Warning: using -h 0 may be faster
*
optimization finished, #iter = 2890
C = 1561.2705370401734
obj = 885226.9461292343, rho = 19.621858286954478
nSV = 2628, nBSV = 787
Total nSV = 6059
..
Warning: using -h 0 may be faster
*
optimization finished, #iter = 2211
C = 1453.5269388141958
obj = 596003.4697068875, rho = -28.031704633510355
nSV = 1914, nBSV = 487
Total nSV = 1914
..
Warning: using -h 0 may be faster
*
optimization finished, #iter = 2220
C = 1491.5333760937299
obj = 609627.8019097527, rho = -41.26217448747565
nSV = 1908, nBSV = 509
Total nSV = 1908
..
Warning: using -h 0 may be faster
*
optimization finished, #iter = 2119
C = 1535.7855911870408
obj = 655515.2801379404, rho = -29.83667297543193
nSV = 1906, nBSV = 502
Total nSV = 1906
..
Warning: using -h 0 may be faster
*
optimization finished, #iter = 2091
C = 1444.439723527722
obj = 601378.5183939318, rho = -11.716636570157865
nSV = 1899, nBSV = 507
Total nSV = 1899
..
Warning: using -h 0 may be faster
*
optimization finished, #iter = 2130
C = 1456.8754398366962
obj = 614708.8536367151, rho = -11.910694982000733
nSV = 1864, nBSV = 513
Total nSV = 1864
..
Warning: using -h 0 may be faster
*
optimization finished, #iter = 2614
C = 1529.6529094073333
obj = 760322.65790352, rho = -22.43798106609907
nSV = 2280, nBSV = 674
...
Warning: using -h 0 may be faster
*
optimization finished, #iter = 3466
C = 3447.5601655509518
obj = 2593088.255907766, rho = -151.13434993538752
nSV = 3138, nBSV = 695
Total nSV = 3138
...
Warning: using -h 0 may be faster
*.
Warning: using -h 0 may be faster
*
optimization finished, #iter = 3259
C = 3300.916572853087
obj = 2445211.107778464, rho = -128.34965046070002
nSV = 3103, nBSV = 720
Total nSV = 3103
...
Warning: using -h 0 may be faster
*
optimization finished, #iter = 3238
C = 3391.8387554810106
obj = 2519545.3237587158, rho = -138.24133842336636
nSV = 3144, nBSV = 731
Total nSV = 3144
...
Warning: using -h 0 may be faster
*
optimization finished, #iter = 3380
C = 3513.3501235091476
obj = 2652216.4049610207, rho = -125.53868983163783
nSV = 3175, nBSV = 692
Total nSV = 3175
...
Warning: using -h 0 may be faster
*
optimization finished, #iter = 3199
C = 3236.784542746641
obj = 2437636.219522283, rho = -123.43426745377968
nSV = 3147, nBSV = 716
Total nSV = 3147
....
Warning: using -h 0 may be faster
*
optimization finished, #iter = 4392
C = 4013.8952352962506
obj = 3708533.3549313215, rho = -54.08336064861776
nSV = 3837, nBSV = 926
..
Warning: using -h 0 may be faster
*
optimization finished, #iter = 2290
C = 1503.7772760940516
obj = 709409.1014698911, rho = -72.43938125193401
nSV = 2167, nBSV = 583
Total nSV = 2167
..
Warning: using -h 0 may be faster
*
optimization finished, #iter = 2398
C = 1435.0182084675855
obj = 678884.8633212172, rho = -75.29597009555111
nSV = 2179, nBSV = 577
Total nSV = 2179
..
Warning: using -h 0 may be faster
*
optimization finished, #iter = 2388
C = 1489.2650894662572
obj = 704641.5948098277, rho = -60.302281786706835
nSV = 2196, nBSV = 575
Total nSV = 2196
..
Warning: using -h 0 may be faster
*
optimization finished, #iter = 2485
C = 1535.1518922792227
obj = 722043.4540210903, rho = -65.34128429570879
nSV = 2198, nBSV = 549
Total nSV = 2198
..
Warning: using -h 0 may be faster
*
optimization finished, #iter = 2484
C = 1491.0195860038973
obj = 694710.6147119978, rho = -69.1368044728716
nSV = 2191, nBSV = 569
Total nSV = 2191
..
Warning: using -h 0 may be faster
*
optimization finished, #iter = 2732
C = 1600.7431410176557
obj = 908062.2231613063, rho = 3.5367486423428875
nSV = 2608, nBSV = 796
Total nSV = 6089
...
Warning: using -h 0 may be faster
*
optimization finished, #iter = 3405
C = 3614.374417234156
obj = 2877287.3528883653, rho = -163.29015640114673
nSV = 3139, nBSV = 689
Total nSV = 3139
...
Warning: using -h 0 may be faster
*
optimization finished, #iter = 3682
C = 3440.5558481585517
obj = 2563027.764798697, rho = -22.05750786677961
nSV = 3185, nBSV = 692
Total nSV = 3185
...
Warning: using -h 0 may be faster
*
optimization finished, #iter = 3851
C = 3576.4416271531795
obj = 2714618.581699055, rho = 26.007407273088983
nSV = 3208, nBSV = 659
Total nSV = 3208
...
Warning: using -h 0 may be faster
*
optimization finished, #iter = 3527
C = 3333.1800156769905
obj = 2448408.784883222, rho = -3.0691987553427373
nSV = 3196, nBSV = 673
Total nSV = 3196
...
Warning: using -h 0 may be faster
*
optimization finished, #iter = 3784
C = 3409.893317527054
obj = 2528160.4431455843, rho = -24.63363805554877
nSV = 3211, nBSV = 671
Total nSV = 3211
....
Warning: using -h 0 may be faster
*
optimization finished, #iter = 4327
C = 3834.4934166603653
obj = 3557866.40480423, rho = -199.26612760519933
nSV = 3918, nBSV = 938
..
Warning: using -h 0 may be faster
*
optimization finished, #iter = 2375
C = 1552.0755498301303
obj = 747614.894226014, rho = -76.00849324569265
nSV = 2195, nBSV = 572
Total nSV = 2195
..
Warning: using -h 0 may be faster
*
optimization finished, #iter = 2703
C = 1620.6536592078044
obj = 797038.058223107, rho = -58.41106170670631
nSV = 2258, nBSV = 542
Total nSV = 2258
..
Warning: using -h 0 may be faster
*
optimization finished, #iter = 2307
C = 1624.1288458580548
obj = 781947.5528072166, rho = -90.22015899111287
nSV = 2174, nBSV = 582
Total nSV = 2174
..
Warning: using -h 0 may be faster
*
optimization finished, #iter = 2586
C = 1640.6694807809167
obj = 782532.329034172, rho = -73.82822760839429
nSV = 2235, nBSV = 555
Total nSV = 2235
..
Warning: using -h 0 may be faster
*
optimization finished, #iter = 2609
C = 1728.2256842933325
obj = 868104.2557082582, rho = -63.88500261658015
nSV = 2249, nBSV = 551
Total nSV = 2249
..
Warning: using -h 0 may be faster
*
optimization finished, #iter = 2726
C = 1698.213631265609
obj = 1004506.5060093317, rho = -87.38572600812648
nSV = 2630, nBSV = 773
..
Warning: using -h 0 may be faster
*
optimization finished, #iter = 2156
C = 1470.588759279839
obj = 619296.5297314173, rho = -34.746904052011644
nSV = 1895, nBSV = 492
Total nSV = 1895
..
Warning: using -h 0 may be faster
*
optimization finished, #iter = 2180
C = 1507.585569578872
obj = 626065.1927814278, rho = -44.5066255617402
nSV = 1891, nBSV = 492
Total nSV = 1891
..
Warning: using -h 0 may be faster
*
optimization finished, #iter = 2134
C = 1438.5648338170115
obj = 602740.3965112846, rho = -34.829984583282545
nSV = 1870, nBSV = 498
Total nSV = 1870
..
Warning: using -h 0 may be faster
*
optimization finished, #iter = 2082
C = 1362.9048075094508
obj = 566922.5972634421, rho = -28.338207580562496
nSV = 1872, nBSV = 512
Total nSV = 1872
..
Warning: using -h 0 may be faster
*
optimization finished, #iter = 2152
C = 1413.2154438367802
obj = 587182.9391661641, rho = -32.7247655910983
nSV = 1896, nBSV = 501
Total nSV = 1896
..
Warning: using -h 0 may be faster
*
optimization finished, #iter = 2716
C = 1540.595949412147
obj = 790787.439221593, rho = -39.456778790206236
nSV = 2294, nBSV = 656
Total nSV = 6164
..
Warning: using -h 0 may be faster
*
optimization finished, #iter = 2234
C = 1426.5427697854234
obj = 604077.7147187684, rho = -24.388735575085636
nSV = 1890, nBSV = 498
Total nSV = 1890
..
Warning: using -h 0 may be faster
*
optimization finished, #iter = 2154
C = 1470.9346976359425
obj = 633452.2051888098, rho = -30.61028254425313
nSV = 1898, nBSV = 478
Total nSV = 1898
..
Warning: using -h 0 may be faster
*
optimization finished, #iter = 2142
C = 1516.0375387393585
obj = 641781.7432401524, rho = -43.09905570435403
nSV = 1875, nBSV = 470
Total nSV = 1875
..
Warning: using -h 0 may be faster
*
optimization finished, #iter = 2187
C = 1613.9526761180484
obj = 714793.5871132932, rho = -35.24516794551562
nSV = 1906, nBSV = 470
Total nSV = 1906
..
Warning: using -h 0 may be faster
*
optimization finished, #iter = 2194
C = 1544.9917099912218
obj = 667667.6155232593, rho = -44.23690802949399
nSV = 1892, nBSV = 472
Total nSV = 1892
..
Warning: using -h 0 may be faster
*
optimization finished, #iter = 2635
C = 1569.1690372814305
obj = 815101.4300890323, rho = -46.62631507309352
nSV = 2296, nBSV = 639
..
Warning: using -h 0 may be faster
*
optimization finished, #iter = 2249
C = 1435.9481233082784
obj = 666066.3258223761, rho = -21.027349657143684
nSV = 2141, nBSV = 600
Total nSV = 2141
..
Warning: using -h 0 may be faster
*
optimization finished, #iter = 2665
C = 1693.9873887321187
obj = 817227.4724924096, rho = -65.65493126769688
nSV = 2275, nBSV = 540
Total nSV = 2275
..
Warning: using -h 0 may be faster
*
optimization finished, #iter = 2457
C = 1506.306912682479
obj = 715239.2440759563, rho = -61.70527216801321
nSV = 2194, nBSV = 602
Total nSV = 2194
..
Warning: using -h 0 may be faster
*
optimization finished, #iter = 2441
C = 1563.6125173427577
obj = 751283.5501391594, rho = -67.70556087339251
nSV = 2200, nBSV = 567
Total nSV = 2200
..
Warning: using -h 0 may be faster
*
optimization finished, #iter = 2451
C = 1473.1080700775155
obj = 712839.5299199634, rho = -53.994133411865675
nSV = 2168, nBSV = 561
Total nSV = 2168
..
Warning: using -h 0 may be faster
*
optimization finished, #iter = 2992
C = 1620.2945779844429
obj = 913035.7793030865, rho = -5.884011141476512
nSV = 2634, nBSV = 772
...
Warning: using -h 0 may be faster
*
optimization finished, #iter = 3665
C = 3456.110419643478
obj = 2508560.9673521966, rho = -156.25383663868058
nSV = 3184, nBSV = 697
Total nSV = 3184
...
Warning: using -h 0 may be faster
*
optimization finished, #iter = 3367
C = 3274.596133313032
obj = 2432813.5638246643, rho = -142.17883431956346
nSV = 3152, nBSV = 723
Total nSV = 3152
...
Warning: using -h 0 may be faster
*
optimization finished, #iter = 3218
C = 3291.0978491633
obj = 2471952.96556043, rho = -143.47530403139203
nSV = 3130, nBSV = 725
Total nSV = 3130
...
Warning: using -h 0 may be faster
*
optimization finished, #iter = 3520
C = 3518.2428784035096
obj = 2687676.4151630774, rho = -139.4780629453922
nSV = 3188, nBSV = 691
Total nSV = 3188
...
Warning: using -h 0 may be faster
*
optimization finished, #iter = 3438
C = 3440.6271741434603
obj = 2598332.840459011, rho = -122.92113131763612
nSV = 3147, nBSV = 698
Total nSV = 3147
....
Warning: using -h 0 may be faster
*
optimization finished, #iter = 4223
C = 3710.548185492286
obj = 3357855.301880019, rho = -21.47865200847681
nSV = 3788, nBSV = 922
Total nSV = 6079
..
Warning: using -h 0 may be faster
*
optimization finished, #iter = 2343
C = 1476.6611991934371
obj = 693797.7026997728, rho = -62.358550508431165
nSV = 2176, nBSV = 571
Total nSV = 2176
..
Warning: using -h 0 may be faster
*
optimization finished, #iter = 2319
C = 1528.9306828057825
obj = 728803.1789321358, rho = -58.836182010823556
nSV = 2137, nBSV = 588
Total nSV = 2137
..
Warning: using -h 0 may be faster
*
optimization finished, #iter = 2349
C = 1433.5078439231213
obj = 672737.0908976814, rho = -54.749648118028745
nSV = 2143, nBSV = 585
Total nSV = 2143
..
Warning: using -h 0 may be faster
*
optimization finished, #iter = 2378
C = 1474.2152288391974
obj = 685217.6340589366, rho = -66.32694659385751
nSV = 2139, nBSV = 587
Total nSV = 2139
..
Warning: using -h 0 may be faster
*
optimization finished, #iter = 2383
C = 1376.7060235352124
obj = 633205.5973885987, rho = -46.451368069547755
nSV = 2144, nBSV = 590
Total nSV = 2144
..
Warning: using -h 0 may be faster
*
optimization finished, #iter = 2923
C = 1533.8836421582298
obj = 837265.1784211869, rho = -3.804156914971733
nSV = 2620, nBSV = 785
..
Warning: using -h 0 may be faster
*
optimization finished, #iter = 2093
C = 1448.5659196387771
obj = 613237.0457887764, rho = -33.30823805468284
nSV = 1859, nBSV = 499
Total nSV = 1859
..
Warning: using -h 0 may be faster
*
optimization finished, #iter = 2054
C = 1429.2477292738104
obj = 580197.9042451099, rho = -17.548110813802754
nSV = 1847, nBSV = 509
Total nSV = 1847
..
Warning: using -h 0 may be faster
*
optimization finished, #iter = 2040
C = 1397.1232620562303
obj = 578723.0071873867, rho = -12.958993503535057
nSV = 1848, nBSV = 510
Total nSV = 1848
..
Warning: using -h 0 may be faster
*
optimization finished, #iter = 2195
C = 1534.1473928435285
obj = 642851.4055996805, rho = -18.56883832616353
nSV = 1901, nBSV = 478
Total nSV = 1901
..
Warning: using -h 0 may be faster
*
optimization finished, #iter = 2194
C = 1457.0300288787575
obj = 602183.5478390532, rho = -32.90521132861283
nSV = 1892, nBSV = 500
Total nSV = 1892
..
Warning: using -h 0 may be faster
*
optimization finished, #iter = 2672
C = 1541.5387738297754
obj = 776406.8955876104, rho = -29.00197818787679
nSV = 2250, nBSV = 657
...
Warning: using -h 0 may be faster
*
optimization finished, #iter = 3218
C = 3409.6292510446206
obj = 2635696.87898384, rho = -123.31272303692043
nSV = 3103, nBSV = 729
Total nSV = 3103
...
Warning: using -h 0 may be faster
*
optimization finished, #iter = 3317
C = 3463.2158724203873
obj = 2592495.7791023734, rho = -39.771969649087545
nSV = 3126, nBSV = 695
Total nSV = 3126
...
Warning: using -h 0 may be faster
*
optimization finished, #iter = 3252
C = 3406.7337833799083
obj = 2556615.163614374, rho = -46.29943765282629
nSV = 3134, nBSV = 707
Total nSV = 3134
...
Warning: using -h 0 may be faster
*
optimization finished, #iter = 3524
C = 3651.2913241624015
obj = 2794784.4207924125, rho = -37.780149811838875
nSV = 3197, nBSV = 690
Total nSV = 3197
...
Warning: using -h 0 may be faster
*
optimization finished, #iter = 3411
C = 3338.771210254183
obj = 2485309.929190239, rho = -25.986821385630023
nSV = 3171, nBSV = 693
Total nSV = 3171
....
Warning: using -h 0 may be faster
*
optimization finished, #iter = 4435
C = 3972.083448804521
obj = 3651170.182789849, rho = -127.15221008926754
nSV = 3871, nBSV = 925
Total nSV = 6122


=== Predictions under cross-validation ===

 inst#     actual  predicted error distribution
     1  2:neutral  2:neutral       0.288,*0.51,0.203 
     2  2:neutral  2:neutral       0.018,*0.833,0.149 
     3  2:neutral 3:positive   +   0.294,0.161,*0.545 
     4  2:neutral  2:neutral       0.126,*0.558,0.316 
     5  2:neutral  2:neutral       0.045,*0.529,0.426 
     6  2:neutral 1:negative   +   *0.641,0.266,0.094 
     7  2:neutral 3:positive   +   0.04,0.448,*0.513 
     8  2:neutral  2:neutral       0.051,*0.805,0.144 
     9  2:neutral 3:positive   +   0.122,0.433,*0.446 
    10  2:neutral 1:negative   +   *0.584,0.253,0.162 
    11  2:neutral 3:positive   +   0.029,0.387,*0.584 
    12  2:neutral  2:neutral       0.073,*0.683,0.244 
    13  2:neutral  2:neutral       0.068,*0.761,0.171 
    14  2:neutral  2:neutral       0.04,*0.667,0.293 
    15  2:neutral  2:neutral       0.175,*0.524,0.301 
    16  2:neutral  2:neutral       0.044,*0.531,0.425 
    17  2:neutral 3:positive   +   0.273,0.318,*0.409 
    18  2:neutral  2:neutral       0.186,*0.478,0.337 
    19  2:neutral  2:neutral       0.118,*0.681,0.201 
    20  2:neutral  2:neutral       0.041,*0.812,0.146 
    21  2:neutral  2:neutral       0.197,*0.442,0.361 
    22  2:neutral  2:neutral       0.088,*0.496,0.416 
    23  2:neutral  2:neutral       0.099,*0.565,0.336 
    24  2:neutral 3:positive   +   0.049,0.474,*0.477 
    25  2:neutral  2:neutral       0.106,*0.546,0.348 
    26  2:neutral 3:positive   +   0.331,0.319,*0.35 
    27  2:neutral  2:neutral       0.033,*0.641,0.326 
    28  2:neutral  2:neutral       0.341,*0.426,0.232 
    29  2:neutral  2:neutral       0.05,*0.54,0.411 
    30  2:neutral 3:positive   +   0.046,0.242,*0.712 
    31  2:neutral  2:neutral       0.321,*0.483,0.196 
    32  2:neutral 1:negative   +   *0.946,0.023,0.031 
    33  2:neutral  2:neutral       0.024,*0.751,0.225 
    34  2:neutral  2:neutral       0.093,*0.709,0.199 
    35  2:neutral  2:neutral       0.189,*0.672,0.139 
    36  2:neutral  2:neutral       0.007,*0.922,0.071 
    37  2:neutral  2:neutral       0.327,*0.506,0.166 
    38  2:neutral  2:neutral       0.155,*0.616,0.229 
    39  2:neutral  2:neutral       0.072,*0.687,0.241 
    40  2:neutral  2:neutral       0.057,*0.591,0.351 
    41  2:neutral  2:neutral       0.113,*0.635,0.252 
    42  2:neutral  2:neutral       0.013,*0.765,0.222 
    43  2:neutral 1:negative   +   *0.481,0.08,0.439 
    44  2:neutral  2:neutral       0.102,*0.6,0.298 
    45  2:neutral  2:neutral       0.064,*0.84,0.096 
    46  2:neutral  2:neutral       0.019,*0.668,0.313 
    47  2:neutral  2:neutral       0.075,*0.55,0.376 
    48  2:neutral 3:positive   +   0.02,0.131,*0.848 
    49  2:neutral  2:neutral       0.064,*0.797,0.139 
    50  2:neutral  2:neutral       0.171,*0.555,0.275 
    51  2:neutral  2:neutral       0.144,*0.685,0.171 
    52  2:neutral  2:neutral       0.196,*0.527,0.277 
    53  2:neutral  2:neutral       0.147,*0.672,0.181 
    54  2:neutral  2:neutral       0.075,*0.469,0.456 
    55  2:neutral 3:positive   +   0.069,0.442,*0.489 
    56  2:neutral  2:neutral       0.085,*0.754,0.161 
    57  2:neutral  2:neutral       0.071,*0.75,0.179 
    58  2:neutral 3:positive   +   0.075,0.368,*0.557 
    59  2:neutral 3:positive   +   0.093,0.377,*0.53 
    60  2:neutral  2:neutral       0.051,*0.7,0.249 
    61  2:neutral  2:neutral       0.289,*0.617,0.094 
    62  2:neutral  2:neutral       0.123,*0.479,0.398 
    63  2:neutral  2:neutral       0.048,*0.668,0.284 
    64  2:neutral  2:neutral       0.071,*0.669,0.26 
    65  2:neutral  2:neutral       0.277,*0.531,0.192 
    66  2:neutral 3:positive   +   0.176,0.142,*0.681 
    67  2:neutral  2:neutral       0.085,*0.745,0.17 
    68  2:neutral  2:neutral       0.23,*0.495,0.275 
    69  2:neutral 3:positive   +   0.07,0.442,*0.487 
    70  2:neutral  2:neutral       0.096,*0.479,0.424 
    71  2:neutral  2:neutral       0.158,*0.685,0.157 
    72  2:neutral 3:positive   +   0.054,0.248,*0.697 
    73  2:neutral 3:positive   +   0.112,0.334,*0.554 
    74  2:neutral 3:positive   +   0.088,0.345,*0.567 
    75  2:neutral  2:neutral       0.064,*0.662,0.274 
    76  2:neutral  2:neutral       0.132,*0.719,0.149 
    77  2:neutral 3:positive   +   0.049,0.288,*0.664 
    78  2:neutral  2:neutral       0.059,*0.598,0.342 
    79  2:neutral 1:negative   +   *0.51,0.332,0.158 
    80  2:neutral  2:neutral       0.065,*0.868,0.067 
    81  2:neutral 1:negative   +   *0.437,0.27,0.294 
    82  2:neutral  2:neutral       0.088,*0.843,0.069 
    83  2:neutral 1:negative   +   *0.468,0.196,0.336 
    84  2:neutral 3:positive   +   0.027,0.26,*0.713 
    85  2:neutral 1:negative   +   *0.592,0.279,0.129 
    86  2:neutral  2:neutral       0.05,*0.72,0.231 
    87  2:neutral  2:neutral       0.034,*0.547,0.42 
    88  2:neutral  2:neutral       0.036,*0.611,0.353 
    89  2:neutral 1:negative   +   *0.402,0.206,0.392 
    90  2:neutral  2:neutral       0.052,*0.758,0.19 
    91  2:neutral  2:neutral       0.065,*0.573,0.362 
    92  2:neutral  2:neutral       0.078,*0.787,0.134 
    93  2:neutral  2:neutral       0.097,*0.582,0.322 
    94  2:neutral  2:neutral       0.03,*0.655,0.315 
    95  2:neutral 3:positive   +   0.096,0.264,*0.64 
    96  2:neutral  2:neutral       0.089,*0.813,0.098 
    97  2:neutral  2:neutral       0.065,*0.676,0.26 
    98  2:neutral 3:positive   +   0.088,0.319,*0.593 
    99  2:neutral  2:neutral       0.076,*0.778,0.146 
   100  2:neutral  2:neutral       0.085,*0.737,0.178 
   101  2:neutral  2:neutral       0.139,*0.62,0.241 
   102  2:neutral 3:positive   +   0.179,0.374,*0.447 
   103  2:neutral  2:neutral       0.077,*0.683,0.24 
   104  2:neutral  2:neutral       0.129,*0.51,0.361 
   105  2:neutral  2:neutral       0.083,*0.649,0.268 
   106  2:neutral 3:positive   +   0.105,0.342,*0.553 
   107  2:neutral  2:neutral       0.116,*0.539,0.345 
   108  2:neutral  2:neutral       0.104,*0.84,0.056 
   109  2:neutral  2:neutral       0.014,*0.672,0.314 
   110  2:neutral  2:neutral       0.088,*0.718,0.194 
   111  2:neutral  2:neutral       0.084,*0.502,0.414 
   112  2:neutral  2:neutral       0.018,*0.736,0.246 
   113  2:neutral 3:positive   +   0.026,0.476,*0.498 
   114  2:neutral 3:positive   +   0.236,0.285,*0.479 
   115  2:neutral 3:positive   +   0.057,0.352,*0.591 
   116  2:neutral  2:neutral       0.084,*0.773,0.143 
   117  2:neutral  2:neutral       0.056,*0.861,0.083 
   118  2:neutral  2:neutral       0.056,*0.692,0.252 
   119  2:neutral  2:neutral       0.049,*0.739,0.212 
   120  2:neutral 3:positive   +   0.035,0.25,*0.714 
   121  2:neutral  2:neutral       0.119,*0.53,0.351 
   122  2:neutral 3:positive   +   0.089,0.318,*0.592 
   123  2:neutral  2:neutral       0.041,*0.86,0.099 
   124  2:neutral  2:neutral       0.179,*0.585,0.236 
   125  2:neutral  2:neutral       0.266,*0.561,0.173 
   126  2:neutral 3:positive   +   0.092,0.368,*0.541 
   127  2:neutral  2:neutral       0.015,*0.933,0.051 
   128  2:neutral 3:positive   +   0.019,0.481,*0.499 
   129  2:neutral  2:neutral       0.14,*0.677,0.183 
   130  2:neutral  2:neutral       0.109,*0.537,0.354 
   131  2:neutral  2:neutral       0.165,*0.465,0.37 
   132  2:neutral  2:neutral       0.097,*0.553,0.35 
   133  2:neutral  2:neutral       0.047,*0.661,0.292 
   134  2:neutral  2:neutral       0.032,*0.595,0.374 
   135  2:neutral  2:neutral       0.031,*0.67,0.299 
   136  2:neutral  2:neutral       0.014,*0.603,0.383 
   137  2:neutral  2:neutral       0.164,*0.521,0.315 
   138  2:neutral 3:positive   +   0.088,0.403,*0.509 
   139  2:neutral  2:neutral       0.17,*0.59,0.241 
   140  2:neutral 3:positive   +   0.203,0.392,*0.405 
   141  2:neutral  2:neutral       0.027,*0.77,0.203 
   142  2:neutral  2:neutral       0.365,*0.448,0.187 
   143  2:neutral  2:neutral       0.217,*0.496,0.286 
   144  2:neutral  2:neutral       0.131,*0.618,0.251 
   145  2:neutral 1:negative   +   *0.349,0.319,0.333 
   146  2:neutral  2:neutral       0.327,*0.601,0.072 
   147  2:neutral  2:neutral       0.04,*0.74,0.219 
   148  2:neutral  2:neutral       0.209,*0.517,0.275 
   149  2:neutral  2:neutral       0.059,*0.491,0.45 
   150  2:neutral  2:neutral       0.126,*0.66,0.214 
   151  2:neutral  2:neutral       0.09,*0.7,0.21 
   152  2:neutral  2:neutral       0.019,*0.945,0.036 
   153  2:neutral  2:neutral       0.028,*0.793,0.179 
   154  2:neutral  2:neutral       0.177,*0.582,0.241 
   155  2:neutral 3:positive   +   0.148,0.335,*0.517 
   156  2:neutral 3:positive   +   0.177,0.272,*0.551 
   157  2:neutral  2:neutral       0.042,*0.652,0.306 
   158  2:neutral  2:neutral       0.044,*0.641,0.315 
   159  2:neutral  2:neutral       0.072,*0.884,0.045 
   160  2:neutral  2:neutral       0.022,*0.581,0.397 
   161  2:neutral  2:neutral       0.129,*0.6,0.271 
   162  2:neutral  2:neutral       0.019,*0.93,0.051 
   163  2:neutral  2:neutral       0.025,*0.617,0.358 
   164  2:neutral  2:neutral       0.241,*0.445,0.314 
   165  2:neutral  2:neutral       0.087,*0.693,0.22 
   166  2:neutral  2:neutral       0.161,*0.684,0.155 
   167  2:neutral 3:positive   +   0.113,0.428,*0.46 
   168  2:neutral  2:neutral       0.05,*0.605,0.346 
   169  2:neutral  2:neutral       0.185,*0.424,0.392 
   170  2:neutral  2:neutral       0.134,*0.744,0.122 
   171  2:neutral  2:neutral       0.124,*0.464,0.412 
   172  2:neutral 3:positive   +   0.141,0.358,*0.501 
   173  2:neutral 1:negative   +   *0.647,0.31,0.043 
   174  2:neutral  2:neutral       0.1,*0.626,0.274 
   175  2:neutral  2:neutral       0.124,*0.598,0.278 
   176  2:neutral 3:positive   +   0.321,0.308,*0.372 
   177  2:neutral  2:neutral       0.044,*0.735,0.221 
   178  2:neutral  2:neutral       0.249,*0.493,0.258 
   179  2:neutral  2:neutral       0.112,*0.564,0.324 
   180  2:neutral  2:neutral       0.067,*0.695,0.238 
   181  2:neutral  2:neutral       0.098,*0.644,0.258 
   182  2:neutral 1:negative   +   *0.661,0.221,0.118 
   183  2:neutral  2:neutral       0.059,*0.721,0.221 
   184  2:neutral  2:neutral       0.103,*0.471,0.425 
   185  2:neutral  2:neutral       0.146,*0.581,0.273 
   186  2:neutral  2:neutral       0.035,*0.818,0.146 
   187  2:neutral  2:neutral       0.092,*0.577,0.331 
   188  2:neutral  2:neutral       0.174,*0.441,0.385 
   189  2:neutral 1:negative   +   *0.601,0.322,0.077 
   190  2:neutral  2:neutral       0.246,*0.532,0.222 
   191  2:neutral  2:neutral       0.282,*0.551,0.167 
   192  2:neutral  2:neutral       0.068,*0.77,0.163 
   193  2:neutral  2:neutral       0.015,*0.664,0.321 
   194  2:neutral  2:neutral       0.099,*0.744,0.157 
   195  2:neutral  2:neutral       0.078,*0.527,0.395 
   196  2:neutral  2:neutral       0.097,*0.626,0.276 
   197  2:neutral  2:neutral       0.084,*0.673,0.242 
   198  2:neutral  2:neutral       0.224,*0.506,0.27 
   199  2:neutral 3:positive   +   0.056,0.305,*0.638 
   200  2:neutral  2:neutral       0.04,*0.684,0.276 
   201  2:neutral  2:neutral       0.088,*0.779,0.133 
   202  2:neutral  2:neutral       0.168,*0.482,0.35 
   203  2:neutral  2:neutral       0.049,*0.532,0.419 
   204  2:neutral  2:neutral       0.022,*0.941,0.038 
   205  2:neutral  2:neutral       0.019,*0.529,0.452 
   206  2:neutral  2:neutral       0.287,*0.532,0.181 
   207  2:neutral 3:positive   +   0.07,0.457,*0.473 
   208  2:neutral  2:neutral       0.014,*0.749,0.237 
   209  2:neutral  2:neutral       0.031,*0.851,0.118 
   210  2:neutral 3:positive   +   0.327,0.299,*0.374 
   211  2:neutral  2:neutral       0.018,*0.912,0.071 
   212  2:neutral  2:neutral       0.067,*0.847,0.086 
   213  2:neutral 3:positive   +   0.07,0.374,*0.556 
   214  2:neutral 3:positive   +   0.035,0.413,*0.552 
   215  2:neutral  2:neutral       0.222,*0.629,0.149 
   216  2:neutral  2:neutral       0.068,*0.685,0.247 
   217  2:neutral  2:neutral       0.061,*0.762,0.178 
   218  2:neutral  2:neutral       0.198,*0.496,0.306 
   219  2:neutral  2:neutral       0.056,*0.495,0.449 
   220  2:neutral  2:neutral       0.077,*0.478,0.445 
   221  2:neutral  2:neutral       0.329,*0.443,0.228 
   222  2:neutral 3:positive   +   0.133,0.356,*0.511 
   223  2:neutral  2:neutral       0.053,*0.58,0.366 
   224  2:neutral  2:neutral       0.112,*0.688,0.199 
   225  2:neutral  2:neutral       0.056,*0.797,0.147 
   226  2:neutral  2:neutral       0.058,*0.759,0.184 
   227  2:neutral  2:neutral       0.057,*0.729,0.214 
   228  2:neutral 3:positive   +   0.034,0.166,*0.8 
   229  2:neutral  2:neutral       0.031,*0.509,0.46 
   230  2:neutral 3:positive   +   0.349,0.29,*0.361 
   231  2:neutral  2:neutral       0.05,*0.807,0.144 
   232  2:neutral  2:neutral       0.304,*0.437,0.259 
   233  2:neutral 3:positive   +   0.21,0.3,*0.49 
   234  2:neutral  2:neutral       0.06,*0.657,0.283 
   235  2:neutral  2:neutral       0.233,*0.644,0.123 
   236  2:neutral  2:neutral       0.054,*0.608,0.338 
   237  2:neutral 3:positive   +   0.044,0.297,*0.659 
   238  2:neutral  2:neutral       0.122,*0.804,0.074 
   239  2:neutral  2:neutral       0.083,*0.484,0.433 
   240  2:neutral  2:neutral       0.088,*0.69,0.222 
   241  2:neutral 3:positive   +   0.274,0.343,*0.383 
   242  2:neutral  2:neutral       0.075,*0.523,0.403 
   243  2:neutral 3:positive   +   0.03,0.397,*0.573 
   244  2:neutral  2:neutral       0.029,*0.781,0.19 
   245  2:neutral  2:neutral       0.262,*0.552,0.186 
   246  2:neutral  2:neutral       0.012,*0.59,0.398 
   247  2:neutral  2:neutral       0.011,*0.932,0.057 
   248  2:neutral 3:positive   +   0.095,0.435,*0.47 
   249  2:neutral 3:positive   +   0.225,0.343,*0.431 
   250  2:neutral  2:neutral       0.047,*0.654,0.3 
   251  2:neutral 3:positive   +   0.119,0.391,*0.489 
   252  2:neutral 3:positive   +   0.039,0.252,*0.709 
   253  2:neutral  2:neutral       0.188,*0.465,0.347 
   254  2:neutral  2:neutral       0.105,*0.659,0.236 
   255  2:neutral  2:neutral       0.032,*0.655,0.313 
   256  2:neutral  2:neutral       0.071,*0.633,0.296 
   257  2:neutral  2:neutral       0.116,*0.539,0.345 
   258  2:neutral  2:neutral       0.059,*0.86,0.081 
   259  2:neutral  2:neutral       0.09,*0.608,0.303 
   260  2:neutral  2:neutral       0.075,*0.837,0.088 
   261  2:neutral 3:positive   +   0.027,0.401,*0.572 
   262  2:neutral  2:neutral       0.108,*0.562,0.33 
   263  2:neutral 3:positive   +   0.079,0.33,*0.591 
   264  2:neutral  2:neutral       0.06,*0.867,0.074 
   265  2:neutral  2:neutral       0.122,*0.591,0.287 
   266  2:neutral  2:neutral       0.02,*0.826,0.155 
   267  2:neutral 3:positive   +   0.134,0.305,*0.561 
   268  2:neutral  2:neutral       0.127,*0.693,0.18 
   269  2:neutral  2:neutral       0.272,*0.448,0.28 
   270  2:neutral 3:positive   +   0.103,0.368,*0.529 
   271  2:neutral 1:negative   +   *0.37,0.285,0.345 
   272  2:neutral  2:neutral       0.111,*0.531,0.358 
   273  2:neutral  2:neutral       0.236,*0.564,0.2 
   274  2:neutral  2:neutral       0.131,*0.505,0.364 
   275  2:neutral 3:positive   +   0.357,0.148,*0.495 
   276  2:neutral  2:neutral       0.042,*0.67,0.288 
   277  2:neutral 3:positive   +   0.039,0.448,*0.514 
   278  2:neutral  2:neutral       0.018,*0.563,0.419 
   279  2:neutral 1:negative   +   *0.454,0.195,0.35 
   280  2:neutral  2:neutral       0.026,*0.541,0.433 
   281  2:neutral 3:positive   +   0.016,0.266,*0.718 
   282  2:neutral  2:neutral       0.073,*0.859,0.068 
   283  2:neutral  2:neutral       0.197,*0.442,0.361 
   284  2:neutral 3:positive   +   0.075,0.282,*0.643 
   285  2:neutral  2:neutral       0.012,*0.829,0.159 
   286  2:neutral  2:neutral       0.049,*0.686,0.264 
   287  2:neutral  2:neutral       0.082,*0.832,0.086 
   288  2:neutral  2:neutral       0.139,*0.72,0.141 
   289  2:neutral  2:neutral       0.058,*0.803,0.139 
   290  2:neutral  2:neutral       0.009,*0.64,0.351 
   291  2:neutral  2:neutral       0.111,*0.673,0.216 
   292  2:neutral 1:negative   +   *0.662,0.186,0.152 
   293  2:neutral  2:neutral       0.098,*0.676,0.226 
   294  2:neutral 3:positive   +   0.101,0.293,*0.606 
   295  2:neutral  2:neutral       0.04,*0.92,0.041 
   296  2:neutral  2:neutral       0.097,*0.553,0.35 
   297  2:neutral 3:positive   +   0.13,0.253,*0.618 
   298  2:neutral  2:neutral       0.035,*0.657,0.308 
   299  2:neutral  2:neutral       0.235,*0.535,0.23 
   300  2:neutral  2:neutral       0.153,*0.735,0.112 
   301  2:neutral  2:neutral       0.062,*0.597,0.341 
   302  2:neutral  2:neutral       0.103,*0.639,0.258 
   303  2:neutral 3:positive   +   0.057,0.28,*0.664 
   304  2:neutral  2:neutral       0.087,*0.614,0.298 
   305  2:neutral  2:neutral       0.023,*0.883,0.094 
   306  2:neutral  2:neutral       0.057,*0.597,0.346 
   307  2:neutral  2:neutral       0.037,*0.818,0.144 
   308  2:neutral  2:neutral       0.06,*0.898,0.042 
   309  2:neutral 3:positive   +   0.019,0.237,*0.744 
   310  2:neutral  2:neutral       0.057,*0.927,0.016 
   311  2:neutral  2:neutral       0.165,*0.492,0.343 
   312  2:neutral  2:neutral       0.085,*0.669,0.246 
   313  2:neutral  2:neutral       0.056,*0.615,0.329 
   314  2:neutral  2:neutral       0.128,*0.752,0.12 
   315  2:neutral 3:positive   +   0.046,0.326,*0.627 
   316  2:neutral 3:positive   +   0.067,0.297,*0.636 
   317  2:neutral  2:neutral       0.079,*0.714,0.207 
   318  2:neutral  2:neutral       0.114,*0.711,0.175 
   319  2:neutral  2:neutral       0.128,*0.47,0.402 
   320  2:neutral  2:neutral       0.12,*0.73,0.149 
   321  2:neutral  2:neutral       0.128,*0.737,0.135 
   322  2:neutral  2:neutral       0.092,*0.781,0.127 
   323  2:neutral 3:positive   +   0.235,0.338,*0.427 
   324  2:neutral  2:neutral       0.072,*0.764,0.164 
   325  2:neutral  2:neutral       0.07,*0.712,0.218 
   326  2:neutral  2:neutral       0.075,*0.659,0.266 
   327  2:neutral 1:negative   +   *0.955,0.015,0.03 
   328  2:neutral 1:negative   +   *0.688,0.28,0.032 
   329  2:neutral  2:neutral       0.336,*0.519,0.145 
   330  2:neutral  2:neutral       0.044,*0.868,0.088 
   331  2:neutral  2:neutral       0.112,*0.541,0.347 
   332  2:neutral  2:neutral       0.084,*0.648,0.269 
   333  2:neutral  2:neutral       0.01,*0.864,0.126 
   334  2:neutral  2:neutral       0.383,*0.448,0.169 
   335  2:neutral 3:positive   +   0.05,0.246,*0.704 
   336  2:neutral  2:neutral       0.12,*0.445,0.435 
   337  2:neutral  2:neutral       0.051,*0.613,0.336 
   338  2:neutral  2:neutral       0.09,*0.463,0.448 
   339  2:neutral  2:neutral       0.031,*0.787,0.182 
   340  2:neutral  2:neutral       0.293,*0.426,0.28 
   341  2:neutral 3:positive   +   0.066,0.4,*0.534 
   342  2:neutral  2:neutral       0.126,*0.474,0.399 
   343  2:neutral  2:neutral       0.096,*0.695,0.208 
   344  2:neutral  2:neutral       0.015,*0.882,0.103 
   345  2:neutral  2:neutral       0.024,*0.663,0.313 
   346  2:neutral  2:neutral       0.136,*0.657,0.207 
   347  2:neutral  2:neutral       0.116,*0.539,0.345 
   348  2:neutral 3:positive   +   0.273,0.312,*0.415 
   349  2:neutral  2:neutral       0.176,*0.519,0.305 
   350  2:neutral  2:neutral       0.046,*0.773,0.182 
   351  2:neutral  2:neutral       0.099,*0.532,0.369 
   352  2:neutral  2:neutral       0.014,*0.866,0.12 
   353  2:neutral  2:neutral       0.243,*0.561,0.195 
   354  2:neutral 1:negative   +   *0.746,0.077,0.177 
   355  2:neutral  2:neutral       0.091,*0.571,0.339 
   356  2:neutral 3:positive   +   0.174,0.226,*0.6 
   357  2:neutral 3:positive   +   0.069,0.446,*0.485 
   358  2:neutral  2:neutral       0.13,*0.494,0.376 
