Zero Weights processed. Default weights will be used
..
Warning: using -h 0 may be faster
*
optimization finished, #iter = 2658
C = 580.542199672694
obj = 296545.3729188517, rho = -2.8920601819743474
nSV = 2530, nBSV = 1324
Total nSV = 2530
..
Warning: using -h 0 may be faster
*
optimization finished, #iter = 2631
C = 585.4961187728272
obj = 303077.61057536415, rho = -16.9855774215233
nSV = 2529, nBSV = 1326
Total nSV = 2529
..
Warning: using -h 0 may be faster
*
optimization finished, #iter = 2601
C = 584.5310547184575
obj = 296641.1237495418, rho = -11.252742734257415
nSV = 2544, nBSV = 1331
Total nSV = 2544
..
Warning: using -h 0 may be faster
*
optimization finished, #iter = 2580
C = 565.0233178780925
obj = 286939.0800466204, rho = -8.637526271184734
nSV = 2505, nBSV = 1355
Total nSV = 2505
..
Warning: using -h 0 may be faster
*
optimization finished, #iter = 2568
C = 583.1220755074378
obj = 297154.8203080189, rho = -12.375541269358783
nSV = 2510, nBSV = 1323
Total nSV = 2510
.
Warning: using -h 0 may be faster
..
Warning: using -h 0 may be faster
*
optimization finished, #iter = 3270
C = 568.502515867742
obj = 341196.5269657307, rho = -5.139218139970843
nSV = 3088, nBSV = 1728
.....
Warning: using -h 0 may be faster
*.
Warning: using -h 0 may be faster
*
optimization finished, #iter = 5245
C = 1839.5327310990256
obj = 1688789.3333230903, rho = 23.498808140408496
nSV = 4444, nBSV = 1763
Total nSV = 4444
....
Warning: using -h 0 may be faster
*
optimization finished, #iter = 4944
C = 1927.3356770556761
obj = 1764529.3671248797, rho = -104.17088887334288
nSV = 4447, nBSV = 1760
Total nSV = 4447
.
Warning: using -h 0 may be faster
...
Warning: using -h 0 may be faster
*
optimization finished, #iter = 4946
C = 1974.5716335871557
obj = 1883049.8400404295, rho = -118.92154543320754
nSV = 4471, nBSV = 1772
Total nSV = 4471
....
Warning: using -h 0 may be faster
*
optimization finished, #iter = 4640
C = 1874.222753905759
obj = 1790804.9124494237, rho = -123.60167849921297
nSV = 4403, nBSV = 1767
Total nSV = 4403
.
Warning: using -h 0 may be faster
...
Warning: using -h 0 may be faster
*
optimization finished, #iter = 4879
C = 1957.20492045435
obj = 1832468.9798456596, rho = -119.86172326678285
nSV = 4443, nBSV = 1750
Total nSV = 4443
.
Warning: using -h 0 may be faster
.....
Warning: using -h 0 may be faster
*
optimization finished, #iter = 6481
C = 2055.471230250465
obj = 2219854.481102337, rho = 16.501686990114823
nSV = 5430, nBSV = 2273
...
Warning: using -h 0 may be faster
*
optimization finished, #iter = 3054
C = 546.8063387342543
obj = 296011.98387326754, rho = -36.28526131427269
nSV = 2915, nBSV = 1557
Total nSV = 2915
..
Warning: using -h 0 may be faster
*
optimization finished, #iter = 2756
C = 525.956907524388
obj = 277946.6707211152, rho = -27.129085918730684
nSV = 2874, nBSV = 1628
Total nSV = 2874
..
Warning: using -h 0 may be faster
*
optimization finished, #iter = 2890
C = 567.0864889261495
obj = 310780.6349970982, rho = -25.782059764005595
nSV = 2915, nBSV = 1552
Total nSV = 2915
..
Warning: using -h 0 may be faster
*
optimization finished, #iter = 2838
C = 567.6228615517178
obj = 309852.62894451927, rho = -38.85916086974877
nSV = 2908, nBSV = 1553
Total nSV = 2908
..
Warning: using -h 0 may be faster
*
optimization finished, #iter = 2759
C = 541.1860896476982
obj = 295331.57713592704, rho = -38.478485687190826
nSV = 2893, nBSV = 1570
Total nSV = 2893
.
Warning: using -h 0 may be faster
..
Warning: using -h 0 may be faster
*
optimization finished, #iter = 3407
C = 532.8587672642634
obj = 333450.0616766937, rho = 17.6144349076761
nSV = 3529, nBSV = 2058
Total nSV = 8221
..
Warning: using -h 0 may be faster
*
optimization finished, #iter = 2035
C = 604.2215436048847
obj = 260145.62887895078, rho = -16.7562610441722
nSV = 2071, nBSV = 1028
Total nSV = 2071
..
Warning: using -h 0 may be faster
*
optimization finished, #iter = 2108
C = 592.7921014530234
obj = 266895.12274785247, rho = -3.386728457258631
nSV = 2074, nBSV = 1013
Total nSV = 2074
.
Warning: using -h 0 may be faster
*
optimization finished, #iter = 1968
C = 561.5501145751539
obj = 242071.73310646103, rho = -12.377544139302705
nSV = 2042, nBSV = 1034
Total nSV = 2042
..
Warning: using -h 0 may be faster
*
optimization finished, #iter = 2055
C = 594.363098680505
obj = 261909.1171256175, rho = -4.567378943913236
nSV = 2070, nBSV = 1030
Total nSV = 2070
..
Warning: using -h 0 may be faster
*
optimization finished, #iter = 2011
C = 589.1371455822793
obj = 254768.73673809858, rho = -3.913842685973104
nSV = 2053, nBSV = 1060
Total nSV = 2053
..
Warning: using -h 0 may be faster
*
optimization finished, #iter = 2586
C = 576.5239337094644
obj = 294510.51499823254, rho = -7.967806419452735
nSV = 2517, nBSV = 1336
....
Warning: using -h 0 may be faster
*.
Warning: using -h 0 may be faster
*
optimization finished, #iter = 4164
C = 1883.321681310621
obj = 1527583.2886625794, rho = -80.4763457327359
nSV = 3646, nBSV = 1336
Total nSV = 3646
....
Warning: using -h 0 may be faster
*
optimization finished, #iter = 4353
C = 1788.4494658187652
obj = 1420337.8960917857, rho = 17.386777506989073
nSV = 3688, nBSV = 1331
Total nSV = 3688
....
Warning: using -h 0 may be faster
*
optimization finished, #iter = 4581
C = 1670.5337681978215
obj = 1275757.6427067607, rho = 53.70274557723873
nSV = 3695, nBSV = 1344
Total nSV = 3695
....
Warning: using -h 0 may be faster
*
optimization finished, #iter = 4042
C = 1825.2568170501238
obj = 1449419.319420614, rho = 29.798682969212464
nSV = 3685, nBSV = 1316
Total nSV = 3685
....
Warning: using -h 0 may be faster
*
optimization finished, #iter = 4491
C = 1696.1057034801613
obj = 1284476.3215011314, rho = 28.58235407302121
nSV = 3696, nBSV = 1311
Total nSV = 3696
.....
Warning: using -h 0 may be faster
*
optimization finished, #iter = 5231
C = 1900.5110920714774
obj = 1739827.1150483412, rho = 20.262863764108648
nSV = 4495, nBSV = 1769
..
Warning: using -h 0 may be faster
*
optimization finished, #iter = 2177
C = 542.1788410282243
obj = 254201.01126749872, rho = -31.245868166599394
nSV = 2375, nBSV = 1222
Total nSV = 2375
..
Warning: using -h 0 may be faster
*
optimization finished, #iter = 2251
C = 545.5887211021617
obj = 245146.6278057515, rho = 18.42308063420804
nSV = 2373, nBSV = 1229
Total nSV = 2373
..
Warning: using -h 0 may be faster
*
optimization finished, #iter = 2289
C = 573.406019670115
obj = 269812.49324637564, rho = 22.763632705723047
nSV = 2367, nBSV = 1212
Total nSV = 2367
..
Warning: using -h 0 may be faster
*
optimization finished, #iter = 2261
C = 543.4397924282354
obj = 250084.3458933095, rho = 16.383761724695244
nSV = 2337, nBSV = 1234
Total nSV = 2337
..
Warning: using -h 0 may be faster
*
optimization finished, #iter = 2261
C = 516.510044280956
obj = 242462.96018043056, rho = 24.635469124274827
nSV = 2339, nBSV = 1224
Total nSV = 2339
..
Warning: using -h 0 may be faster
*
optimization finished, #iter = 2790
C = 532.9426520079787
obj = 288108.5433099591, rho = 20.2768401595459
nSV = 2890, nBSV = 1588
Total nSV = 6732
..*
optimization finished, #iter = 2019
C = 582.1233151937035
obj = 250619.41222051, rho = -14.273791503349866
nSV = 2054, nBSV = 1040
Total nSV = 2054
..
Warning: using -h 0 may be faster
*
optimization finished, #iter = 2090
C = 548.9071172523759
obj = 227880.86809838758, rho = -13.319065130609546
nSV = 2057, nBSV = 1048
Total nSV = 2057
..
Warning: using -h 0 may be faster
*
optimization finished, #iter = 2100
C = 634.2969360348524
obj = 279531.3187173343, rho = -12.135749673018227
nSV = 2053, nBSV = 1021
Total nSV = 2053
..
Warning: using -h 0 may be faster
*
optimization finished, #iter = 2191
C = 584.9302245173337
obj = 250007.13457428248, rho = -19.554716876152234
nSV = 2062, nBSV = 1022
Total nSV = 2062
..
Warning: using -h 0 may be faster
*
optimization finished, #iter = 2141
C = 596.0204658450556
obj = 259190.26753284468, rho = -19.562468885152953
nSV = 2069, nBSV = 1039
Total nSV = 2069
..
Warning: using -h 0 may be faster
*
optimization finished, #iter = 2644
C = 575.796919791706
obj = 289585.91701558465, rho = -1.1715409528118867
nSV = 2547, nBSV = 1340
....
Warning: using -h 0 may be faster
*
optimization finished, #iter = 4429
C = 1720.8649713721688
obj = 1336312.7272619526, rho = 13.943933191239807
nSV = 3705, nBSV = 1325
Total nSV = 3705
...
Warning: using -h 0 may be faster
*
optimization finished, #iter = 3888
C = 1687.522478984658
obj = 1315848.271005053, rho = -89.05009512352686
nSV = 3624, nBSV = 1394
Total nSV = 3624
....
Warning: using -h 0 may be faster
*
optimization finished, #iter = 4358
C = 1921.817732659739
obj = 1534556.0516849463, rho = -95.12902725472799
nSV = 3721, nBSV = 1334
Total nSV = 3721
....
Warning: using -h 0 may be faster
*
optimization finished, #iter = 4326
C = 1814.9234737529928
obj = 1407213.3604884357, rho = -87.07157480363415
nSV = 3678, nBSV = 1356
Total nSV = 3678
....
Warning: using -h 0 may be faster
*
optimization finished, #iter = 4286
C = 1763.460684400292
obj = 1384785.7418466804, rho = -85.35513770458162
nSV = 3674, nBSV = 1338
Total nSV = 3674
....
Warning: using -h 0 may be faster
*
optimization finished, #iter = 4878
C = 1888.9984728094832
obj = 1751764.6341312695, rho = 4.408661346710744
nSV = 4412, nBSV = 1803
..
Warning: using -h 0 may be faster
*
optimization finished, #iter = 2232
C = 536.5865444824403
obj = 242982.25686159031, rho = 19.93281332691931
nSV = 2369, nBSV = 1221
Total nSV = 2369
..
Warning: using -h 0 may be faster
*
optimization finished, #iter = 2270
C = 520.151816425504
obj = 237307.38544030327, rho = -40.75314268079826
nSV = 2351, nBSV = 1237
Total nSV = 2351
..
Warning: using -h 0 may be faster
*
optimization finished, #iter = 2321
C = 584.5552705357437
obj = 275991.6608025652, rho = -35.60631964842692
nSV = 2386, nBSV = 1224
Total nSV = 2386
..
Warning: using -h 0 may be faster
*
optimization finished, #iter = 2359
C = 593.7458686824933
obj = 279660.910767811, rho = -36.300729956562954
nSV = 2397, nBSV = 1207
Total nSV = 2397
..
Warning: using -h 0 may be faster
*
optimization finished, #iter = 2288
C = 518.6353219879215
obj = 234317.2567940208, rho = -32.525182983044374
nSV = 2377, nBSV = 1237
Total nSV = 2377
..
Warning: using -h 0 may be faster
*
optimization finished, #iter = 2703
C = 529.4745367428611
obj = 280557.06058510067, rho = 22.38518295211132
nSV = 2877, nBSV = 1606
Total nSV = 6645
....
Warning: using -h 0 may be faster
*
optimization finished, #iter = 4000
C = 1928.2224773099142
obj = 1582885.2918440772, rho = -115.66506259849956
nSV = 3713, nBSV = 1306
Total nSV = 3713
....
Warning: using -h 0 may be faster
*
optimization finished, #iter = 4371
C = 1746.7992283713609
obj = 1388976.5202948793, rho = 24.563772412056437
nSV = 3688, nBSV = 1318
Total nSV = 3688
...
Warning: using -h 0 may be faster
*
optimization finished, #iter = 3805
C = 1810.8896606085061
obj = 1477307.4550772838, rho = 28.548545837174395
nSV = 3648, nBSV = 1349
Total nSV = 3648
....
Warning: using -h 0 may be faster
*
optimization finished, #iter = 4213
C = 1797.5958573065673
obj = 1411614.5525323742, rho = -4.815805093157537
nSV = 3672, nBSV = 1332
Total nSV = 3672
....
Warning: using -h 0 may be faster
*
optimization finished, #iter = 4219
C = 1880.5564401501294
obj = 1490207.4403810217, rho = 14.207141127533879
nSV = 3699, nBSV = 1310
Total nSV = 3699
.....
Warning: using -h 0 may be faster
*
optimization finished, #iter = 5362
C = 1994.0748155462525
obj = 1903664.1030102284, rho = -119.53757990954256
nSV = 4492, nBSV = 1727
..
Warning: using -h 0 may be faster
*
optimization finished, #iter = 2384
C = 610.1782033416869
obj = 288072.81987190054, rho = -34.312077690808316
nSV = 2446, nBSV = 1208
Total nSV = 2446
..
Warning: using -h 0 may be faster
*
optimization finished, #iter = 2381
C = 605.4531248416597
obj = 284850.01742491056, rho = -30.943337163766685
nSV = 2433, nBSV = 1187
Total nSV = 2433
..
Warning: using -h 0 may be faster
*
optimization finished, #iter = 2255
C = 563.3733200424293
obj = 263975.4968744256, rho = -38.31841678753853
nSV = 2397, nBSV = 1224
Total nSV = 2397
..
Warning: using -h 0 may be faster
*
optimization finished, #iter = 2320
C = 565.9083393172008
obj = 265056.90811570035, rho = -36.71658819917526
nSV = 2412, nBSV = 1221
Total nSV = 2412
..
Warning: using -h 0 may be faster
*
optimization finished, #iter = 2533
C = 679.5555552403646
obj = 336492.3682661745, rho = -45.122322726044544
nSV = 2456, nBSV = 1160
Total nSV = 2456
..
Warning: using -h 0 may be faster
*
optimization finished, #iter = 2893
C = 595.8555194900873
obj = 329715.51879753737, rho = -39.51017877080163
nSV = 2963, nBSV = 1552
..
Warning: using -h 0 may be faster
*
optimization finished, #iter = 2184
C = 593.4799749906681
obj = 262363.5017904042, rho = -7.935324800698656
nSV = 2092, nBSV = 1031
Total nSV = 2092
..
Warning: using -h 0 may be faster
*
optimization finished, #iter = 2051
C = 573.3318146646021
obj = 250801.89637392983, rho = -2.70701668404631
nSV = 2036, nBSV = 1051
Total nSV = 2036
..
Warning: using -h 0 may be faster
*
optimization finished, #iter = 2129
C = 605.1924289500928
obj = 263269.69735918415, rho = -5.664466892047902
nSV = 2093, nBSV = 1023
Total nSV = 2093
..
Warning: using -h 0 may be faster
*
optimization finished, #iter = 2107
C = 589.1871830461153
obj = 261450.88670358085, rho = -13.848871791725792
nSV = 2080, nBSV = 1023
Total nSV = 2080
..
Warning: using -h 0 may be faster
*
optimization finished, #iter = 2074
C = 599.6070285231051
obj = 265838.68224206474, rho = -8.658075804781172
nSV = 2059, nBSV = 1011
Total nSV = 2059
..
Warning: using -h 0 may be faster
*
optimization finished, #iter = 2617
C = 579.6532726890999
obj = 299861.3093150658, rho = -13.466032229827679
nSV = 2543, nBSV = 1341
Total nSV = 6785
..
Warning: using -h 0 may be faster
*
optimization finished, #iter = 2047
C = 620.8369809156943
obj = 271245.8612640156, rho = -22.804460887168975
nSV = 2100, nBSV = 1014
Total nSV = 2100
..
Warning: using -h 0 may be faster
*
optimization finished, #iter = 2199
C = 657.2024342205018
obj = 298485.58895378205, rho = -0.8876764167701784
nSV = 2109, nBSV = 1001
Total nSV = 2109
..
Warning: using -h 0 may be faster
*
optimization finished, #iter = 2184
C = 616.7600928022189
obj = 272102.6676589659, rho = -15.802314619064644
nSV = 2094, nBSV = 1015
Total nSV = 2094
..
Warning: using -h 0 may be faster
*
optimization finished, #iter = 2258
C = 594.4756424956857
obj = 262632.29410033673, rho = 4.590750137689465
nSV = 2100, nBSV = 1007
Total nSV = 2100
..
Warning: using -h 0 may be faster
*
optimization finished, #iter = 2186
C = 634.3883211581626
obj = 288259.06838451576, rho = -3.6418350808019304
nSV = 2075, nBSV = 979
Total nSV = 2075
..
Warning: using -h 0 may be faster
*
optimization finished, #iter = 2696
C = 613.3824072930324
obj = 321005.9725437323, rho = -20.207460714802014
nSV = 2526, nBSV = 1323
..
Warning: using -h 0 may be faster
*
optimization finished, #iter = 2199
C = 523.1611391107199
obj = 235559.47736217314, rho = 9.69587255431604
nSV = 2341, nBSV = 1239
Total nSV = 2341
..
Warning: using -h 0 may be faster
*
optimization finished, #iter = 2293
C = 584.8772470814029
obj = 273333.10035848396, rho = -24.18573423102261
nSV = 2413, nBSV = 1198
Total nSV = 2413
..
Warning: using -h 0 may be faster
*
optimization finished, #iter = 2275
C = 565.9704216518898
obj = 258508.076740796, rho = -26.614099429449453
nSV = 2402, nBSV = 1233
Total nSV = 2402
..
Warning: using -h 0 may be faster
*
optimization finished, #iter = 2235
C = 508.4636942662764
obj = 224047.2682498344, rho = -25.128451326781157
nSV = 2348, nBSV = 1256
Total nSV = 2348
..
Warning: using -h 0 may be faster
*
optimization finished, #iter = 2323
C = 574.8524201912197
obj = 273149.92735501943, rho = -30.348346748731696
nSV = 2412, nBSV = 1212
Total nSV = 2412
..
Warning: using -h 0 may be faster
*
optimization finished, #iter = 2911
C = 539.2561794845503
obj = 285396.8161906492, rho = 12.685094445876917
nSV = 2926, nBSV = 1577
....
Warning: using -h 0 may be faster
*
optimization finished, #iter = 4415
C = 1725.9378366504009
obj = 1339997.4861667305, rho = 12.666815315179605
nSV = 3695, nBSV = 1333
Total nSV = 3695
....
Warning: using -h 0 may be faster
*
optimization finished, #iter = 4105
C = 1798.3496958366682
obj = 1421142.1779627088, rho = -91.12080611676492
nSV = 3666, nBSV = 1330
Total nSV = 3666
....
Warning: using -h 0 may be faster
*
optimization finished, #iter = 4147
C = 1713.2637955054179
obj = 1346082.9617010453, rho = -93.45773215430991
nSV = 3664, nBSV = 1362
Total nSV = 3664
....
Warning: using -h 0 may be faster
*
optimization finished, #iter = 4139
C = 1742.956800635247
obj = 1359501.1654942299, rho = -94.51840580580888
nSV = 3652, nBSV = 1374
Total nSV = 3652
....
Warning: using -h 0 may be faster
*
optimization finished, #iter = 4325
C = 1844.5026679384323
obj = 1456311.8143474625, rho = -91.93609785252848
nSV = 3686, nBSV = 1332
Total nSV = 3686
.....
Warning: using -h 0 may be faster
*
optimization finished, #iter = 5219
C = 1877.95835018667
obj = 1739303.825520259, rho = 19.044774145313525
nSV = 4457, nBSV = 1780
Total nSV = 6745
..
Warning: using -h 0 may be faster
*
optimization finished, #iter = 2171
C = 538.7387834759406
obj = 252201.15131505416, rho = -32.20503413411268
nSV = 2355, nBSV = 1232
Total nSV = 2355
..
Warning: using -h 0 may be faster
*
optimization finished, #iter = 2129
C = 472.8572918632266
obj = 207192.8608759224, rho = -13.995952306133834
nSV = 2327, nBSV = 1255
Total nSV = 2327
..
Warning: using -h 0 may be faster
*
optimization finished, #iter = 2172
C = 489.94613808728525
obj = 214089.15351707427, rho = -16.81324739863798
nSV = 2317, nBSV = 1255
Total nSV = 2317
..
Warning: using -h 0 may be faster
*
optimization finished, #iter = 2410
C = 552.1535593910571
obj = 249775.9468890573, rho = -29.36198948362098
nSV = 2393, nBSV = 1215
Total nSV = 2393
..
Warning: using -h 0 may be faster
*
optimization finished, #iter = 2368
C = 543.5367865793326
obj = 245570.99674020277, rho = -26.213181667926406
nSV = 2382, nBSV = 1219
Total nSV = 2382
..
Warning: using -h 0 may be faster
*
optimization finished, #iter = 2635
C = 506.2992173349302
obj = 266010.32760792604, rho = 8.810053097300917
nSV = 2862, nBSV = 1590
..
Warning: using -h 0 may be faster
*
optimization finished, #iter = 2090
C = 612.5706402342197
obj = 270455.5653009149, rho = -16.950190689135255
nSV = 2041, nBSV = 1029
Total nSV = 2041
..
Warning: using -h 0 may be faster
*
optimization finished, #iter = 2100
C = 566.2141923515047
obj = 247875.57611170778, rho = -4.258619131748524
nSV = 2042, nBSV = 1042
Total nSV = 2042
..
Warning: using -h 0 may be faster
*
optimization finished, #iter = 2073
C = 597.9563379020312
obj = 259193.10517532038, rho = -13.637161426061047
nSV = 2073, nBSV = 1020
Total nSV = 2073
..
Warning: using -h 0 may be faster
*
optimization finished, #iter = 2089
C = 627.4227138124326
obj = 278243.65571338066, rho = -12.034861215747833
nSV = 2065, nBSV = 1018
Total nSV = 2065
..
Warning: using -h 0 may be faster
*
optimization finished, #iter = 2014
C = 550.9396213418221
obj = 239611.64035115874, rho = -5.367424812745719
nSV = 2061, nBSV = 1058
Total nSV = 2061
..
Warning: using -h 0 may be faster
*
optimization finished, #iter = 2555
C = 582.2340091533399
obj = 299477.98851625936, rho = -9.83459939312091
nSV = 2501, nBSV = 1343
.
Warning: using -h 0 may be faster
...
Warning: using -h 0 may be faster
*
optimization finished, #iter = 4001
C = 1817.914937290254
obj = 1446126.6722545193, rho = -80.96334756813214
nSV = 3654, nBSV = 1320
Total nSV = 3654
....
Warning: using -h 0 may be faster
*
optimization finished, #iter = 4030
C = 1802.2160671688453
obj = 1443203.6059372437, rho = -82.09558640478652
nSV = 3656, nBSV = 1329
Total nSV = 3656
....
Warning: using -h 0 may be faster
*
optimization finished, #iter = 4198
C = 1817.48436101194
obj = 1449126.50599023, rho = -108.09274656809977
nSV = 3674, nBSV = 1320
Total nSV = 3674
....
Warning: using -h 0 may be faster
*
optimization finished, #iter = 4079
C = 1868.0390275435807
obj = 1490655.7549143978, rho = -75.9518536852791
nSV = 3702, nBSV = 1328
Total nSV = 3702
....
Warning: using -h 0 may be faster
*
optimization finished, #iter = 4265
C = 1877.4764465109436
obj = 1518857.6421974984, rho = -67.05567811289761
nSV = 3695, nBSV = 1342
Total nSV = 3695
.....
Warning: using -h 0 may be faster
*
optimization finished, #iter = 5120
C = 1929.3956241702745
obj = 1805335.94282563, rho = -91.48102238008214
nSV = 4504, nBSV = 1739
Total nSV = 6707


=== Predictions under cross-validation ===

 inst#     actual  predicted error distribution
     1  2:neutral  2:neutral       0.296,*0.506,0.198 
     2  2:neutral  2:neutral       0.016,*0.884,0.101 
     3  2:neutral 3:positive   +   0.109,0.276,*0.615 
     4  2:neutral  2:neutral       0.114,*0.571,0.315 
     5  2:neutral  2:neutral       0.049,*0.708,0.243 
     6  2:neutral 1:negative   +   *0.598,0.352,0.05 
     7  2:neutral  2:neutral       0.038,*0.593,0.369 
     8  2:neutral  2:neutral       0.053,*0.865,0.082 
     9  2:neutral  2:neutral       0.108,*0.57,0.322 
    10  2:neutral 1:negative   +   *0.681,0.171,0.148 
    11  2:neutral 3:positive   +   0.025,0.327,*0.648 
    12  2:neutral  2:neutral       0.056,*0.72,0.224 
    13  2:neutral  2:neutral       0.051,*0.712,0.237 
    14  2:neutral  2:neutral       0.029,*0.683,0.288 
    15  2:neutral  2:neutral       0.274,*0.522,0.204 
    16  2:neutral  2:neutral       0.021,*0.677,0.302 
    17  2:neutral 3:positive   +   0.348,0.282,*0.37 
    18  2:neutral  2:neutral       0.296,*0.369,0.335 
    19  2:neutral  2:neutral       0.118,*0.703,0.179 
    20  2:neutral  2:neutral       0.038,*0.883,0.079 
    21  2:neutral  2:neutral       0.326,*0.369,0.305 
    22  2:neutral 3:positive   +   0.095,0.365,*0.54 
    23  2:neutral  2:neutral       0.078,*0.658,0.264 
    24  2:neutral  2:neutral       0.056,*0.6,0.344 
    25  2:neutral  2:neutral       0.091,*0.65,0.259 
    26  2:neutral 1:negative   +   *0.377,0.347,0.277 
    27  2:neutral  2:neutral       0.03,*0.719,0.251 
    28  2:neutral 1:negative   +   *0.533,0.32,0.148 
    29  2:neutral  2:neutral       0.017,*0.566,0.418 
    30  2:neutral 3:positive   +   0.037,0.379,*0.584 
    31  2:neutral  2:neutral       0.348,*0.463,0.189 
    32  2:neutral 1:negative   +   *0.957,0.029,0.014 
    33  2:neutral  2:neutral       0.02,*0.834,0.146 
    34  2:neutral  2:neutral       0.061,*0.729,0.21 
    35  2:neutral  2:neutral       0.156,*0.729,0.114 
    36  2:neutral  2:neutral       0.007,*0.937,0.056 
    37  2:neutral  2:neutral       0.217,*0.608,0.175 
    38  2:neutral  2:neutral       0.125,*0.687,0.188 
    39  2:neutral  2:neutral       0.05,*0.759,0.191 
    40  2:neutral  2:neutral       0.028,*0.651,0.32 
    41  2:neutral  2:neutral       0.093,*0.647,0.259 
    42  2:neutral  2:neutral       0.023,*0.711,0.266 
    43  2:neutral 3:positive   +   0.221,0.131,*0.648 
    44  2:neutral  2:neutral       0.102,*0.544,0.354 
    45  2:neutral  2:neutral       0.037,*0.896,0.066 
    46  2:neutral  2:neutral       0.01,*0.814,0.176 
    47  2:neutral  2:neutral       0.07,*0.55,0.381 
    48  2:neutral 3:positive   +   0.023,0.16,*0.816 
    49  2:neutral  2:neutral       0.058,*0.836,0.107 
    50  2:neutral  2:neutral       0.073,*0.753,0.175 
    51  2:neutral  2:neutral       0.112,*0.785,0.103 
    52  2:neutral  2:neutral       0.267,*0.508,0.225 
    53  2:neutral  2:neutral       0.202,*0.556,0.243 
    54  2:neutral 3:positive   +   0.058,0.422,*0.52 
    55  2:neutral  2:neutral       0.056,*0.656,0.288 
    56  2:neutral  2:neutral       0.087,*0.825,0.088 
    57  2:neutral  2:neutral       0.098,*0.578,0.324 
    58  2:neutral  2:neutral       0.069,*0.472,0.459 
    59  2:neutral  2:neutral       0.103,*0.516,0.381 
    60  2:neutral  2:neutral       0.089,*0.653,0.258 
    61  2:neutral  2:neutral       0.179,*0.713,0.108 
    62  2:neutral  2:neutral       0.086,*0.584,0.331 
    63  2:neutral  2:neutral       0.02,*0.652,0.328 
    64  2:neutral  2:neutral       0.141,*0.602,0.257 
    65  2:neutral  2:neutral       0.161,*0.749,0.09 
    66  2:neutral 3:positive   +   0.079,0.149,*0.772 
    67  2:neutral  2:neutral       0.054,*0.653,0.293 
    68  2:neutral  2:neutral       0.162,*0.546,0.292 
    69  2:neutral 3:positive   +   0.04,0.323,*0.636 
    70  2:neutral  2:neutral       0.061,*0.479,0.46 
    71  2:neutral  2:neutral       0.112,*0.764,0.124 
    72  2:neutral 3:positive   +   0.039,0.209,*0.752 
    73  2:neutral 3:positive   +   0.157,0.289,*0.555 
    74  2:neutral 3:positive   +   0.075,0.42,*0.505 
    75  2:neutral  2:neutral       0.051,*0.769,0.18 
    76  2:neutral  2:neutral       0.116,*0.626,0.258 
    77  2:neutral 3:positive   +   0.102,0.436,*0.462 
    78  2:neutral  2:neutral       0.077,*0.546,0.377 
    79  2:neutral  2:neutral       0.367,*0.529,0.104 
    80  2:neutral  2:neutral       0.042,*0.911,0.046 
    81  2:neutral 3:positive   +   0.353,0.244,*0.402 
    82  2:neutral  2:neutral       0.106,*0.855,0.038 
    83  2:neutral 1:negative   +   *0.513,0.108,0.379 
    84  2:neutral 3:positive   +   0.025,0.113,*0.862 
    85  2:neutral  2:neutral       0.377,*0.444,0.179 
    86  2:neutral  2:neutral       0.047,*0.749,0.204 
    87  2:neutral  2:neutral       0.015,*0.502,0.483 
    88  2:neutral 3:positive   +   0.029,0.464,*0.507 
    89  2:neutral 1:negative   +   *0.51,0.257,0.233 
    90  2:neutral  2:neutral       0.05,*0.837,0.114 
    91  2:neutral  2:neutral       0.068,*0.636,0.295 
    92  2:neutral  2:neutral       0.096,*0.719,0.185 
    93  2:neutral  2:neutral       0.088,*0.662,0.25 
    94  2:neutral 3:positive   +   0.05,0.387,*0.563 
    95  2:neutral 3:positive   +   0.08,0.456,*0.465 
    96  2:neutral  2:neutral       0.08,*0.823,0.097 
    97  2:neutral  2:neutral       0.049,*0.82,0.131 
    98  2:neutral 3:positive   +   0.064,0.266,*0.67 
    99  2:neutral  2:neutral       0.063,*0.783,0.154 
   100  2:neutral  2:neutral       0.127,*0.693,0.18 
   101  2:neutral  2:neutral       0.227,*0.638,0.135 
   102  2:neutral 3:positive   +   0.104,0.355,*0.541 
   103  2:neutral  2:neutral       0.044,*0.716,0.24 
   104  2:neutral  2:neutral       0.17,*0.534,0.296 
   105  2:neutral  2:neutral       0.082,*0.658,0.26 
   106  2:neutral 3:positive   +   0.1,0.189,*0.711 
   107  2:neutral  2:neutral       0.089,*0.641,0.27 
   108  2:neutral  2:neutral       0.044,*0.898,0.058 
   109  2:neutral  2:neutral       0.012,*0.7,0.288 
   110  2:neutral  2:neutral       0.073,*0.823,0.104 
   111  2:neutral  2:neutral       0.083,*0.544,0.373 
   112  2:neutral  2:neutral       0.007,*0.777,0.216 
   113  2:neutral  2:neutral       0.036,*0.523,0.441 
   114  2:neutral 3:positive   +   0.206,0.287,*0.507 
   115  2:neutral  2:neutral       0.047,*0.525,0.428 
   116  2:neutral  2:neutral       0.09,*0.815,0.095 
   117  2:neutral  2:neutral       0.02,*0.951,0.029 
   118  2:neutral  2:neutral       0.072,*0.601,0.327 
   119  2:neutral  2:neutral       0.036,*0.708,0.256 
   120  2:neutral 3:positive   +   0.052,0.295,*0.653 
   121  2:neutral  2:neutral       0.066,*0.618,0.316 
   122  2:neutral 3:positive   +   0.089,0.218,*0.694 
   123  2:neutral  2:neutral       0.055,*0.885,0.06 
   124  2:neutral  2:neutral       0.075,*0.715,0.21 
   125  2:neutral  2:neutral       0.289,*0.569,0.142 
   126  2:neutral 3:positive   +   0.063,0.383,*0.553 
   127  2:neutral  2:neutral       0.021,*0.85,0.129 
   128  2:neutral 3:positive   +   0.024,0.419,*0.557 
   129  2:neutral  2:neutral       0.116,*0.606,0.278 
   130  2:neutral  2:neutral       0.04,*0.575,0.385 
   131  2:neutral  2:neutral       0.351,*0.38,0.269 
   132  2:neutral  2:neutral       0.075,*0.669,0.256 
   133  2:neutral  2:neutral       0.037,*0.849,0.114 
   134  2:neutral  2:neutral       0.033,*0.759,0.209 
   135  2:neutral  2:neutral       0.019,*0.703,0.278 
   136  2:neutral  2:neutral       0.013,*0.751,0.237 
   137  2:neutral  2:neutral       0.107,*0.648,0.245 
   138  2:neutral  2:neutral       0.061,*0.509,0.43 
   139  2:neutral  2:neutral       0.125,*0.643,0.233 
   140  2:neutral  2:neutral       0.204,*0.496,0.301 
   141  2:neutral  2:neutral       0.027,*0.674,0.3 
   142  2:neutral  2:neutral       0.177,*0.643,0.18 
   143  2:neutral  2:neutral       0.198,*0.482,0.32 
   144  2:neutral  2:neutral       0.142,*0.68,0.178 
   145  2:neutral  2:neutral       0.326,*0.34,0.333 
   146  2:neutral  2:neutral       0.213,*0.644,0.143 
   147  2:neutral  2:neutral       0.029,*0.749,0.222 
   148  2:neutral  2:neutral       0.079,*0.697,0.224 
   149  2:neutral 3:positive   +   0.169,0.281,*0.55 
   150  2:neutral  2:neutral       0.078,*0.77,0.152 
   151  2:neutral  2:neutral       0.061,*0.817,0.123 
   152  2:neutral  2:neutral       0.021,*0.931,0.049 
   153  2:neutral  2:neutral       0.018,*0.837,0.145 
   154  2:neutral  2:neutral       0.212,*0.61,0.178 
   155  2:neutral  2:neutral       0.131,*0.459,0.41 
   156  2:neutral 3:positive   +   0.086,0.286,*0.628 
   157  2:neutral  2:neutral       0.042,*0.673,0.285 
   158  2:neutral  2:neutral       0.045,*0.743,0.212 
   159  2:neutral  2:neutral       0.111,*0.788,0.101 
   160  2:neutral  2:neutral       0.023,*0.731,0.246 
   161  2:neutral  2:neutral       0.131,*0.623,0.247 
   162  2:neutral  2:neutral       0.018,*0.878,0.104 
   163  2:neutral  2:neutral       0.025,*0.745,0.231 
   164  2:neutral  2:neutral       0.328,*0.421,0.252 
   165  2:neutral  2:neutral       0.088,*0.691,0.221 
   166  2:neutral  2:neutral       0.072,*0.76,0.168 
   167  2:neutral 3:positive   +   0.046,0.465,*0.489 
   168  2:neutral  2:neutral       0.033,*0.768,0.198 
   169  2:neutral  2:neutral       0.098,*0.662,0.24 
   170  2:neutral  2:neutral       0.157,*0.747,0.096 
   171  2:neutral 3:positive   +   0.069,0.442,*0.489 
   172  2:neutral  2:neutral       0.193,*0.426,0.381 
   173  2:neutral 1:negative   +   *0.68,0.283,0.037 
   174  2:neutral  2:neutral       0.108,*0.565,0.327 
   175  2:neutral  2:neutral       0.047,*0.691,0.262 
   176  2:neutral 3:positive   +   0.223,0.352,*0.425 
   177  2:neutral  2:neutral       0.06,*0.875,0.064 
   178  2:neutral  2:neutral       0.27,*0.578,0.152 
   179  2:neutral  2:neutral       0.104,*0.526,0.37 
   180  2:neutral  2:neutral       0.048,*0.765,0.187 
   181  2:neutral  2:neutral       0.073,*0.716,0.211 
   182  2:neutral 1:negative   +   *0.643,0.268,0.089 
   183  2:neutral  2:neutral       0.078,*0.682,0.24 
   184  2:neutral 3:positive   +   0.107,0.351,*0.542 
   185  2:neutral  2:neutral       0.114,*0.578,0.308 
   186  2:neutral  2:neutral       0.011,*0.854,0.135 
   187  2:neutral  2:neutral       0.063,*0.591,0.346 
   188  2:neutral 3:positive   +   0.171,0.382,*0.447 
   189  2:neutral  2:neutral       0.429,*0.441,0.13 
   190  2:neutral  2:neutral       0.416,*0.471,0.112 
   191  2:neutral  2:neutral       0.179,*0.673,0.148 
   192  2:neutral  2:neutral       0.062,*0.783,0.155 
   193  2:neutral  2:neutral       0.008,*0.756,0.236 
   194  2:neutral  2:neutral       0.091,*0.762,0.147 
   195  2:neutral 3:positive   +   0.054,0.41,*0.536 
   196  2:neutral  2:neutral       0.115,*0.649,0.237 
   197  2:neutral  2:neutral       0.054,*0.529,0.417 
   198  2:neutral  2:neutral       0.339,*0.472,0.188 
   199  2:neutral 3:positive   +   0.082,0.295,*0.623 
   200  2:neutral  2:neutral       0.035,*0.734,0.23 
   201  2:neutral  2:neutral       0.066,*0.813,0.121 
   202  2:neutral  2:neutral       0.147,*0.559,0.294 
   203  2:neutral 3:positive   +   0.039,0.408,*0.553 
   204  2:neutral  2:neutral       0.017,*0.944,0.038 
   205  2:neutral  2:neutral       0.015,*0.658,0.327 
   206  2:neutral  2:neutral       0.157,*0.616,0.227 
   207  2:neutral 3:positive   +   0.03,0.419,*0.551 
   208  2:neutral  2:neutral       0.014,*0.898,0.088 
   209  2:neutral  2:neutral       0.029,*0.899,0.072 
   210  2:neutral 3:positive   +   0.334,0.3,*0.366 
   211  2:neutral  2:neutral       0.021,*0.849,0.13 
   212  2:neutral  2:neutral       0.033,*0.844,0.123 
   213  2:neutral  2:neutral       0.048,*0.513,0.439 
   214  2:neutral  2:neutral       0.045,*0.607,0.348 
   215  2:neutral  2:neutral       0.228,*0.631,0.141 
   216  2:neutral  2:neutral       0.064,*0.59,0.346 
   217  2:neutral  2:neutral       0.051,*0.848,0.1 
   218  2:neutral  2:neutral       0.312,*0.382,0.306 
   219  2:neutral  2:neutral       0.133,*0.447,0.42 
   220  2:neutral  2:neutral       0.088,*0.583,0.329 
   221  2:neutral 1:negative   +   *0.586,0.266,0.149 
   222  2:neutral  2:neutral       0.098,*0.534,0.368 
   223  2:neutral  2:neutral       0.028,*0.506,0.466 
   224  2:neutral  2:neutral       0.091,*0.772,0.137 
   225  2:neutral  2:neutral       0.026,*0.865,0.109 
   226  2:neutral  2:neutral       0.052,*0.774,0.175 
   227  2:neutral  2:neutral       0.029,*0.823,0.148 
   228  2:neutral 3:positive   +   0.052,0.264,*0.684 
   229  2:neutral  2:neutral       0.021,*0.525,0.454 
   230  2:neutral 1:negative   +   *0.374,0.316,0.31 
   231  2:neutral  2:neutral       0.064,*0.833,0.103 
   232  2:neutral  2:neutral       0.305,*0.46,0.236 
   233  2:neutral  2:neutral       0.169,*0.424,0.407 
   234  2:neutral  2:neutral       0.054,*0.528,0.417 
   235  2:neutral  2:neutral       0.309,*0.588,0.104 
   236  2:neutral 3:positive   +   0.067,0.44,*0.493 
   237  2:neutral 3:positive   +   0.056,0.238,*0.707 
   238  2:neutral  2:neutral       0.222,*0.644,0.134 
   239  2:neutral  2:neutral       0.116,*0.47,0.415 
   240  2:neutral  2:neutral       0.073,*0.727,0.199 
   241  2:neutral 1:negative   +   *0.385,0.325,0.29 
   242  2:neutral  2:neutral       0.05,*0.58,0.371 
   243  2:neutral 3:positive   +   0.025,0.36,*0.615 
   244  2:neutral  2:neutral       0.036,*0.807,0.157 
   245  2:neutral  2:neutral       0.127,*0.734,0.139 
   246  2:neutral 3:positive   +   0.016,0.486,*0.498 
   247  2:neutral  2:neutral       0.008,*0.934,0.058 
   248  2:neutral  2:neutral       0.076,*0.482,0.442 
   249  2:neutral  2:neutral       0.167,*0.431,0.402 
   250  2:neutral  2:neutral       0.031,*0.791,0.178 
   251  2:neutral  2:neutral       0.06,*0.633,0.307 
   252  2:neutral 3:positive   +   0.022,0.287,*0.691 
   253  2:neutral  2:neutral       0.094,*0.598,0.309 
   254  2:neutral  2:neutral       0.089,*0.767,0.144 
   255  2:neutral  2:neutral       0.032,*0.812,0.156 
   256  2:neutral  2:neutral       0.065,*0.573,0.361 
   257  2:neutral  2:neutral       0.089,*0.641,0.27 
   258  2:neutral  2:neutral       0.079,*0.858,0.063 
   259  2:neutral  2:neutral       0.132,*0.576,0.292 
   260  2:neutral  2:neutral       0.146,*0.799,0.054 
   261  2:neutral 3:positive   +   0.026,0.482,*0.493 
   262  2:neutral  2:neutral       0.052,*0.78,0.168 
   263  2:neutral  2:neutral       0.078,*0.51,0.413 
   264  2:neutral  2:neutral       0.037,*0.875,0.088 
   265  2:neutral  2:neutral       0.085,*0.643,0.272 
   266  2:neutral  2:neutral       0.029,*0.813,0.157 
   267  2:neutral 3:positive   +   0.152,0.282,*0.566 
   268  2:neutral  2:neutral       0.217,*0.676,0.108 
   269  2:neutral  2:neutral       0.226,*0.476,0.298 
   270  2:neutral 3:positive   +   0.106,0.445,*0.449 
   271  2:neutral  2:neutral       0.317,*0.397,0.286 
   272  2:neutral  2:neutral       0.072,*0.637,0.291 
   273  2:neutral  2:neutral       0.198,*0.627,0.174 
   274  2:neutral  2:neutral       0.086,*0.489,0.425 
   275  2:neutral 1:negative   +   *0.601,0.082,0.316 
   276  2:neutral  2:neutral       0.037,*0.797,0.166 
   277  2:neutral 3:positive   +   0.016,0.443,*0.541 
   278  2:neutral  2:neutral       0.023,*0.515,0.462 
   279  2:neutral 1:negative   +   *0.578,0.169,0.254 
   280  2:neutral  2:neutral       0.019,*0.513,0.468 
   281  2:neutral  2:neutral       0.033,*0.534,0.434 
   282  2:neutral  2:neutral       0.039,*0.91,0.051 
   283  2:neutral 3:positive   +   0.286,0.356,*0.358 
   284  2:neutral 3:positive   +   0.055,0.39,*0.555 
   285  2:neutral  2:neutral       0.017,*0.863,0.121 
   286  2:neutral  2:neutral       0.018,*0.677,0.305 
   287  2:neutral  2:neutral       0.041,*0.867,0.093 
   288  2:neutral  2:neutral       0.135,*0.749,0.116 
   289  2:neutral  2:neutral       0.06,*0.742,0.198 
   290  2:neutral 3:positive   +   0.008,0.464,*0.528 
   291  2:neutral  2:neutral       0.134,*0.66,0.207 
   292  2:neutral 1:negative   +   *0.684,0.156,0.159 
   293  2:neutral 3:positive   +   0.067,0.421,*0.512 
   294  2:neutral 3:positive   +   0.091,0.389,*0.52 
   295  2:neutral  2:neutral       0.099,*0.862,0.039 
   296  2:neutral  2:neutral       0.075,*0.669,0.256 
   297  2:neutral 3:positive   +   0.164,0.264,*0.572 
   298  2:neutral  2:neutral       0.009,*0.726,0.265 
   299  2:neutral  2:neutral       0.135,*0.58,0.285 
   300  2:neutral  2:neutral       0.133,*0.796,0.071 
   301  2:neutral  2:neutral       0.05,*0.636,0.314 
   302  2:neutral  2:neutral       0.083,*0.782,0.135 
   303  2:neutral 3:positive   +   0.047,0.259,*0.694 
   304  2:neutral  2:neutral       0.153,*0.568,0.279 
   305  2:neutral  2:neutral       0.023,*0.881,0.097 
   306  2:neutral  2:neutral       0.033,*0.61,0.357 
   307  2:neutral  2:neutral       0.063,*0.808,0.129 
   308  2:neutral  2:neutral       0.047,*0.908,0.045 
   309  2:neutral 3:positive   +   0.025,0.142,*0.833 
   310  2:neutral  2:neutral       0.091,*0.885,0.024 
   311  2:neutral  2:neutral       0.192,*0.538,0.27 
   312  2:neutral  2:neutral       0.087,*0.783,0.13 
   313  2:neutral  2:neutral       0.058,*0.594,0.348 
   314  2:neutral  2:neutral       0.129,*0.686,0.184 
   315  2:neutral 3:positive   +   0.025,0.469,*0.506 
   316  2:neutral 3:positive   +   0.041,0.313,*0.646 
   317  2:neutral  2:neutral       0.081,*0.83,0.089 
   318  2:neutral  2:neutral       0.116,*0.772,0.111 
   319  2:neutral  2:neutral       0.109,*0.471,0.42 
   320  2:neutral  2:neutral       0.115,*0.559,0.326 
   321  2:neutral  2:neutral       0.085,*0.753,0.162 
   322  2:neutral  2:neutral       0.068,*0.734,0.197 
   323  2:neutral  2:neutral       0.078,*0.742,0.18 
   324  2:neutral  2:neutral       0.062,*0.774,0.164 
   325  2:neutral  2:neutral       0.044,*0.794,0.163 
   326  2:neutral  2:neutral       0.061,*0.711,0.228 
   327  2:neutral 1:negative   +   *0.992,0.004,0.004 
   328  2:neutral 1:negative   +   *0.714,0.264,0.022 
   329  2:neutral 1:negative   +   *0.515,0.363,0.122 
   330  2:neutral  2:neutral       0.042,*0.864,0.093 
   331  2:neutral  2:neutral       0.078,*0.551,0.371 
   332  2:neutral  2:neutral       0.066,*0.741,0.193 
   333  2:neutral  2:neutral       0.014,*0.893,0.093 
   334  2:neutral 1:negative   +   *0.514,0.291,0.195 
   335  2:neutral 3:positive   +   0.022,0.279,*0.699 
   336  2:neutral  2:neutral       0.088,*0.513,0.399 
   337  2:neutral  2:neutral       0.059,*0.686,0.255 
   338  2:neutral  2:neutral       0.081,*0.478,0.441 
   339  2:neutral  2:neutral       0.061,*0.801,0.138 
   340  2:neutral  2:neutral       0.302,*0.417,0.281 
   341  2:neutral  2:neutral       0.047,*0.542,0.411 
   342  2:neutral 3:positive   +   0.088,0.205,*0.707 
   343  2:neutral  2:neutral       0.146,*0.643,0.211 
   344  2:neutral  2:neutral       0.022,*0.789,0.189 
   345  2:neutral  2:neutral       0.014,*0.794,0.192 
   346  2:neutral  2:neutral       0.085,*0.713,0.202 
   347  2:neutral  2:neutral       0.089,*0.641,0.27 
   348  2:neutral 1:negative   +   *0.389,0.323,0.288 
   349  2:neutral  2:neutral       0.17,*0.565,0.265 
   350  2:neutral  2:neutral       0.029,*0.818,0.154 
   351  2:neutral  2:neutral       0.05,*0.673,0.277 
   352  2:neutral  2:neutral       0.023,*0.83,0.148 
   353  2:neutral  2:neutral       0.227,*0.643,0.13 
