Zero Weights processed. Default weights will be used
.
Warning: using -h 0 may be faster
*
optimization finished, #iter = 1921
C = 347.68456429788773
obj = 165248.13627893705, rho = -2.6968230247497496
nSV = 2574, nBSV = 1772
Total nSV = 2574
.
Warning: using -h 0 may be faster
*
optimization finished, #iter = 1821
C = 329.7058860882068
obj = 158349.33175614715, rho = -1.2946858163425645
nSV = 2550, nBSV = 1782
Total nSV = 2550
.
Warning: using -h 0 may be faster
*
optimization finished, #iter = 1829
C = 282.678343630565
obj = 125590.35344618895, rho = -3.9162262506770698
nSV = 2515, nBSV = 1824
Total nSV = 2515
.
Warning: using -h 0 may be faster
*
optimization finished, #iter = 1758
C = 281.4104933825587
obj = 126615.87330915948, rho = -2.758246002837531
nSV = 2504, nBSV = 1820
Total nSV = 2504
.
Warning: using -h 0 may be faster
*
optimization finished, #iter = 1781
C = 320.8493279527145
obj = 147044.37618329696, rho = -7.253574552913486
nSV = 2551, nBSV = 1814
Total nSV = 2551
.
Warning: using -h 0 may be faster
.
Warning: using -h 0 may be faster
*
optimization finished, #iter = 2275
C = 284.7366340331487
obj = 153141.29484985792, rho = -1.9002219845924715
nSV = 3117, nBSV = 2283
...
Warning: using -h 0 may be faster
*
optimization finished, #iter = 3880
C = 1194.3322858247195
obj = 1140820.9123016624, rho = 13.303607452873328
nSV = 4585, nBSV = 2329
Total nSV = 4585
.
Warning: using -h 0 may be faster
..
Warning: using -h 0 may be faster
*
optimization finished, #iter = 3835
C = 1168.3390753614974
obj = 1104589.8730577407, rho = -61.800391159623835
nSV = 4589, nBSV = 2369
Total nSV = 4589
....
Warning: using -h 0 may be faster
*
optimization finished, #iter = 4007
C = 1135.496341174441
obj = 1082432.0708577018, rho = -60.838817626338546
nSV = 4620, nBSV = 2375
Total nSV = 4620
....
Warning: using -h 0 may be faster
*
optimization finished, #iter = 4060
C = 1228.4379045995122
obj = 1179624.8844851407, rho = -82.20326106493165
nSV = 4623, nBSV = 2341
Total nSV = 4623
....
Warning: using -h 0 may be faster
*
optimization finished, #iter = 4027
C = 1236.9105495627955
obj = 1188406.1471268223, rho = -69.5406558731745
nSV = 4621, nBSV = 2335
Total nSV = 4621
.
Warning: using -h 0 may be faster
....
Warning: using -h 0 may be faster
*
optimization finished, #iter = 5169
C = 1218.2914643685185
obj = 1342983.914687031, rho = 22.00454045628596
nSV = 5647, nBSV = 3021
.
Warning: using -h 0 may be faster
*
optimization finished, #iter = 1977
C = 340.85495306953186
obj = 171565.8919997751, rho = -19.19787186933803
nSV = 3001, nBSV = 2054
Total nSV = 3001
..
Warning: using -h 0 may be faster
*
optimization finished, #iter = 2053
C = 318.74486623109516
obj = 155468.44791796562, rho = -14.754157733621476
nSV = 3002, nBSV = 2045
Total nSV = 3002
..
Warning: using -h 0 may be faster
*
optimization finished, #iter = 2051
C = 293.71394227742985
obj = 142407.1709141812, rho = -13.363358569328918
nSV = 2983, nBSV = 2098
Total nSV = 2983
..
Warning: using -h 0 may be faster
*
optimization finished, #iter = 2084
C = 339.98332984307814
obj = 169452.45518489732, rho = -14.014222697595134
nSV = 3031, nBSV = 2035
Total nSV = 3031
..
Warning: using -h 0 may be faster
*
optimization finished, #iter = 2035
C = 314.67541978423134
obj = 153043.404983827, rho = -17.61315458746385
nSV = 2997, nBSV = 2057
Total nSV = 2997
.
Warning: using -h 0 may be faster
.
Warning: using -h 0 may be faster
*
optimization finished, #iter = 2527
C = 298.8980497023326
obj = 169207.00990762952, rho = 11.59686268887565
nSV = 3648, nBSV = 2641
Total nSV = 8421
.
Warning: using -h 0 may be faster
*
optimization finished, #iter = 1407
C = 289.22741473888703
obj = 107422.9049846564, rho = 1.0096460209339777
nSV = 2041, nBSV = 1430
Total nSV = 2041
.
Warning: using -h 0 may be faster
*
optimization finished, #iter = 1446
C = 301.1709601971479
obj = 115965.86763899907, rho = 6.101086032013074
nSV = 2052, nBSV = 1413
Total nSV = 2052
.
Warning: using -h 0 may be faster
*
optimization finished, #iter = 1502
C = 357.84770683628244
obj = 141746.8902346172, rho = 0.613822633604435
nSV = 2101, nBSV = 1400
Total nSV = 2101
.
Warning: using -h 0 may be faster
*
optimization finished, #iter = 1503
C = 338.86121853882184
obj = 136817.01218508935, rho = 2.90793641329734
nSV = 2085, nBSV = 1404
Total nSV = 2085
.
Warning: using -h 0 may be faster
*
optimization finished, #iter = 1453
C = 332.2355489924121
obj = 129913.41383564165, rho = 3.864155465670002
nSV = 2069, nBSV = 1397
Total nSV = 2069
.
Warning: using -h 0 may be faster
*
optimization finished, #iter = 1784
C = 301.78008407500994
obj = 138540.77362269023, rho = 3.0502539762702234
nSV = 2544, nBSV = 1802
...
Warning: using -h 0 may be faster
*
optimization finished, #iter = 3393
C = 1147.1622954165202
obj = 928004.2375647485, rho = 38.60267824989943
nSV = 3806, nBSV = 1800
Total nSV = 3806
...
Warning: using -h 0 may be faster
*
optimization finished, #iter = 3453
C = 1230.3010211981757
obj = 1022185.767032841, rho = -57.9749850197748
nSV = 3835, nBSV = 1763
Total nSV = 3835
...
Warning: using -h 0 may be faster
*
optimization finished, #iter = 3225
C = 1118.7373323833617
obj = 906863.5121945135, rho = -65.66865939483716
nSV = 3756, nBSV = 1836
Total nSV = 3756
...
Warning: using -h 0 may be faster
*
optimization finished, #iter = 3316
C = 1186.8442028422676
obj = 992225.3875596254, rho = -70.16877319270775
nSV = 3791, nBSV = 1790
Total nSV = 3791
...
Warning: using -h 0 may be faster
*
optimization finished, #iter = 3173
C = 1108.7349150089628
obj = 890889.9670936939, rho = -50.10685646119009
nSV = 3738, nBSV = 1840
Total nSV = 3738
.
Warning: using -h 0 may be faster
..
Warning: using -h 0 may be faster
*
optimization finished, #iter = 3906
C = 1136.7921101849358
obj = 1055530.2997277707, rho = 23.88157025176284
nSV = 4606, nBSV = 2338
.
Warning: using -h 0 may be faster
*
optimization finished, #iter = 1718
C = 324.5033565666133
obj = 135827.9468314303, rho = -13.06821994258605
nSV = 2445, nBSV = 1598
Total nSV = 2445
.
Warning: using -h 0 may be faster
*
optimization finished, #iter = 1662
C = 357.1789956537584
obj = 157081.35259476028, rho = 7.447794820163721
nSV = 2441, nBSV = 1601
Total nSV = 2441
.
Warning: using -h 0 may be faster
*
optimization finished, #iter = 1619
C = 280.84679934205906
obj = 110145.24701154615, rho = 6.224241460370114
nSV = 2409, nBSV = 1650
Total nSV = 2409
.
Warning: using -h 0 may be faster
*
optimization finished, #iter = 1655
C = 371.00729080024547
obj = 160166.05464305246, rho = 7.133767989987701
nSV = 2460, nBSV = 1596
Total nSV = 2460
.
Warning: using -h 0 may be faster
*
optimization finished, #iter = 1676
C = 374.18457371301844
obj = 164273.9583056742, rho = 5.35574240027269
nSV = 2456, nBSV = 1584
Total nSV = 2456
..
Warning: using -h 0 may be faster
*
optimization finished, #iter = 2090
C = 319.23720029490426
obj = 157466.0585119164, rho = 8.556179994454082
nSV = 3003, nBSV = 2060
Total nSV = 6829
.
Warning: using -h 0 may be faster
*
optimization finished, #iter = 1468
C = 339.2568441713625
obj = 134002.40249071902, rho = -2.2551645804169556
nSV = 2089, nBSV = 1408
Total nSV = 2089
.
Warning: using -h 0 may be faster
*
optimization finished, #iter = 1457
C = 353.4858224793826
obj = 140234.2923026558, rho = -3.609632166886398
nSV = 2086, nBSV = 1397
Total nSV = 2086
.
Warning: using -h 0 may be faster
*
optimization finished, #iter = 1493
C = 330.9500600949384
obj = 131735.2283068237, rho = -5.4539831342793565
nSV = 2067, nBSV = 1412
Total nSV = 2067
.
Warning: using -h 0 may be faster
*
optimization finished, #iter = 1459
C = 338.2055209299494
obj = 134066.88920241373, rho = -2.8857547435812276
nSV = 2076, nBSV = 1403
Total nSV = 2076
.
Warning: using -h 0 may be faster
*
optimization finished, #iter = 1538
C = 352.29234159440034
obj = 141324.5445989043, rho = -6.771257307864996
nSV = 2080, nBSV = 1392
Total nSV = 2080
.
Warning: using -h 0 may be faster
*
optimization finished, #iter = 1834
C = 317.5906871161697
obj = 146960.39798727128, rho = -2.1614919851054957
nSV = 2572, nBSV = 1805
...
Warning: using -h 0 may be faster
*
optimization finished, #iter = 3183
C = 1110.5729054704934
obj = 883804.4437130457, rho = -72.85553366661951
nSV = 3763, nBSV = 1815
Total nSV = 3763
...
Warning: using -h 0 may be faster
*
optimization finished, #iter = 3292
C = 1164.7931595634848
obj = 945888.5625773355, rho = 11.423833696800811
nSV = 3752, nBSV = 1810
Total nSV = 3752
...
Warning: using -h 0 may be faster
*
optimization finished, #iter = 3288
C = 1162.0396026874896
obj = 938164.5374780642, rho = 4.871496569643259
nSV = 3793, nBSV = 1765
Total nSV = 3793
...
Warning: using -h 0 may be faster
*
optimization finished, #iter = 3249
C = 1149.5383813843077
obj = 925062.6730874034, rho = 21.12664297285233
nSV = 3774, nBSV = 1786
Total nSV = 3774
...
Warning: using -h 0 may be faster
*
optimization finished, #iter = 3222
C = 1099.2590788207885
obj = 880650.2613220972, rho = 1.797554170344027
nSV = 3767, nBSV = 1798
Total nSV = 3767
...
Warning: using -h 0 may be faster
*.
Warning: using -h 0 may be faster
*
optimization finished, #iter = 4026
C = 1164.4005108329013
obj = 1096340.9894252722, rho = 15.931621920145165
nSV = 4592, nBSV = 2346
.
Warning: using -h 0 may be faster
*
optimization finished, #iter = 1631
C = 376.27675226985866
obj = 165448.95258691892, rho = -19.230262045961357
nSV = 2472, nBSV = 1587
Total nSV = 2472
.
Warning: using -h 0 may be faster
*
optimization finished, #iter = 1646
C = 314.4004907944938
obj = 124913.53348644987, rho = -14.689221711784146
nSV = 2430, nBSV = 1625
Total nSV = 2430
.
Warning: using -h 0 may be faster
*
optimization finished, #iter = 1765
C = 354.28664800507823
obj = 151626.61678764003, rho = -9.65319152155124
nSV = 2487, nBSV = 1592
Total nSV = 2487
.
Warning: using -h 0 may be faster
*
optimization finished, #iter = 1704
C = 350.96483204784283
obj = 151217.92206885768, rho = -11.291295376938915
nSV = 2451, nBSV = 1589
Total nSV = 2451
.
Warning: using -h 0 may be faster
*
optimization finished, #iter = 1697
C = 337.1985630610755
obj = 138852.76991306074, rho = -13.722539293712222
nSV = 2452, nBSV = 1616
Total nSV = 2452
.
Warning: using -h 0 may be faster
*
optimization finished, #iter = 1981
C = 321.7555863847284
obj = 156165.49786614516, rho = 9.797252894315804
nSV = 2990, nBSV = 2064
Total nSV = 6862
...
Warning: using -h 0 may be faster
*
optimization finished, #iter = 3436
C = 1175.1700366190496
obj = 936239.359667225, rho = -56.78317554172015
nSV = 3790, nBSV = 1822
Total nSV = 3790
...
Warning: using -h 0 may be faster
*
optimization finished, #iter = 3352
C = 1283.4576955716934
obj = 1081757.0525192914, rho = -78.60017015657144
nSV = 3819, nBSV = 1778
Total nSV = 3819
...
Warning: using -h 0 may be faster
*
optimization finished, #iter = 3255
C = 1202.3598692987302
obj = 986634.3973724124, rho = -64.82748930889369
nSV = 3846, nBSV = 1790
Total nSV = 3846
...
Warning: using -h 0 may be faster
*
optimization finished, #iter = 3315
C = 1164.3108634473288
obj = 973790.9638370503, rho = -50.49552804927263
nSV = 3764, nBSV = 1805
Total nSV = 3764
...
Warning: using -h 0 may be faster
*
optimization finished, #iter = 3325
C = 1231.4604240924707
obj = 1026724.9173726137, rho = -50.66046482781934
nSV = 3822, nBSV = 1804
Total nSV = 3822
....
Warning: using -h 0 may be faster
*.
Warning: using -h 0 may be faster
*
optimization finished, #iter = 4183
C = 1247.9687499656427
obj = 1204431.8830019063, rho = -69.92167446440392
nSV = 4657, nBSV = 2335
.
Warning: using -h 0 may be faster
*
optimization finished, #iter = 1724
C = 372.8647802565645
obj = 164556.81662407273, rho = -12.538988484956102
nSV = 2486, nBSV = 1581
Total nSV = 2486
.
Warning: using -h 0 may be faster
*
optimization finished, #iter = 1727
C = 381.49649197328927
obj = 168331.44349381095, rho = -21.709846279346724
nSV = 2473, nBSV = 1572
Total nSV = 2473
.
Warning: using -h 0 may be faster
*
optimization finished, #iter = 1711
C = 384.3680277464783
obj = 167794.4866700779, rho = -16.536683320604226
nSV = 2472, nBSV = 1586
Total nSV = 2472
.
Warning: using -h 0 may be faster
*
optimization finished, #iter = 1736
C = 378.4916631356092
obj = 166323.16768327114, rho = -21.833959320513966
nSV = 2479, nBSV = 1578
Total nSV = 2479
.
Warning: using -h 0 may be faster
*
optimization finished, #iter = 1740
C = 417.56559629299005
obj = 190904.49395646248, rho = -14.442272987694182
nSV = 2507, nBSV = 1531
Total nSV = 2507
..
Warning: using -h 0 may be faster
*
optimization finished, #iter = 2096
C = 367.886720777775
obj = 190241.96453380169, rho = -20.622055589258522
nSV = 3042, nBSV = 1998
.
Warning: using -h 0 may be faster
*
optimization finished, #iter = 1530
C = 379.4329941369455
obj = 154416.8635153221, rho = -6.7180660808398756
nSV = 2098, nBSV = 1384
Total nSV = 2098
.
Warning: using -h 0 may be faster
*
optimization finished, #iter = 1592
C = 355.68984429772263
obj = 144794.30084323356, rho = -0.041279501725785615
nSV = 2122, nBSV = 1381
Total nSV = 2122
.
Warning: using -h 0 may be faster
*
optimization finished, #iter = 1474
C = 327.8240344324081
obj = 133414.41151080126, rho = -0.5761175354647381
nSV = 2067, nBSV = 1401
Total nSV = 2067
.
Warning: using -h 0 may be faster
*
optimization finished, #iter = 1492
C = 331.91694944349416
obj = 130344.0625188098, rho = -1.0823778403666044
nSV = 2077, nBSV = 1405
Total nSV = 2077
.
Warning: using -h 0 may be faster
*
optimization finished, #iter = 1510
C = 355.9302454572246
obj = 144045.35193859224, rho = 3.1821908902748857
nSV = 2073, nBSV = 1390
Total nSV = 2073
.
Warning: using -h 0 may be faster
*
optimization finished, #iter = 1845
C = 322.0086366643856
obj = 150842.44458598035, rho = -1.3311311193339352
nSV = 2562, nBSV = 1793
Total nSV = 6895
.
Warning: using -h 0 may be faster
*
optimization finished, #iter = 1431
C = 344.02620386902845
obj = 138695.49437197341, rho = -3.4377143891552455
nSV = 2049, nBSV = 1414
Total nSV = 2049
.
Warning: using -h 0 may be faster
*
optimization finished, #iter = 1457
C = 315.3479591085494
obj = 124394.86548459943, rho = 2.1688964697004183
nSV = 2053, nBSV = 1417
Total nSV = 2053
.
Warning: using -h 0 may be faster
*
optimization finished, #iter = 1563
C = 354.55452501600513
obj = 143381.83482915975, rho = 5.797954773220262
nSV = 2104, nBSV = 1407
Total nSV = 2104
.
Warning: using -h 0 may be faster
*
optimization finished, #iter = 1475
C = 332.464547306903
obj = 131121.2912356273, rho = 5.411104134370996
nSV = 2079, nBSV = 1408
Total nSV = 2079
.
Warning: using -h 0 may be faster
*
optimization finished, #iter = 1438
C = 341.39806540711476
obj = 132923.25134547034, rho = 2.431968421537662
nSV = 2071, nBSV = 1416
Total nSV = 2071
.
Warning: using -h 0 may be faster
*
optimization finished, #iter = 1843
C = 314.1371902494132
obj = 146035.02465655984, rho = -7.872436157349028
nSV = 2543, nBSV = 1809
.
Warning: using -h 0 may be faster
*
optimization finished, #iter = 1687
C = 368.78721997443364
obj = 160664.48823196147, rho = -11.12888020323434
nSV = 2474, nBSV = 1586
Total nSV = 2474
.
Warning: using -h 0 may be faster
*
optimization finished, #iter = 1650
C = 301.39994067804406
obj = 123739.4818413394, rho = -13.459215168254932
nSV = 2417, nBSV = 1636
Total nSV = 2417
.
Warning: using -h 0 may be faster
*
optimization finished, #iter = 1595
C = 293.0232135876421
obj = 118684.44026347714, rho = -9.95118506316959
nSV = 2408, nBSV = 1646
Total nSV = 2408
.
Warning: using -h 0 may be faster
*
optimization finished, #iter = 1744
C = 360.45741138229965
obj = 156228.4906599266, rho = -13.385807524262736
nSV = 2462, nBSV = 1601
Total nSV = 2462
.
Warning: using -h 0 may be faster
*
optimization finished, #iter = 1683
C = 338.09774014917747
obj = 141381.2771066643, rho = -13.360241748072626
nSV = 2436, nBSV = 1614
Total nSV = 2436
.
Warning: using -h 0 may be faster
*
optimization finished, #iter = 1938
C = 305.0667663171683
obj = 146150.57188179914, rho = 7.017215775560175
nSV = 2994, nBSV = 2094
...
Warning: using -h 0 may be faster
*
optimization finished, #iter = 3170
C = 1145.1198789590944
obj = 927979.8267250246, rho = 6.223028326285206
nSV = 3732, nBSV = 1832
Total nSV = 3732
...
Warning: using -h 0 may be faster
*
optimization finished, #iter = 3210
C = 1114.7194332483846
obj = 903385.0871507885, rho = -55.48115339249655
nSV = 3757, nBSV = 1835
Total nSV = 3757
...
Warning: using -h 0 may be faster
*
optimization finished, #iter = 3253
C = 1157.398303304043
obj = 933642.9839030395, rho = -68.41380618484047
nSV = 3775, nBSV = 1786
Total nSV = 3775
...
Warning: using -h 0 may be faster
*
optimization finished, #iter = 3300
C = 1095.2140365765806
obj = 896303.7701360879, rho = -40.66512667405323
nSV = 3771, nBSV = 1782
Total nSV = 3771
...
Warning: using -h 0 may be faster
*
optimization finished, #iter = 3408
C = 1183.2386808694748
obj = 959964.7249518199, rho = -59.13751116824457
nSV = 3843, nBSV = 1807
Total nSV = 3843
....
Warning: using -h 0 may be faster
*
optimization finished, #iter = 4058
C = 1132.6007827826995
obj = 1053097.8230388744, rho = 17.09132547938134
nSV = 4582, nBSV = 2378
Total nSV = 6840
.
Warning: using -h 0 may be faster
*
optimization finished, #iter = 1640
C = 299.51363672855666
obj = 117897.04883903392, rho = -11.277529325594951
nSV = 2420, nBSV = 1638
Total nSV = 2420
.
Warning: using -h 0 may be faster
*
optimization finished, #iter = 1669
C = 324.37114419809717
obj = 131408.7889707974, rho = -14.092473714041262
nSV = 2430, nBSV = 1628
Total nSV = 2430
.
Warning: using -h 0 may be faster
*
optimization finished, #iter = 1603
C = 285.0549958629277
obj = 110818.37695033569, rho = -9.894560143947588
nSV = 2389, nBSV = 1655
Total nSV = 2389
.
Warning: using -h 0 may be faster
*
optimization finished, #iter = 1694
C = 310.3442221654434
obj = 125045.12281483981, rho = -9.765925244252317
nSV = 2429, nBSV = 1610
Total nSV = 2429
.
Warning: using -h 0 may be faster
*
optimization finished, #iter = 1666
C = 318.33706073226597
obj = 128514.62878302348, rho = -13.6633848102375
nSV = 2434, nBSV = 1610
Total nSV = 2434
.
Warning: using -h 0 may be faster
*
optimization finished, #iter = 1979
C = 285.31209568655527
obj = 132020.56093439893, rho = 8.87800295603653
nSV = 2962, nBSV = 2081
.
Warning: using -h 0 may be faster
*
optimization finished, #iter = 1555
C = 341.7708359830869
obj = 133303.68279086458, rho = -1.8477219506421432
nSV = 2081, nBSV = 1413
Total nSV = 2081
.
Warning: using -h 0 may be faster
*
optimization finished, #iter = 1492
C = 321.05898573731673
obj = 127859.8007281182, rho = 4.901320014389573
nSV = 2049, nBSV = 1412
Total nSV = 2049
.
Warning: using -h 0 may be faster
*
optimization finished, #iter = 1501
C = 356.73543285889485
obj = 144639.8975378313, rho = -5.1021213437934305
nSV = 2078, nBSV = 1397
Total nSV = 2078
.
Warning: using -h 0 may be faster
*
optimization finished, #iter = 1465
C = 346.2640037779539
obj = 141543.09228590288, rho = -5.544907165767103
nSV = 2090, nBSV = 1404
Total nSV = 2090
.
Warning: using -h 0 may be faster
*
optimization finished, #iter = 1423
C = 292.0698579271592
obj = 110899.8674921823, rho = -6.042464573621482
nSV = 2056, nBSV = 1423
Total nSV = 2056
.
Warning: using -h 0 may be faster
*
optimization finished, #iter = 1827
C = 307.73257195968375
obj = 141900.37014844985, rho = -1.3156240887510602
nSV = 2522, nBSV = 1805
...
Warning: using -h 0 may be faster
*.
Warning: using -h 0 may be faster
*
optimization finished, #iter = 3249
C = 1147.421282223821
obj = 927746.0793913158, rho = -63.47808218225743
nSV = 3769, nBSV = 1809
Total nSV = 3769
...
Warning: using -h 0 may be faster
*
optimization finished, #iter = 3296
C = 1184.4271681134865
obj = 980428.8821228535, rho = -43.14969013257641
nSV = 3788, nBSV = 1792
Total nSV = 3788
...
Warning: using -h 0 may be faster
*
optimization finished, #iter = 3180
C = 1220.615330178122
obj = 1020499.5391707193, rho = -58.138166566063184
nSV = 3791, nBSV = 1818
Total nSV = 3791
...
Warning: using -h 0 may be faster
*
optimization finished, #iter = 3423
C = 1276.143569904858
obj = 1064485.7891439465, rho = -64.86218440141317
nSV = 3811, nBSV = 1754
Total nSV = 3811
...
Warning: using -h 0 may be faster
*
optimization finished, #iter = 3337
C = 1241.4231900710065
obj = 1026244.1989375975, rho = -59.308682365534516
nSV = 3780, nBSV = 1779
Total nSV = 3780
....
Warning: using -h 0 may be faster
*
optimization finished, #iter = 4003
C = 1244.7326143975547
obj = 1214944.1706428018, rho = -63.02213882853245
nSV = 4620, nBSV = 2325
Total nSV = 6812


=== Predictions under cross-validation ===

 inst#     actual  predicted error distribution
     1  2:neutral  2:neutral       0.163,*0.674,0.163 
     2  2:neutral  2:neutral       0.033,*0.844,0.123 
     3  2:neutral 3:positive   +   0.09,0.286,*0.624 
     4  2:neutral  2:neutral       0.084,*0.541,0.375 
     5  2:neutral  2:neutral       0.069,*0.745,0.186 
     6  2:neutral 1:negative   +   *0.548,0.402,0.051 
     7  2:neutral  2:neutral       0.11,*0.543,0.347 
     8  2:neutral  2:neutral       0.076,*0.751,0.173 
     9  2:neutral  2:neutral       0.088,*0.639,0.272 
    10  2:neutral 1:negative   +   *0.666,0.203,0.132 
    11  2:neutral 3:positive   +   0.024,0.371,*0.605 
    12  2:neutral  2:neutral       0.055,*0.808,0.137 
    13  2:neutral  2:neutral       0.022,*0.807,0.171 
    14  2:neutral  2:neutral       0.019,*0.573,0.407 
    15  2:neutral 1:negative   +   *0.425,0.412,0.163 
    16  2:neutral  2:neutral       0.022,*0.785,0.193 
    17  2:neutral 1:negative   +   *0.392,0.335,0.273 
    18  2:neutral  2:neutral       0.154,*0.514,0.332 
    19  2:neutral  2:neutral       0.137,*0.703,0.16 
    20  2:neutral  2:neutral       0.1,*0.83,0.069 
    21  2:neutral 1:negative   +   *0.422,0.224,0.354 
    22  2:neutral  2:neutral       0.092,*0.577,0.331 
    23  2:neutral  2:neutral       0.082,*0.7,0.218 
    24  2:neutral  2:neutral       0.059,*0.841,0.1 
    25  2:neutral  2:neutral       0.051,*0.698,0.251 
    26  2:neutral 3:positive   +   0.053,0.166,*0.782 
    27  2:neutral  2:neutral       0.041,*0.892,0.067 
    28  2:neutral 1:negative   +   *0.542,0.361,0.097 
    29  2:neutral  2:neutral       0.017,*0.709,0.274 
    30  2:neutral 3:positive   +   0.061,0.368,*0.571 
    31  2:neutral  2:neutral       0.437,*0.501,0.062 
    32  2:neutral 1:negative   +   *0.937,0.048,0.014 
    33  2:neutral  2:neutral       0.022,*0.899,0.08 
    34  2:neutral  2:neutral       0.069,*0.777,0.154 
    35  2:neutral  2:neutral       0.178,*0.723,0.1 
    36  2:neutral  2:neutral       0.032,*0.512,0.456 
    37  2:neutral  2:neutral       0.198,*0.604,0.198 
    38  2:neutral  2:neutral       0.103,*0.758,0.139 
    39  2:neutral  2:neutral       0.059,*0.72,0.221 
    40  2:neutral  2:neutral       0.03,*0.697,0.273 
    41  2:neutral  2:neutral       0.107,*0.713,0.18 
    42  2:neutral  2:neutral       0.098,*0.713,0.188 
    43  2:neutral 3:positive   +   0.177,0.115,*0.708 
    44  2:neutral 3:positive   +   0.061,0.348,*0.591 
    45  2:neutral  2:neutral       0.049,*0.852,0.099 
    46  2:neutral  2:neutral       0.035,*0.722,0.242 
    47  2:neutral  2:neutral       0.051,*0.627,0.322 
    48  2:neutral 3:positive   +   0.036,0.216,*0.748 
    49  2:neutral  2:neutral       0.068,*0.883,0.049 
    50  2:neutral  2:neutral       0.037,*0.797,0.165 
    51  2:neutral  2:neutral       0.129,*0.818,0.053 
    52  2:neutral  2:neutral       0.34,*0.47,0.19 
    53  2:neutral  2:neutral       0.337,*0.38,0.284 
    54  2:neutral  2:neutral       0.096,*0.554,0.35 
    55  2:neutral  2:neutral       0.027,*0.824,0.149 
    56  2:neutral  2:neutral       0.025,*0.931,0.044 
    57  2:neutral  2:neutral       0.245,*0.47,0.286 
    58  2:neutral  2:neutral       0.08,*0.596,0.325 
    59  2:neutral  2:neutral       0.09,*0.673,0.237 
    60  2:neutral  2:neutral       0.123,*0.588,0.289 
    61  2:neutral  2:neutral       0.076,*0.768,0.156 
    62  2:neutral  2:neutral       0.086,*0.668,0.245 
    63  2:neutral  2:neutral       0.033,*0.695,0.272 
    64  2:neutral  2:neutral       0.242,*0.448,0.311 
    65  2:neutral  2:neutral       0.225,*0.674,0.101 
    66  2:neutral 3:positive   +   0.017,0.213,*0.77 
    67  2:neutral  2:neutral       0.035,*0.499,0.466 
    68  2:neutral  2:neutral       0.318,*0.475,0.207 
    69  2:neutral 3:positive   +   0.033,0.243,*0.724 
    70  2:neutral 3:positive   +   0.085,0.399,*0.516 
    71  2:neutral  2:neutral       0.215,*0.625,0.16 
    72  2:neutral 3:positive   +   0.032,0.156,*0.812 
    73  2:neutral  2:neutral       0.155,*0.61,0.235 
    74  2:neutral  2:neutral       0.084,*0.49,0.426 
    75  2:neutral  2:neutral       0.049,*0.821,0.13 
    76  2:neutral  2:neutral       0.083,*0.572,0.345 
    77  2:neutral  2:neutral       0.136,*0.536,0.328 
    78  2:neutral  2:neutral       0.084,*0.675,0.241 
    79  2:neutral  2:neutral       0.209,*0.677,0.114 
    80  2:neutral  2:neutral       0.047,*0.809,0.144 
    81  2:neutral  2:neutral       0.338,*0.388,0.274 
    82  2:neutral  2:neutral       0.108,*0.828,0.065 
    83  2:neutral 1:negative   +   *0.579,0.106,0.315 
    84  2:neutral 3:positive   +   0.026,0.227,*0.746 
    85  2:neutral  2:neutral       0.269,*0.515,0.217 
    86  2:neutral  2:neutral       0.063,*0.857,0.081 
    87  2:neutral 3:positive   +   0.011,0.487,*0.502 
    88  2:neutral  2:neutral       0.035,*0.765,0.2 
    89  2:neutral 1:negative   +   *0.563,0.276,0.161 
    90  2:neutral  2:neutral       0.019,*0.756,0.225 
    91  2:neutral  2:neutral       0.079,*0.717,0.204 
    92  2:neutral  2:neutral       0.149,*0.652,0.199 
    93  2:neutral  2:neutral       0.095,*0.645,0.26 
    94  2:neutral  2:neutral       0.061,*0.598,0.342 
    95  2:neutral 3:positive   +   0.125,0.388,*0.487 
    96  2:neutral  2:neutral       0.153,*0.712,0.134 
    97  2:neutral  2:neutral       0.08,*0.761,0.159 
    98  2:neutral 3:positive   +   0.067,0.43,*0.503 
    99  2:neutral  2:neutral       0.043,*0.829,0.128 
   100  2:neutral  2:neutral       0.063,*0.691,0.245 
   101  2:neutral 3:positive   +   0.225,0.325,*0.45 
   102  2:neutral 3:positive   +   0.064,0.308,*0.628 
   103  2:neutral  2:neutral       0.035,*0.826,0.139 
   104  2:neutral  2:neutral       0.2,*0.565,0.235 
   105  2:neutral  2:neutral       0.055,*0.622,0.324 
   106  2:neutral 3:positive   +   0.135,0.323,*0.542 
   107  2:neutral  2:neutral       0.082,*0.7,0.218 
   108  2:neutral  2:neutral       0.034,*0.893,0.073 
   109  2:neutral  2:neutral       0.012,*0.885,0.103 
   110  2:neutral  2:neutral       0.106,*0.709,0.185 
   111  2:neutral  2:neutral       0.059,*0.646,0.295 
   112  2:neutral  2:neutral       0.018,*0.809,0.172 
   113  2:neutral  2:neutral       0.04,*0.634,0.327 
   114  2:neutral 3:positive   +   0.059,0.359,*0.582 
   115  2:neutral  2:neutral       0.062,*0.739,0.199 
   116  2:neutral  2:neutral       0.145,*0.679,0.176 
   117  2:neutral  2:neutral       0.025,*0.941,0.034 
   118  2:neutral  2:neutral       0.158,*0.56,0.281 
   119  2:neutral  2:neutral       0.041,*0.877,0.083 
   120  2:neutral 3:positive   +   0.062,0.32,*0.618 
   121  2:neutral  2:neutral       0.051,*0.531,0.418 
   122  2:neutral 3:positive   +   0.116,0.226,*0.659 
   123  2:neutral  2:neutral       0.1,*0.819,0.08 
   124  2:neutral  2:neutral       0.072,*0.788,0.14 
   125  2:neutral  2:neutral       0.088,*0.743,0.169 
   126  2:neutral 3:positive   +   0.041,0.455,*0.504 
   127  2:neutral  2:neutral       0.036,*0.855,0.109 
   128  2:neutral 3:positive   +   0.054,0.401,*0.545 
   129  2:neutral  2:neutral       0.147,*0.684,0.169 
   130  2:neutral  2:neutral       0.117,*0.69,0.193 
   131  2:neutral 3:positive   +   0.255,0.319,*0.426 
   132  2:neutral  2:neutral       0.069,*0.721,0.211 
   133  2:neutral  2:neutral       0.05,*0.786,0.164 
   134  2:neutral  2:neutral       0.022,*0.876,0.102 
   135  2:neutral  2:neutral       0.023,*0.846,0.131 
   136  2:neutral  2:neutral       0.011,*0.861,0.127 
   137  2:neutral  2:neutral       0.047,*0.767,0.186 
   138  2:neutral 3:positive   +   0.049,0.346,*0.605 
   139  2:neutral  2:neutral       0.272,*0.514,0.214 
   140  2:neutral  2:neutral       0.078,*0.794,0.128 
   141  2:neutral  2:neutral       0.052,*0.778,0.17 
   142  2:neutral  2:neutral       0.117,*0.716,0.167 
   143  2:neutral  2:neutral       0.196,*0.461,0.343 
   144  2:neutral  2:neutral       0.153,*0.692,0.156 
   145  2:neutral 3:positive   +   0.179,0.315,*0.506 
   146  2:neutral  2:neutral       0.2,*0.668,0.132 
   147  2:neutral  2:neutral       0.033,*0.757,0.211 
   148  2:neutral  2:neutral       0.053,*0.786,0.16 
   149  2:neutral 3:positive   +   0.133,0.32,*0.546 
   150  2:neutral  2:neutral       0.067,*0.849,0.084 
   151  2:neutral  2:neutral       0.046,*0.606,0.348 
   152  2:neutral  2:neutral       0.029,*0.918,0.053 
   153  2:neutral  2:neutral       0.034,*0.863,0.103 
   154  2:neutral  2:neutral       0.26,*0.63,0.109 
   155  2:neutral 3:positive   +   0.049,0.35,*0.601 
   156  2:neutral 3:positive   +   0.085,0.416,*0.5 
   157  2:neutral  2:neutral       0.046,*0.636,0.318 
   158  2:neutral  2:neutral       0.067,*0.775,0.158 
   159  2:neutral  2:neutral       0.086,*0.864,0.051 
   160  2:neutral  2:neutral       0.01,*0.745,0.245 
   161  2:neutral  2:neutral       0.214,*0.535,0.251 
   162  2:neutral  2:neutral       0.028,*0.818,0.154 
   163  2:neutral  2:neutral       0.033,*0.764,0.202 
   164  2:neutral  2:neutral       0.119,*0.677,0.203 
   165  2:neutral  2:neutral       0.098,*0.846,0.056 
   166  2:neutral  2:neutral       0.072,*0.74,0.188 
   167  2:neutral  2:neutral       0.089,*0.62,0.292 
   168  2:neutral  2:neutral       0.051,*0.814,0.135 
   169  2:neutral  2:neutral       0.101,*0.724,0.175 
   170  2:neutral  2:neutral       0.065,*0.72,0.216 
   171  2:neutral  2:neutral       0.065,*0.611,0.325 
   172  2:neutral  2:neutral       0.319,*0.577,0.104 
   173  2:neutral 1:negative   +   *0.909,0.071,0.02 
   174  2:neutral  2:neutral       0.084,*0.653,0.263 
   175  2:neutral  2:neutral       0.12,*0.69,0.191 
   176  2:neutral  2:neutral       0.297,*0.569,0.134 
   177  2:neutral  2:neutral       0.031,*0.775,0.194 
   178  2:neutral  2:neutral       0.197,*0.609,0.194 
   179  2:neutral  2:neutral       0.078,*0.73,0.192 
   180  2:neutral  2:neutral       0.035,*0.859,0.106 
   181  2:neutral  2:neutral       0.051,*0.836,0.113 
   182  2:neutral 1:negative   +   *0.905,0.085,0.01 
   183  2:neutral  2:neutral       0.069,*0.725,0.206 
   184  2:neutral 3:positive   +   0.068,0.342,*0.59 
   185  2:neutral  2:neutral       0.068,*0.649,0.283 
   186  2:neutral  2:neutral       0.017,*0.628,0.355 
   187  2:neutral  2:neutral       0.052,*0.549,0.398 
   188  2:neutral 3:positive   +   0.051,0.4,*0.55 
   189  2:neutral  2:neutral       0.433,*0.465,0.103 
   190  2:neutral  2:neutral       0.462,*0.475,0.064 
   191  2:neutral  2:neutral       0.125,*0.763,0.112 
   192  2:neutral  2:neutral       0.063,*0.702,0.235 
   193  2:neutral  2:neutral       0.013,*0.64,0.346 
   194  2:neutral  2:neutral       0.059,*0.839,0.102 
   195  2:neutral  2:neutral       0.076,*0.509,0.415 
   196  2:neutral  2:neutral       0.147,*0.766,0.086 
   197  2:neutral  2:neutral       0.111,*0.681,0.208 
   198  2:neutral 1:negative   +   *0.378,0.375,0.246 
   199  2:neutral 3:positive   +   0.097,0.24,*0.663 
   200  2:neutral  2:neutral       0.062,*0.679,0.26 
   201  2:neutral  2:neutral       0.056,*0.879,0.065 
   202  2:neutral  2:neutral       0.095,*0.711,0.195 
   203  2:neutral 3:positive   +   0.103,0.382,*0.514 
   204  2:neutral  2:neutral       0.03,*0.937,0.033 
   205  2:neutral  2:neutral       0.022,*0.695,0.284 
   206  2:neutral  2:neutral       0.215,*0.553,0.232 
   207  2:neutral  2:neutral       0.076,*0.613,0.311 
   208  2:neutral  2:neutral       0.054,*0.801,0.145 
   209  2:neutral  2:neutral       0.042,*0.848,0.11 
   210  2:neutral 1:negative   +   *0.44,0.265,0.295 
   211  2:neutral  2:neutral       0.027,*0.686,0.287 
   212  2:neutral  2:neutral       0.043,*0.794,0.163 
   213  2:neutral  2:neutral       0.079,*0.773,0.147 
   214  2:neutral  2:neutral       0.071,*0.788,0.14 
   215  2:neutral  2:neutral       0.307,*0.566,0.127 
   216  2:neutral  2:neutral       0.042,*0.622,0.336 
   217  2:neutral  2:neutral       0.07,*0.834,0.096 
   218  2:neutral  2:neutral       0.243,*0.417,0.34 
   219  2:neutral  2:neutral       0.171,*0.7,0.129 
   220  2:neutral  2:neutral       0.072,*0.79,0.138 
   221  2:neutral 1:negative   +   *0.584,0.179,0.237 
   222  2:neutral 3:positive   +   0.1,0.39,*0.51 
   223  2:neutral  2:neutral       0.065,*0.731,0.204 
   224  2:neutral  2:neutral       0.163,*0.7,0.138 
   225  2:neutral  2:neutral       0.052,*0.753,0.195 
   226  2:neutral  2:neutral       0.047,*0.749,0.204 
   227  2:neutral  2:neutral       0.044,*0.795,0.161 
   228  2:neutral 3:positive   +   0.039,0.348,*0.613 
   229  2:neutral  2:neutral       0.015,*0.688,0.297 
   230  2:neutral 1:negative   +   *0.478,0.257,0.265 
   231  2:neutral  2:neutral       0.095,*0.7,0.205 
   232  2:neutral  2:neutral       0.324,*0.428,0.248 
   233  2:neutral  2:neutral       0.192,*0.551,0.257 
   234  2:neutral 3:positive   +   0.028,0.417,*0.555 
   235  2:neutral  2:neutral       0.164,*0.719,0.117 
   236  2:neutral  2:neutral       0.112,*0.549,0.338 
   237  2:neutral  2:neutral       0.041,*0.519,0.44 
   238  2:neutral  2:neutral       0.416,*0.516,0.069 
   239  2:neutral  2:neutral       0.062,*0.513,0.425 
   240  2:neutral  2:neutral       0.068,*0.795,0.136 
   241  2:neutral 1:negative   +   *0.522,0.369,0.109 
   242  2:neutral  2:neutral       0.077,*0.801,0.123 
   243  2:neutral 3:positive   +   0.035,0.35,*0.615 
   244  2:neutral  2:neutral       0.041,*0.833,0.126 
   245  2:neutral  2:neutral       0.139,*0.725,0.136 
   246  2:neutral 3:positive   +   0.012,0.279,*0.709 
   247  2:neutral  2:neutral       0.016,*0.959,0.024 
   248  2:neutral 3:positive   +   0.05,0.248,*0.703 
   249  2:neutral  2:neutral       0.107,*0.462,0.431 
   250  2:neutral  2:neutral       0.044,*0.781,0.175 
   251  2:neutral  2:neutral       0.09,*0.532,0.378 
   252  2:neutral  2:neutral       0.075,*0.743,0.182 
   253  2:neutral  2:neutral       0.126,*0.754,0.121 
   254  2:neutral  2:neutral       0.142,*0.743,0.114 
   255  2:neutral  2:neutral       0.016,*0.803,0.181 
   256  2:neutral  2:neutral       0.104,*0.52,0.376 
   257  2:neutral  2:neutral       0.082,*0.7,0.218 
   258  2:neutral  2:neutral       0.096,*0.841,0.064 
   259  2:neutral  2:neutral       0.076,*0.512,0.412 
   260  2:neutral  2:neutral       0.059,*0.838,0.103 
   261  2:neutral 3:positive   +   0.034,0.312,*0.654 
   262  2:neutral  2:neutral       0.028,*0.817,0.155 
   263  2:neutral  2:neutral       0.073,*0.703,0.224 
   264  2:neutral  2:neutral       0.046,*0.885,0.07 
   265  2:neutral  2:neutral       0.098,*0.549,0.352 
   266  2:neutral  2:neutral       0.049,*0.651,0.3 
   267  2:neutral 3:positive   +   0.069,0.268,*0.663 
   268  2:neutral  2:neutral       0.094,*0.807,0.099 
   269  2:neutral  2:neutral       0.181,*0.484,0.334 
   270  2:neutral  2:neutral       0.159,*0.61,0.231 
   271  2:neutral 1:negative   +   *0.568,0.275,0.158 
   272  2:neutral 3:positive   +   0.078,0.177,*0.745 
   273  2:neutral  2:neutral       0.334,*0.537,0.129 
   274  2:neutral 3:positive   +   0.082,0.424,*0.494 
   275  2:neutral 1:negative   +   *0.497,0.143,0.36 
   276  2:neutral  2:neutral       0.037,*0.881,0.082 
   277  2:neutral  2:neutral       0.015,*0.642,0.343 
   278  2:neutral  2:neutral       0.049,*0.854,0.097 
   279  2:neutral  2:neutral       0.314,*0.386,0.3 
   280  2:neutral  2:neutral       0.02,*0.502,0.478 
   281  2:neutral  2:neutral       0.064,*0.794,0.142 
   282  2:neutral  2:neutral       0.029,*0.899,0.072 
   283  2:neutral 1:negative   +   *0.438,0.315,0.247 
   284  2:neutral  2:neutral       0.054,*0.678,0.268 
   285  2:neutral  2:neutral       0.025,*0.924,0.051 
   286  2:neutral  2:neutral       0.071,*0.475,0.455 
   287  2:neutral  2:neutral       0.045,*0.896,0.059 
   288  2:neutral  2:neutral       0.149,*0.743,0.108 
   289  2:neutral  2:neutral       0.063,*0.761,0.176 
   290  2:neutral  2:neutral       0.019,*0.667,0.314 
   291  2:neutral  2:neutral       0.189,*0.516,0.295 
   292  2:neutral 1:negative   +   *0.7,0.176,0.123 
   293  2:neutral 3:positive   +   0.018,0.33,*0.652 
   294  2:neutral  2:neutral       0.059,*0.621,0.32 
   295  2:neutral  2:neutral       0.118,*0.824,0.058 
   296  2:neutral  2:neutral       0.069,*0.721,0.211 
   297  2:neutral  2:neutral       0.106,*0.501,0.393 
   298  2:neutral  2:neutral       0.064,*0.647,0.29 
   299  2:neutral  2:neutral       0.13,*0.73,0.14 
   300  2:neutral  2:neutral       0.041,*0.878,0.081 
   301  2:neutral  2:neutral       0.051,*0.679,0.269 
   302  2:neutral  2:neutral       0.068,*0.627,0.305 
   303  2:neutral 3:positive   +   0.049,0.376,*0.575 
   304  2:neutral 3:positive   +   0.139,0.407,*0.454 
   305  2:neutral  2:neutral       0.035,*0.836,0.129 
   306  2:neutral  2:neutral       0.064,*0.767,0.169 
   307  2:neutral  2:neutral       0.042,*0.663,0.295 
   308  2:neutral  2:neutral       0.041,*0.949,0.01 
   309  2:neutral 3:positive   +   0.042,0.288,*0.671 
   310  2:neutral  2:neutral       0.076,*0.888,0.036 
   311  2:neutral  2:neutral       0.127,*0.512,0.361 
   312  2:neutral  2:neutral       0.081,*0.703,0.217 
   313  2:neutral  2:neutral       0.269,*0.582,0.15 
   314  2:neutral  2:neutral       0.232,*0.66,0.108 
   315  2:neutral  2:neutral       0.023,*0.718,0.259 
   316  2:neutral 3:positive   +   0.021,0.202,*0.777 
   317  2:neutral  2:neutral       0.087,*0.705,0.208 
   318  2:neutral  2:neutral       0.075,*0.787,0.138 
   319  2:neutral  2:neutral       0.073,*0.579,0.347 
   320  2:neutral  2:neutral       0.094,*0.785,0.121 
   321  2:neutral  2:neutral       0.112,*0.73,0.158 
   322  2:neutral  2:neutral       0.039,*0.835,0.125 
   323  2:neutral  2:neutral       0.095,*0.726,0.179 
   324  2:neutral  2:neutral       0.101,*0.799,0.101 
   325  2:neutral  2:neutral       0.042,*0.79,0.168 
   326  2:neutral  2:neutral       0.059,*0.792,0.149 
   327  2:neutral 1:negative   +   *0.715,0.133,0.152 
   328  2:neutral 1:negative   +   *0.514,0.392,0.094 
   329  2:neutral  2:neutral       0.338,*0.442,0.22 
   330  2:neutral  2:neutral       0.031,*0.888,0.081 
   331  2:neutral 3:positive   +   0.035,0.222,*0.742 
   332  2:neutral  2:neutral       0.08,*0.776,0.144 
   333  2:neutral  2:neutral       0.026,*0.782,0.192 
   334  2:neutral 3:positive   +   0.2,0.283,*0.517 
   335  2:neutral  2:neutral       0.029,*0.629,0.342 
   336  2:neutral  2:neutral       0.079,*0.627,0.294 
   337  2:neutral  2:neutral       0.029,*0.878,0.093 
   338  2:neutral  2:neutral       0.113,*0.61,0.276 
   339  2:neutral  2:neutral       0.075,*0.733,0.192 
   340  2:neutral  2:neutral       0.346,*0.5,0.154 
   341  2:neutral  2:neutral       0.069,*0.717,0.214 
   342  2:neutral 3:positive   +   0.132,0.13,*0.738 
   343  2:neutral  2:neutral       0.366,*0.384,0.251 
   344  2:neutral  2:neutral       0.023,*0.605,0.372 
   345  2:neutral  2:neutral       0.024,*0.842,0.134 
   346  2:neutral  2:neutral       0.072,*0.555,0.372 
   347  2:neutral  2:neutral       0.082,*0.7,0.218 
   348  2:neutral  2:neutral       0.177,*0.645,0.178 
   349  2:neutral  2:neutral       0.16,*0.702,0.138 
   350  2:neutral  2:neutral       0.031,*0.751,0.218 
   351  2:neutral  2:neutral       0.053,*0.79,0.157 
   352  2:neutral  2:neutral       0.063,*0.799,0.138 
   353  2:neutral  2:neutral       0.242,*0.553,0.205 
   354  2:neutral 1:negative   +   *0.865,0.046,0.089 
