Zero Weights processed. Default weights will be used
..
Warning: using -h 0 may be faster
*
optimization finished, #iter = 2128
C = 307.4494479686375
obj = 143122.15100157194, rho = -6.904968511007132
nSV = 2607, nBSV = 1769
Total nSV = 2607
..*
optimization finished, #iter = 2055
C = 251.76990799542529
obj = 110228.37666125876, rho = -9.652700674477774
nSV = 2547, nBSV = 1789
Total nSV = 2547
..
Warning: using -h 0 may be faster
*
optimization finished, #iter = 2205
C = 314.97887274465444
obj = 150126.8282555624, rho = -12.479604236898046
nSV = 2624, nBSV = 1756
Total nSV = 2624
..
Warning: using -h 0 may be faster
*
optimization finished, #iter = 2178
C = 292.031025403245
obj = 134267.21979046703, rho = -9.60024171537181
nSV = 2587, nBSV = 1778
Total nSV = 2587
..*
optimization finished, #iter = 2059
C = 254.28846733731325
obj = 111380.51249285598, rho = -7.059806479386097
nSV = 2542, nBSV = 1797
Total nSV = 2542
Line search fails in two-class probability estimates
.
Warning: using -h 0 may be faster
.
Warning: using -h 0 may be faster
*
optimization finished, #iter = 2568
C = 259.86094497912364
obj = 135938.14262414488, rho = 1.9387404086546798
nSV = 3174, nBSV = 2286
.
Warning: using -h 0 may be faster
....
Warning: using -h 0 may be faster
*
optimization finished, #iter = 5157
C = 1159.0987487322552
obj = 1005679.7524712925, rho = -62.634605006737466
nSV = 4674, nBSV = 2300
Total nSV = 4674
.
Warning: using -h 0 may be faster
...
Warning: using -h 0 may be faster
*
optimization finished, #iter = 4968
C = 1248.2411059414603
obj = 1122116.181751975, rho = -84.55024643980651
nSV = 4674, nBSV = 2292
Total nSV = 4674
.
Warning: using -h 0 may be faster
....
Warning: using -h 0 may be faster
*
optimization finished, #iter = 5050
C = 1230.0023163992705
obj = 1106198.6564881953, rho = -65.3407051933387
nSV = 4679, nBSV = 2294
Total nSV = 4679
.
Warning: using -h 0 may be faster
...
Warning: using -h 0 may be faster
*
optimization finished, #iter = 4565
C = 1197.0777057274718
obj = 1076819.9971996478, rho = -64.12263177369647
nSV = 4634, nBSV = 2318
Total nSV = 4634
.
Warning: using -h 0 may be faster
...
Warning: using -h 0 may be faster
*
optimization finished, #iter = 4876
C = 1241.4143216310665
obj = 1129024.8276009676, rho = -63.323392734898995
nSV = 4698, nBSV = 2279
Total nSV = 4698
.
Warning: using -h 0 may be faster
.....
Warning: using -h 0 may be faster
*
optimization finished, #iter = 6219
C = 1261.9802272125457
obj = 1297051.8377280822, rho = 16.957790093416182
nSV = 5704, nBSV = 2982
..
Warning: using -h 0 may be faster
*
optimization finished, #iter = 2269
C = 241.7165762223848
obj = 108014.02066599784, rho = -11.17963203023524
nSV = 2988, nBSV = 2087
Total nSV = 2988
.
Warning: using -h 0 may be faster
.
Warning: using -h 0 may be faster
*
optimization finished, #iter = 2343
C = 240.81486241131637
obj = 108582.49906741503, rho = -18.370183977889095
nSV = 2977, nBSV = 2082
Total nSV = 2977
.
Warning: using -h 0 may be faster
.
Warning: using -h 0 may be faster
*
optimization finished, #iter = 2366
C = 239.2651477074482
obj = 108923.93007952065, rho = -14.974831388384862
nSV = 2969, nBSV = 2060
Total nSV = 2969
.
Warning: using -h 0 may be faster
.
Warning: using -h 0 may be faster
*
optimization finished, #iter = 2298
C = 205.7017575475651
obj = 89823.1960320306, rho = -13.178226522923563
nSV = 2959, nBSV = 2118
Total nSV = 2959
..
Warning: using -h 0 may be faster
*
optimization finished, #iter = 2247
C = 228.57876221928007
obj = 98555.74529010218, rho = -10.042044869647334
nSV = 2967, nBSV = 2103
Total nSV = 2967
.
Warning: using -h 0 may be faster
.
Warning: using -h 0 may be faster
*
optimization finished, #iter = 2679
C = 209.71419441679947
obj = 106513.8347574043, rho = 8.828435653580895
nSV = 3628, nBSV = 2665
Total nSV = 8456
.
Warning: using -h 0 may be faster
*
optimization finished, #iter = 1708
C = 302.27473759316547
obj = 116441.25117306286, rho = -15.488049819565843
nSV = 2097, nBSV = 1391
Total nSV = 2097
.
Warning: using -h 0 may be faster
*
optimization finished, #iter = 1726
C = 289.4280870876353
obj = 112294.81828058868, rho = 8.229840634911056
nSV = 2092, nBSV = 1392
Total nSV = 2092
.
Warning: using -h 0 may be faster
*
optimization finished, #iter = 1668
C = 288.4276282718778
obj = 111011.86148474112, rho = 7.622401124130444
nSV = 2102, nBSV = 1402
Total nSV = 2102
.
Warning: using -h 0 may be faster
*
optimization finished, #iter = 1625
C = 270.88842052972024
obj = 100613.1410070569, rho = 0.9274395587131617
nSV = 2081, nBSV = 1394
Total nSV = 2081
.
Warning: using -h 0 may be faster
*
optimization finished, #iter = 1717
C = 309.52011020645904
obj = 121837.64856001377, rho = 5.485520688438042
nSV = 2076, nBSV = 1379
Total nSV = 2076
..*
optimization finished, #iter = 2040
C = 267.2830849338337
obj = 117892.89101504158, rho = 5.801212405356825
nSV = 2579, nBSV = 1783
....
Warning: using -h 0 may be faster
*
optimization finished, #iter = 4433
C = 1186.9295348567582
obj = 893528.891116331, rho = 14.520406097323509
nSV = 3849, nBSV = 1734
Total nSV = 3849
...
Warning: using -h 0 may be faster
*
optimization finished, #iter = 3912
C = 1129.456448407055
obj = 878834.0662312013, rho = -72.00192256668734
nSV = 3802, nBSV = 1810
Total nSV = 3802
....
Warning: using -h 0 may be faster
*
optimization finished, #iter = 4283
C = 1185.9292743807518
obj = 911232.1855240101, rho = -61.646513570707995
nSV = 3872, nBSV = 1742
Total nSV = 3872
....
Warning: using -h 0 may be faster
*
optimization finished, #iter = 4171
C = 1135.5883379343825
obj = 876444.9034926818, rho = -57.14852885101661
nSV = 3819, nBSV = 1802
Total nSV = 3819
.
Warning: using -h 0 may be faster
...
Warning: using -h 0 may be faster
*
optimization finished, #iter = 4064
C = 1171.2776306346057
obj = 895946.5898190532, rho = -50.22509337085597
nSV = 3852, nBSV = 1768
Total nSV = 3852
.....
Warning: using -h 0 may be faster
*.
Warning: using -h 0 may be faster
*
optimization finished, #iter = 5152
C = 1205.2217597369033
obj = 1070711.3571297266, rho = 20.82494469720801
nSV = 4655, nBSV = 2289
.
Warning: using -h 0 may be faster
*
optimization finished, #iter = 1841
C = 261.75214098180203
obj = 105046.37498604646, rho = -15.719802162399883
nSV = 2433, nBSV = 1621
Total nSV = 2433
.
Warning: using -h 0 may be faster
*
optimization finished, #iter = 1890
C = 263.14377465501025
obj = 102555.65118278877, rho = -12.72578631393054
nSV = 2399, nBSV = 1646
Total nSV = 2399
.
Warning: using -h 0 may be faster
*
optimization finished, #iter = 1758
C = 208.5964309701868
obj = 75602.1368593307, rho = -11.977957782232135
nSV = 2367, nBSV = 1663
Total nSV = 2367
.
Warning: using -h 0 may be faster
*
optimization finished, #iter = 1799
C = 249.49076229726475
obj = 98902.85532345329, rho = -10.750981280625712
nSV = 2407, nBSV = 1641
Total nSV = 2407
.
Warning: using -h 0 may be faster
*
optimization finished, #iter = 1850
C = 262.61296107140464
obj = 106231.29480801159, rho = -15.41385749943208
nSV = 2415, nBSV = 1631
Total nSV = 2415
..
Warning: using -h 0 may be faster
*
optimization finished, #iter = 2139
C = 229.19561150725892
obj = 103078.93917036691, rho = 7.747933777226964
nSV = 2942, nBSV = 2103
Total nSV = 6900
.
Warning: using -h 0 may be faster
*
optimization finished, #iter = 1755
C = 321.06872305223544
obj = 125322.20642209865, rho = -8.982275894632087
nSV = 2121, nBSV = 1362
Total nSV = 2121
.
Warning: using -h 0 may be faster
*
optimization finished, #iter = 1761
C = 305.6320590329951
obj = 119538.6000851484, rho = -1.965757080321124
nSV = 2128, nBSV = 1371
Total nSV = 2128
.
Warning: using -h 0 may be faster
*
optimization finished, #iter = 1780
C = 331.2164934266811
obj = 130805.49500767014, rho = 5.5958240033793
nSV = 2127, nBSV = 1370
Total nSV = 2127
.
Warning: using -h 0 may be faster
*
optimization finished, #iter = 1680
C = 272.94615747223986
obj = 101154.43683002258, rho = 6.8327082365668605
nSV = 2095, nBSV = 1397
Total nSV = 2095
.
Warning: using -h 0 may be faster
*
optimization finished, #iter = 1722
C = 301.2219921099857
obj = 114787.2724395849, rho = -1.3463749476585358
nSV = 2115, nBSV = 1399
Total nSV = 2115
.
Warning: using -h 0 may be faster
*
optimization finished, #iter = 1999
C = 284.89721743158105
obj = 127254.86426567892, rho = 2.779077325298384
nSV = 2587, nBSV = 1778
....
Warning: using -h 0 may be faster
*
optimization finished, #iter = 4118
C = 1192.913482938436
obj = 908947.2379370885, rho = 6.696440587676225
nSV = 3846, nBSV = 1765
Total nSV = 3846
....
Warning: using -h 0 may be faster
*
optimization finished, #iter = 4310
C = 1161.5125843915303
obj = 868046.4348767906, rho = 2.3249419791685995
nSV = 3871, nBSV = 1755
Total nSV = 3871
....
Warning: using -h 0 may be faster
*
optimization finished, #iter = 4142
C = 1073.9176248093854
obj = 787328.9328318523, rho = 16.608501296661327
nSV = 3806, nBSV = 1785
Total nSV = 3806
.
Warning: using -h 0 may be faster
...
Warning: using -h 0 may be faster
*
optimization finished, #iter = 4092
C = 1106.657049065533
obj = 814540.0937141632, rho = 7.188453144137389
nSV = 3801, nBSV = 1837
Total nSV = 3801
...
Warning: using -h 0 may be faster
*
optimization finished, #iter = 3937
C = 1085.5117028437962
obj = 807560.3851821106, rho = 9.61559624670709
nSV = 3798, nBSV = 1787
Total nSV = 3798
.
Warning: using -h 0 may be faster
....
Warning: using -h 0 may be faster
*
optimization finished, #iter = 5174
C = 1156.5901314584662
obj = 991091.3639923038, rho = 1.4577187346135578
nSV = 4673, nBSV = 2295
.
Warning: using -h 0 may be faster
*
optimization finished, #iter = 1894
C = 278.0312112676081
obj = 112576.25951396383, rho = -19.91942811448756
nSV = 2464, nBSV = 1617
Total nSV = 2464
.
Warning: using -h 0 may be faster
*
optimization finished, #iter = 1905
C = 249.06752998226645
obj = 93964.03313852336, rho = -13.246451909067064
nSV = 2444, nBSV = 1632
Total nSV = 2444
.
Warning: using -h 0 may be faster
*
optimization finished, #iter = 1878
C = 238.43258064023192
obj = 90288.20096254749, rho = -14.856308463717319
nSV = 2395, nBSV = 1652
Total nSV = 2395
.
Warning: using -h 0 may be faster
*
optimization finished, #iter = 1849
C = 260.860698290426
obj = 103864.32928744215, rho = -14.906887069155058
nSV = 2438, nBSV = 1621
Total nSV = 2438
.
Warning: using -h 0 may be faster
*
optimization finished, #iter = 1864
C = 242.66738694586678
obj = 93014.58425063388, rho = -14.772488849497734
nSV = 2413, nBSV = 1643
Total nSV = 2413
..
Warning: using -h 0 may be faster
*
optimization finished, #iter = 2186
C = 233.73435735918517
obj = 104531.29216708358, rho = 11.325782279347967
nSV = 2962, nBSV = 2081
Total nSV = 6863
....
Warning: using -h 0 may be faster
*
optimization finished, #iter = 4033
C = 1241.8050224117337
obj = 986448.8695834803, rho = -76.58286347179184
nSV = 3855, nBSV = 1768
Total nSV = 3855
...
Warning: using -h 0 may be faster
*
optimization finished, #iter = 3909
C = 1103.607114448185
obj = 818177.552851143, rho = 17.436625275898486
nSV = 3803, nBSV = 1788
Total nSV = 3803
.
Warning: using -h 0 may be faster
...
Warning: using -h 0 may be faster
*
optimization finished, #iter = 4114
C = 1300.361658094864
obj = 1020843.346264877, rho = 18.406983946594362
nSV = 3865, nBSV = 1770
Total nSV = 3865
...
Warning: using -h 0 may be faster
*
optimization finished, #iter = 3876
C = 1242.7196062269848
obj = 975537.5832679257, rho = 16.85977867179627
nSV = 3807, nBSV = 1794
Total nSV = 3807
.
Warning: using -h 0 may be faster
..
Warning: using -h 0 may be faster
*
optimization finished, #iter = 3933
C = 1152.2670249735563
obj = 882411.2135396694, rho = 11.11486936042498
nSV = 3813, nBSV = 1793
Total nSV = 3813
.
Warning: using -h 0 may be faster
....
Warning: using -h 0 may be faster
*
optimization finished, #iter = 5028
C = 1257.6587178347688
obj = 1136484.6182409895, rho = -81.41132961418351
nSV = 4685, nBSV = 2286
.
Warning: using -h 0 may be faster
*
optimization finished, #iter = 1938
C = 290.4926259180237
obj = 117368.97046728106, rho = -13.013894755914146
nSV = 2460, nBSV = 1596
Total nSV = 2460
.
Warning: using -h 0 may be faster
*
optimization finished, #iter = 1825
C = 281.4256101918922
obj = 114552.37908804911, rho = 4.972344605700413
nSV = 2421, nBSV = 1608
Total nSV = 2421
.
Warning: using -h 0 may be faster
*
optimization finished, #iter = 1944
C = 289.2173135391934
obj = 116649.47905985727, rho = 14.145021073330515
nSV = 2474, nBSV = 1583
Total nSV = 2474
.
Warning: using -h 0 may be faster
*
optimization finished, #iter = 1724
C = 228.02490025522127
obj = 86246.51598842238, rho = 9.272389275493907
nSV = 2364, nBSV = 1668
Total nSV = 2364
.
Warning: using -h 0 may be faster
*
optimization finished, #iter = 1893
C = 312.4112628300273
obj = 129863.35512125515, rho = 12.667176450160195
nSV = 2495, nBSV = 1593
Total nSV = 2495
..
Warning: using -h 0 may be faster
*
optimization finished, #iter = 2385
C = 261.45602393751403
obj = 121919.29887453903, rho = -17.937534842034896
nSV = 2991, nBSV = 2043
.
Warning: using -h 0 may be faster
*
optimization finished, #iter = 1655
C = 294.8317883864374
obj = 118085.02873787761, rho = 0.6491100328056437
nSV = 2095, nBSV = 1389
Total nSV = 2095
.
Warning: using -h 0 may be faster
*
optimization finished, #iter = 1776
C = 319.7094976665524
obj = 127904.48991751313, rho = 0.07626648922889512
nSV = 2154, nBSV = 1378
Total nSV = 2154
.
Warning: using -h 0 may be faster
*
optimization finished, #iter = 1767
C = 314.9105620887148
obj = 127218.6162603111, rho = 1.6322588200875634
nSV = 2111, nBSV = 1369
Total nSV = 2111
.
Warning: using -h 0 may be faster
*
optimization finished, #iter = 1807
C = 334.3347106215526
obj = 135177.1607727061, rho = -4.32724224296294
nSV = 2135, nBSV = 1373
Total nSV = 2135
.
Warning: using -h 0 may be faster
*
optimization finished, #iter = 1677
C = 314.52758079066007
obj = 127222.8448462921, rho = 1.3957306131668346
nSV = 2116, nBSV = 1374
Total nSV = 2116
..
Warning: using -h 0 may be faster
*
optimization finished, #iter = 2230
C = 295.4017924484744
obj = 138574.37053461003, rho = -0.2441478428509854
nSV = 2602, nBSV = 1747
Total nSV = 6921
.
Warning: using -h 0 may be faster
*
optimization finished, #iter = 1688
C = 305.02242988925394
obj = 119054.3097234854, rho = -8.318073530122584
nSV = 2080, nBSV = 1402
Total nSV = 2080
.
Warning: using -h 0 may be faster
*
optimization finished, #iter = 1739
C = 327.6984527006161
obj = 132110.73210092032, rho = 3.87555948441029
nSV = 2088, nBSV = 1356
Total nSV = 2088
.
Warning: using -h 0 may be faster
*
optimization finished, #iter = 1735
C = 311.9183696271046
obj = 122537.3299551324, rho = 8.514553230418173
nSV = 2109, nBSV = 1375
Total nSV = 2109
.
Warning: using -h 0 may be faster
*
optimization finished, #iter = 1747
C = 325.6486429101406
obj = 130556.91416126034, rho = 5.1074982439554555
nSV = 2102, nBSV = 1379
Total nSV = 2102
.
Warning: using -h 0 may be faster
*
optimization finished, #iter = 1653
C = 292.74115926169003
obj = 112876.14153081599, rho = 5.670157144345617
nSV = 2096, nBSV = 1389
Total nSV = 2096
.
Warning: using -h 0 may be faster
.
Warning: using -h 0 may be faster
*
optimization finished, #iter = 2127
C = 293.9288881411071
obj = 135271.09429374067, rho = -11.273476510262615
nSV = 2561, nBSV = 1779
.
Warning: using -h 0 may be faster
*
optimization finished, #iter = 1856
C = 279.82830038913204
obj = 111805.08402687468, rho = 5.812428573035496
nSV = 2398, nBSV = 1622
Total nSV = 2398
.
Warning: using -h 0 may be faster
*
optimization finished, #iter = 1896
C = 262.0347578989143
obj = 101661.63954701308, rho = -7.537270265915605
nSV = 2449, nBSV = 1609
Total nSV = 2449
.
Warning: using -h 0 may be faster
*
optimization finished, #iter = 1939
C = 234.97159294969038
obj = 88307.19023420107, rho = -9.545278047804114
nSV = 2418, nBSV = 1639
Total nSV = 2418
.
Warning: using -h 0 may be faster
*
optimization finished, #iter = 1811
C = 227.82303553172034
obj = 84363.60658846924, rho = -6.054854649696865
nSV = 2385, nBSV = 1660
Total nSV = 2385
.
Warning: using -h 0 may be faster
*
optimization finished, #iter = 1849
C = 216.23497892654748
obj = 78952.41082186249, rho = -8.391218890228119
nSV = 2390, nBSV = 1687
Total nSV = 2390
..
Warning: using -h 0 may be faster
*
optimization finished, #iter = 2276
C = 227.614093848729
obj = 100378.2580648468, rho = 4.6408349578183055
nSV = 2943, nBSV = 2105
.
Warning: using -h 0 may be faster
...
Warning: using -h 0 may be faster
*
optimization finished, #iter = 4181
C = 1152.503156404332
obj = 873898.60170412, rho = -45.71033771420809
nSV = 3840, nBSV = 1766
Total nSV = 3840
.
Warning: using -h 0 may be faster
..
Warning: using -h 0 may be faster
*
optimization finished, #iter = 3938
C = 1066.5185776869023
obj = 809872.7445442938, rho = 22.686619838939727
nSV = 3779, nBSV = 1816
Total nSV = 3779
...
Warning: using -h 0 may be faster
*
optimization finished, #iter = 3991
C = 1137.6718972236858
obj = 866586.6577380893, rho = 11.379819039864971
nSV = 3830, nBSV = 1784
Total nSV = 3830
...
Warning: using -h 0 may be faster
*.
Warning: using -h 0 may be faster
*
optimization finished, #iter = 3947
C = 1119.8686144794642
obj = 828778.2706761728, rho = 7.346583947937827
nSV = 3829, nBSV = 1792
Total nSV = 3829
...
Warning: using -h 0 may be faster
*
optimization finished, #iter = 3814
C = 1091.4626615535194
obj = 819461.1140518053, rho = 8.792584251548957
nSV = 3813, nBSV = 1819
Total nSV = 3813
.
Warning: using -h 0 may be faster
...
Warning: using -h 0 may be faster
*
optimization finished, #iter = 4731
C = 1156.091128777079
obj = 1031541.134858531, rho = 9.606837521713073
nSV = 4631, nBSV = 2345
Total nSV = 6821
.
Warning: using -h 0 may be faster
*
optimization finished, #iter = 1839
C = 233.26636742038957
obj = 85533.18313005473, rho = -10.520773593544074
nSV = 2403, nBSV = 1673
Total nSV = 2403
.
Warning: using -h 0 may be faster
*
optimization finished, #iter = 1790
C = 260.46827810785874
obj = 102380.96138780052, rho = -5.179272216299901
nSV = 2408, nBSV = 1638
Total nSV = 2408
.
Warning: using -h 0 may be faster
*
optimization finished, #iter = 1590
C = 197.65964647910988
obj = 70965.69167198201, rho = -2.1911656937556847
nSV = 2350, nBSV = 1687
Total nSV = 2350
.
Warning: using -h 0 may be faster
*
optimization finished, #iter = 1622
C = 197.23789354031672
obj = 69652.73761030458, rho = -9.46838935813091
nSV = 2362, nBSV = 1683
Total nSV = 2362
.
Warning: using -h 0 may be faster
*
optimization finished, #iter = 1697
C = 226.41831332724945
obj = 83158.76789945315, rho = -8.040685963622458
nSV = 2368, nBSV = 1665
Total nSV = 2368
..
Warning: using -h 0 may be faster
*
optimization finished, #iter = 2053
C = 202.78649314585584
obj = 85420.70255625308, rho = 3.7059759547174864
nSV = 2910, nBSV = 2135
.
Warning: using -h 0 may be faster
*
optimization finished, #iter = 1724
C = 282.90977696517916
obj = 107800.29801849056, rho = 1.475149574129165
nSV = 2087, nBSV = 1388
Total nSV = 2087
.
Warning: using -h 0 may be faster
*
optimization finished, #iter = 1716
C = 331.0229127922047
obj = 128076.98098731157, rho = -9.026484091100977
nSV = 2108, nBSV = 1380
Total nSV = 2108
.
Warning: using -h 0 may be faster
*
optimization finished, #iter = 1761
C = 337.6939187186887
obj = 133129.28750593326, rho = -5.61402050966817
nSV = 2120, nBSV = 1365
Total nSV = 2120
.
Warning: using -h 0 may be faster
*
optimization finished, #iter = 1645
C = 276.5255610646057
obj = 103633.71968011397, rho = -4.795930869388893
nSV = 2072, nBSV = 1412
Total nSV = 2072
.
Warning: using -h 0 may be faster
*
optimization finished, #iter = 1656
C = 294.1344287970461
obj = 114504.20243368049, rho = -4.33776736675004
nSV = 2090, nBSV = 1385
Total nSV = 2090
..*
optimization finished, #iter = 2016
C = 285.17341444481076
obj = 128815.04984265295, rho = -4.0585998817069875
nSV = 2568, nBSV = 1791
...
Warning: using -h 0 may be faster
*
optimization finished, #iter = 3863
C = 1093.7412731048917
obj = 821580.6166473583, rho = 3.9229895489865836
nSV = 3790, nBSV = 1813
Total nSV = 3790
.
Warning: using -h 0 may be faster
..
Warning: using -h 0 may be faster
*
optimization finished, #iter = 3964
C = 1305.3515284932419
obj = 1033858.2530750738, rho = -61.50653984397627
nSV = 3815, nBSV = 1751
Total nSV = 3815
.
Warning: using -h 0 may be faster
...
Warning: using -h 0 may be faster
*
optimization finished, #iter = 4101
C = 1130.0463079110605
obj = 857923.7228737688, rho = -39.242628845426225
nSV = 3791, nBSV = 1800
Total nSV = 3791
.
Warning: using -h 0 may be faster
...
Warning: using -h 0 may be faster
*
optimization finished, #iter = 4129
C = 1206.0145776859745
obj = 930837.1929396195, rho = -47.75728249326022
nSV = 3864, nBSV = 1761
Total nSV = 3864
....
Warning: using -h 0 may be faster
*
optimization finished, #iter = 4023
C = 1247.0816254227746
obj = 974663.9788791803, rho = -30.3469161331421
nSV = 3859, nBSV = 1762
Total nSV = 3859
.
Warning: using -h 0 may be faster
....
Warning: using -h 0 may be faster
*
optimization finished, #iter = 5188
C = 1266.318319196369
obj = 1151737.4028225914, rho = -56.92887659527542
nSV = 4694, nBSV = 2286
Total nSV = 6865


=== Predictions under cross-validation ===

 inst#     actual  predicted error distribution
     1  2:neutral  2:neutral       0.12,*0.639,0.241 
     2  2:neutral  2:neutral       0.029,*0.871,0.1 
     3  2:neutral 3:positive   +   0.09,0.295,*0.615 
     4  2:neutral  2:neutral       0.105,*0.562,0.333 
     5  2:neutral  2:neutral       0.05,*0.733,0.217 
     6  2:neutral 1:negative   +   *0.632,0.327,0.041 
     7  2:neutral  2:neutral       0.065,*0.645,0.29 
     8  2:neutral  2:neutral       0.066,*0.852,0.081 
     9  2:neutral  2:neutral       0.098,*0.596,0.305 
    10  2:neutral 1:negative   +   *0.698,0.18,0.122 
    11  2:neutral 3:positive   +   0.029,0.438,*0.533 
    12  2:neutral  2:neutral       0.059,*0.727,0.214 
    13  2:neutral  2:neutral       0.032,*0.734,0.234 
    14  2:neutral  2:neutral       0.023,*0.749,0.228 
    15  2:neutral  2:neutral       0.389,*0.407,0.204 
    16  2:neutral  2:neutral       0.015,*0.687,0.298 
    17  2:neutral 3:positive   +   0.32,0.275,*0.404 
    18  2:neutral  2:neutral       0.213,*0.435,0.352 
    19  2:neutral  2:neutral       0.143,*0.727,0.13 
    20  2:neutral  2:neutral       0.063,*0.867,0.07 
    21  2:neutral 3:positive   +   0.281,0.329,*0.39 
    22  2:neutral 3:positive   +   0.093,0.374,*0.533 
    23  2:neutral  2:neutral       0.072,*0.693,0.235 
    24  2:neutral  2:neutral       0.051,*0.682,0.267 
    25  2:neutral  2:neutral       0.077,*0.667,0.256 
    26  2:neutral 3:positive   +   0.198,0.381,*0.421 
    27  2:neutral  2:neutral       0.02,*0.8,0.18 
    28  2:neutral 1:negative   +   *0.545,0.322,0.133 
    29  2:neutral  2:neutral       0.02,*0.733,0.246 
    30  2:neutral  2:neutral       0.052,*0.54,0.408 
    31  2:neutral  2:neutral       0.377,*0.481,0.142 
    32  2:neutral 1:negative   +   *0.927,0.054,0.019 
    33  2:neutral  2:neutral       0.031,*0.819,0.15 
    34  2:neutral  2:neutral       0.083,*0.692,0.225 
    35  2:neutral  2:neutral       0.143,*0.766,0.091 
    36  2:neutral  2:neutral       0.019,*0.88,0.101 
    37  2:neutral  2:neutral       0.203,*0.64,0.157 
    38  2:neutral  2:neutral       0.109,*0.72,0.171 
    39  2:neutral  2:neutral       0.043,*0.729,0.228 
    40  2:neutral 3:positive   +   0.018,0.479,*0.502 
    41  2:neutral  2:neutral       0.084,*0.718,0.198 
    42  2:neutral  2:neutral       0.031,*0.734,0.235 
    43  2:neutral 3:positive   +   0.156,0.097,*0.747 
    44  2:neutral  2:neutral       0.139,*0.498,0.363 
    45  2:neutral  2:neutral       0.028,*0.914,0.058 
    46  2:neutral  2:neutral       0.013,*0.832,0.154 
    47  2:neutral  2:neutral       0.029,*0.605,0.366 
    48  2:neutral 3:positive   +   0.015,0.085,*0.9 
    49  2:neutral  2:neutral       0.066,*0.821,0.113 
    50  2:neutral  2:neutral       0.041,*0.758,0.201 
    51  2:neutral  2:neutral       0.073,*0.881,0.046 
    52  2:neutral  2:neutral       0.271,*0.55,0.179 
    53  2:neutral  2:neutral       0.357,*0.386,0.258 
    54  2:neutral  2:neutral       0.091,*0.478,0.431 
    55  2:neutral  2:neutral       0.036,*0.592,0.372 
    56  2:neutral  2:neutral       0.068,*0.849,0.083 
    57  2:neutral  2:neutral       0.103,*0.688,0.209 
    58  2:neutral  2:neutral       0.07,*0.598,0.332 
    59  2:neutral  2:neutral       0.1,*0.564,0.336 
    60  2:neutral  2:neutral       0.128,*0.611,0.261 
    61  2:neutral  2:neutral       0.062,*0.845,0.094 
    62  2:neutral  2:neutral       0.069,*0.679,0.252 
    63  2:neutral  2:neutral       0.015,*0.811,0.174 
    64  2:neutral  2:neutral       0.262,*0.529,0.208 
    65  2:neutral  2:neutral       0.204,*0.727,0.068 
    66  2:neutral 3:positive   +   0.021,0.154,*0.825 
    67  2:neutral  2:neutral       0.044,*0.612,0.343 
    68  2:neutral  2:neutral       0.228,*0.504,0.268 
    69  2:neutral 3:positive   +   0.027,0.264,*0.709 
    70  2:neutral 3:positive   +   0.079,0.4,*0.521 
    71  2:neutral  2:neutral       0.12,*0.747,0.133 
    72  2:neutral 3:positive   +   0.029,0.177,*0.793 
    73  2:neutral 3:positive   +   0.167,0.323,*0.51 
    74  2:neutral  2:neutral       0.066,*0.492,0.442 
    75  2:neutral  2:neutral       0.04,*0.756,0.205 
    76  2:neutral  2:neutral       0.08,*0.678,0.243 
    77  2:neutral 3:positive   +   0.138,0.405,*0.457 
    78  2:neutral  2:neutral       0.079,*0.622,0.299 
    79  2:neutral  2:neutral       0.22,*0.681,0.099 
    80  2:neutral  2:neutral       0.059,*0.891,0.05 
    81  2:neutral  2:neutral       0.298,*0.359,0.343 
    82  2:neutral  2:neutral       0.151,*0.801,0.048 
    83  2:neutral 1:negative   +   *0.564,0.063,0.373 
    84  2:neutral 3:positive   +   0.033,0.07,*0.897 
    85  2:neutral  2:neutral       0.242,*0.652,0.106 
    86  2:neutral  2:neutral       0.049,*0.814,0.136 
    87  2:neutral  2:neutral       0.014,*0.545,0.441 
    88  2:neutral  2:neutral       0.03,*0.599,0.372 
    89  2:neutral 1:negative   +   *0.399,0.387,0.215 
    90  2:neutral  2:neutral       0.033,*0.842,0.125 
    91  2:neutral  2:neutral       0.068,*0.712,0.22 
    92  2:neutral  2:neutral       0.136,*0.668,0.196 
    93  2:neutral  2:neutral       0.09,*0.642,0.268 
    94  2:neutral 3:positive   +   0.073,0.342,*0.584 
    95  2:neutral  2:neutral       0.137,*0.433,0.43 
    96  2:neutral  2:neutral       0.092,*0.785,0.123 
    97  2:neutral  2:neutral       0.051,*0.84,0.109 
    98  2:neutral 3:positive   +   0.068,0.255,*0.677 
    99  2:neutral  2:neutral       0.051,*0.805,0.144 
   100  2:neutral  2:neutral       0.11,*0.688,0.202 
   101  2:neutral  2:neutral       0.241,*0.615,0.144 
   102  2:neutral 3:positive   +   0.077,0.249,*0.674 
   103  2:neutral  2:neutral       0.044,*0.742,0.214 
   104  2:neutral  2:neutral       0.208,*0.507,0.285 
   105  2:neutral  2:neutral       0.078,*0.686,0.237 
   106  2:neutral 3:positive   +   0.166,0.296,*0.538 
   107  2:neutral  2:neutral       0.083,*0.663,0.254 
   108  2:neutral  2:neutral       0.05,*0.913,0.038 
   109  2:neutral  2:neutral       0.014,*0.774,0.212 
   110  2:neutral  2:neutral       0.06,*0.845,0.095 
   111  2:neutral  2:neutral       0.087,*0.534,0.379 
   112  2:neutral  2:neutral       0.008,*0.887,0.105 
   113  2:neutral  2:neutral       0.052,*0.579,0.37 
   114  2:neutral 3:positive   +   0.06,0.27,*0.67 
   115  2:neutral  2:neutral       0.05,*0.687,0.263 
   116  2:neutral  2:neutral       0.164,*0.744,0.091 
   117  2:neutral  2:neutral       0.028,*0.939,0.032 
   118  2:neutral  2:neutral       0.089,*0.613,0.299 
   119  2:neutral  2:neutral       0.035,*0.757,0.208 
   120  2:neutral 3:positive   +   0.059,0.263,*0.677 
   121  2:neutral  2:neutral       0.06,*0.533,0.406 
   122  2:neutral 3:positive   +   0.112,0.181,*0.707 
   123  2:neutral  2:neutral       0.074,*0.846,0.081 
   124  2:neutral  2:neutral       0.069,*0.829,0.103 
   125  2:neutral  2:neutral       0.111,*0.754,0.135 
   126  2:neutral 3:positive   +   0.032,0.292,*0.677 
   127  2:neutral  2:neutral       0.021,*0.875,0.105 
   128  2:neutral 3:positive   +   0.038,0.452,*0.51 
   129  2:neutral  2:neutral       0.119,*0.705,0.176 
   130  2:neutral  2:neutral       0.079,*0.617,0.304 
   131  2:neutral 3:positive   +   0.256,0.324,*0.421 
   132  2:neutral  2:neutral       0.062,*0.701,0.236 
   133  2:neutral  2:neutral       0.056,*0.874,0.07 
   134  2:neutral  2:neutral       0.022,*0.836,0.142 
   135  2:neutral  2:neutral       0.019,*0.689,0.292 
   136  2:neutral  2:neutral       0.009,*0.677,0.313 
   137  2:neutral  2:neutral       0.092,*0.714,0.193 
   138  2:neutral 3:positive   +   0.041,0.372,*0.587 
   139  2:neutral  2:neutral       0.157,*0.661,0.182 
   140  2:neutral  2:neutral       0.062,*0.607,0.331 
   141  2:neutral  2:neutral       0.045,*0.781,0.174 
   142  2:neutral  2:neutral       0.141,*0.749,0.109 
   143  2:neutral  2:neutral       0.194,*0.434,0.372 
   144  2:neutral  2:neutral       0.142,*0.76,0.098 
   145  2:neutral 3:positive   +   0.213,0.352,*0.435 
   146  2:neutral  2:neutral       0.153,*0.714,0.133 
   147  2:neutral  2:neutral       0.037,*0.715,0.248 
   148  2:neutral  2:neutral       0.081,*0.711,0.208 
   149  2:neutral 3:positive   +   0.187,0.245,*0.568 
   150  2:neutral  2:neutral       0.063,*0.805,0.132 
   151  2:neutral  2:neutral       0.061,*0.803,0.136 
   152  2:neutral  2:neutral       0.018,*0.939,0.043 
   153  2:neutral  2:neutral       0.025,*0.871,0.104 
   154  2:neutral  2:neutral       0.248,*0.602,0.151 
   155  2:neutral  2:neutral       0.107,*0.534,0.358 
   156  2:neutral 3:positive   +   0.086,0.344,*0.57 
   157  2:neutral  2:neutral       0.063,*0.685,0.252 
   158  2:neutral  2:neutral       0.039,*0.807,0.154 
   159  2:neutral  2:neutral       0.137,*0.792,0.071 
   160  2:neutral  2:neutral       0.021,*0.647,0.332 
   161  2:neutral  2:neutral       0.148,*0.475,0.377 
   162  2:neutral  2:neutral       0.025,*0.896,0.078 
   163  2:neutral  2:neutral       0.029,*0.671,0.3 
   164  2:neutral  2:neutral       0.124,*0.598,0.279 
   165  2:neutral  2:neutral       0.087,*0.781,0.132 
   166  2:neutral  2:neutral       0.078,*0.71,0.213 
   167  2:neutral 3:positive   +   0.066,0.409,*0.524 
   168  2:neutral  2:neutral       0.044,*0.724,0.232 
   169  2:neutral  2:neutral       0.075,*0.683,0.242 
   170  2:neutral  2:neutral       0.075,*0.807,0.117 
   171  2:neutral  2:neutral       0.069,*0.495,0.436 
   172  2:neutral  2:neutral       0.354,*0.396,0.251 
   173  2:neutral 1:negative   +   *0.865,0.106,0.029 
   174  2:neutral  2:neutral       0.092,*0.516,0.392 
   175  2:neutral  2:neutral       0.065,*0.775,0.16 
   176  2:neutral  2:neutral       0.246,*0.592,0.162 
   177  2:neutral  2:neutral       0.048,*0.844,0.108 
   178  2:neutral  2:neutral       0.192,*0.632,0.176 
   179  2:neutral  2:neutral       0.102,*0.604,0.294 
   180  2:neutral  2:neutral       0.052,*0.79,0.159 
   181  2:neutral  2:neutral       0.067,*0.808,0.125 
   182  2:neutral 1:negative   +   *0.702,0.256,0.042 
   183  2:neutral  2:neutral       0.086,*0.72,0.194 
   184  2:neutral 3:positive   +   0.067,0.431,*0.503 
   185  2:neutral  2:neutral       0.066,*0.59,0.344 
   186  2:neutral  2:neutral       0.019,*0.87,0.111 
   187  2:neutral  2:neutral       0.053,*0.59,0.357 
   188  2:neutral 3:positive   +   0.056,0.369,*0.575 
   189  2:neutral  2:neutral       0.354,*0.538,0.108 
   190  2:neutral 1:negative   +   *0.462,0.451,0.088 
   191  2:neutral  2:neutral       0.111,*0.753,0.136 
   192  2:neutral  2:neutral       0.056,*0.754,0.19 
   193  2:neutral  2:neutral       0.01,*0.738,0.252 
   194  2:neutral  2:neutral       0.072,*0.78,0.149 
   195  2:neutral  2:neutral       0.037,*0.508,0.455 
   196  2:neutral  2:neutral       0.215,*0.681,0.104 
   197  2:neutral  2:neutral       0.053,*0.531,0.416 
   198  2:neutral  2:neutral       0.351,*0.409,0.24 
   199  2:neutral 3:positive   +   0.07,0.261,*0.669 
   200  2:neutral  2:neutral       0.038,*0.769,0.192 
   201  2:neutral  2:neutral       0.121,*0.789,0.089 
   202  2:neutral  2:neutral       0.137,*0.606,0.257 
   203  2:neutral  2:neutral       0.042,*0.5,0.458 
   204  2:neutral  2:neutral       0.023,*0.953,0.024 
   205  2:neutral  2:neutral       0.013,*0.747,0.24 
   206  2:neutral  2:neutral       0.133,*0.627,0.24 
   207  2:neutral 3:positive   +   0.028,0.441,*0.53 
   208  2:neutral  2:neutral       0.027,*0.897,0.076 
   209  2:neutral  2:neutral       0.03,*0.905,0.065 
   210  2:neutral 3:positive   +   0.341,0.283,*0.376 
   211  2:neutral  2:neutral       0.021,*0.777,0.202 
   212  2:neutral  2:neutral       0.029,*0.866,0.105 
   213  2:neutral  2:neutral       0.071,*0.598,0.331 
   214  2:neutral  2:neutral       0.045,*0.707,0.248 
   215  2:neutral  2:neutral       0.401,*0.534,0.065 
   216  2:neutral  2:neutral       0.073,*0.602,0.325 
   217  2:neutral  2:neutral       0.042,*0.847,0.111 
   218  2:neutral  2:neutral       0.292,*0.434,0.274 
   219  2:neutral  2:neutral       0.057,*0.613,0.33 
   220  2:neutral  2:neutral       0.094,*0.668,0.239 
   221  2:neutral 1:negative   +   *0.636,0.237,0.128 
   222  2:neutral 3:positive   +   0.099,0.362,*0.539 
   223  2:neutral  2:neutral       0.027,*0.621,0.353 
   224  2:neutral  2:neutral       0.091,*0.82,0.09 
   225  2:neutral  2:neutral       0.042,*0.831,0.128 
   226  2:neutral  2:neutral       0.062,*0.782,0.157 
   227  2:neutral  2:neutral       0.038,*0.806,0.156 
   228  2:neutral 3:positive   +   0.049,0.254,*0.697 
   229  2:neutral  2:neutral       0.017,*0.697,0.286 
   230  2:neutral  2:neutral       0.357,*0.369,0.274 
   231  2:neutral  2:neutral       0.064,*0.769,0.167 
   232  2:neutral  2:neutral       0.389,*0.412,0.199 
   233  2:neutral  2:neutral       0.199,*0.54,0.261 
   234  2:neutral  2:neutral       0.055,*0.697,0.247 
   235  2:neutral  2:neutral       0.194,*0.7,0.106 
   236  2:neutral 3:positive   +   0.094,0.42,*0.486 
   237  2:neutral  2:neutral       0.055,*0.517,0.428 
   238  2:neutral  2:neutral       0.293,*0.592,0.115 
   239  2:neutral  2:neutral       0.053,*0.65,0.297 
   240  2:neutral  2:neutral       0.074,*0.757,0.17 
   241  2:neutral 1:negative   +   *0.472,0.306,0.221 
   242  2:neutral  2:neutral       0.051,*0.639,0.31 
   243  2:neutral 3:positive   +   0.025,0.336,*0.639 
   244  2:neutral  2:neutral       0.046,*0.764,0.19 
   245  2:neutral  2:neutral       0.128,*0.76,0.113 
   246  2:neutral 3:positive   +   0.016,0.412,*0.572 
   247  2:neutral  2:neutral       0.011,*0.956,0.032 
   248  2:neutral 3:positive   +   0.058,0.419,*0.523 
   249  2:neutral  2:neutral       0.145,*0.434,0.421 
   250  2:neutral  2:neutral       0.034,*0.806,0.16 
   251  2:neutral  2:neutral       0.082,*0.537,0.381 
   252  2:neutral 3:positive   +   0.036,0.371,*0.593 
   253  2:neutral  2:neutral       0.098,*0.551,0.351 
   254  2:neutral  2:neutral       0.129,*0.74,0.131 
   255  2:neutral  2:neutral       0.025,*0.878,0.097 
   256  2:neutral  2:neutral       0.088,*0.543,0.369 
   257  2:neutral  2:neutral       0.083,*0.663,0.254 
   258  2:neutral  2:neutral       0.073,*0.866,0.062 
   259  2:neutral  2:neutral       0.158,*0.518,0.324 
   260  2:neutral  2:neutral       0.066,*0.89,0.044 
   261  2:neutral 3:positive   +   0.034,0.442,*0.524 
   262  2:neutral  2:neutral       0.045,*0.811,0.144 
   263  2:neutral  2:neutral       0.065,*0.624,0.312 
   264  2:neutral  2:neutral       0.028,*0.921,0.05 
   265  2:neutral  2:neutral       0.075,*0.611,0.314 
   266  2:neutral  2:neutral       0.029,*0.854,0.117 
   267  2:neutral 3:positive   +   0.095,0.275,*0.63 
   268  2:neutral  2:neutral       0.093,*0.826,0.081 
   269  2:neutral 3:positive   +   0.148,0.425,*0.427 
   270  2:neutral  2:neutral       0.106,*0.479,0.415 
   271  2:neutral 1:negative   +   *0.379,0.342,0.28 
   272  2:neutral  2:neutral       0.058,*0.615,0.327 
   273  2:neutral  2:neutral       0.294,*0.592,0.114 
   274  2:neutral 3:positive   +   0.095,0.361,*0.545 
   275  2:neutral 1:negative   +   *0.503,0.11,0.387 
   276  2:neutral  2:neutral       0.053,*0.784,0.164 
   277  2:neutral  2:neutral       0.011,*0.511,0.478 
   278  2:neutral  2:neutral       0.039,*0.529,0.432 
   279  2:neutral 3:positive   +   0.315,0.279,*0.406 
   280  2:neutral  2:neutral       0.022,*0.606,0.372 
   281  2:neutral  2:neutral       0.042,*0.661,0.298 
   282  2:neutral  2:neutral       0.026,*0.92,0.054 
   283  2:neutral 1:negative   +   *0.376,0.269,0.356 
   284  2:neutral 3:positive   +   0.055,0.381,*0.564 
   285  2:neutral  2:neutral       0.025,*0.903,0.072 
   286  2:neutral  2:neutral       0.04,*0.545,0.415 
   287  2:neutral  2:neutral       0.035,*0.891,0.074 
   288  2:neutral  2:neutral       0.177,*0.691,0.132 
   289  2:neutral  2:neutral       0.052,*0.792,0.156 
   290  2:neutral 3:positive   +   0.012,0.47,*0.517 
   291  2:neutral  2:neutral       0.127,*0.698,0.174 
   292  2:neutral 1:negative   +   *0.701,0.178,0.121 
   293  2:neutral 3:positive   +   0.035,0.239,*0.725 
   294  2:neutral 3:positive   +   0.051,0.45,*0.5 
   295  2:neutral  2:neutral       0.113,*0.844,0.043 
   296  2:neutral  2:neutral       0.062,*0.701,0.236 
   297  2:neutral 3:positive   +   0.124,0.324,*0.552 
   298  2:neutral  2:neutral       0.036,*0.667,0.297 
   299  2:neutral  2:neutral       0.117,*0.701,0.182 
   300  2:neutral  2:neutral       0.09,*0.762,0.149 
   301  2:neutral  2:neutral       0.076,*0.613,0.311 
   302  2:neutral  2:neutral       0.078,*0.781,0.14 
   303  2:neutral 3:positive   +   0.043,0.224,*0.733 
   304  2:neutral  2:neutral       0.175,*0.517,0.308 
   305  2:neutral  2:neutral       0.031,*0.913,0.056 
   306  2:neutral  2:neutral       0.028,*0.709,0.264 
   307  2:neutral  2:neutral       0.021,*0.922,0.056 
   308  2:neutral  2:neutral       0.035,*0.952,0.013 
   309  2:neutral 3:positive   +   0.044,0.093,*0.862 
   310  2:neutral  2:neutral       0.098,*0.875,0.028 
   311  2:neutral  2:neutral       0.133,*0.596,0.27 
   312  2:neutral  2:neutral       0.118,*0.737,0.145 
   313  2:neutral  2:neutral       0.113,*0.557,0.33 
   314  2:neutral  2:neutral       0.155,*0.676,0.169 
   315  2:neutral  2:neutral       0.024,*0.697,0.279 
   316  2:neutral 3:positive   +   0.031,0.398,*0.571 
   317  2:neutral  2:neutral       0.062,*0.835,0.103 
   318  2:neutral  2:neutral       0.061,*0.811,0.127 
   319  2:neutral  2:neutral       0.109,*0.459,0.432 
   320  2:neutral  2:neutral       0.08,*0.829,0.091 
   321  2:neutral  2:neutral       0.082,*0.812,0.106 
   322  2:neutral  2:neutral       0.05,*0.791,0.159 
   323  2:neutral  2:neutral       0.078,*0.715,0.207 
   324  2:neutral  2:neutral       0.059,*0.767,0.174 
   325  2:neutral  2:neutral       0.035,*0.84,0.125 
   326  2:neutral  2:neutral       0.062,*0.808,0.131 
   327  2:neutral 1:negative   +   *0.872,0.04,0.088 
   328  2:neutral 1:negative   +   *0.479,0.431,0.09 
   329  2:neutral  2:neutral       0.358,*0.46,0.181 
   330  2:neutral  2:neutral       0.039,*0.873,0.088 
   331  2:neutral  2:neutral       0.073,*0.626,0.3 
   332  2:neutral  2:neutral       0.069,*0.762,0.169 
   333  2:neutral  2:neutral       0.02,*0.889,0.092 
   334  2:neutral 1:negative   +   *0.38,0.313,0.307 
   335  2:neutral 3:positive   +   0.012,0.354,*0.634 
   336  2:neutral  2:neutral       0.077,*0.579,0.344 
   337  2:neutral  2:neutral       0.042,*0.707,0.252 
   338  2:neutral 3:positive   +   0.12,0.435,*0.445 
   339  2:neutral  2:neutral       0.059,*0.744,0.197 
   340  2:neutral  2:neutral       0.349,*0.445,0.207 
   341  2:neutral  2:neutral       0.065,*0.582,0.353 
   342  2:neutral 3:positive   +   0.109,0.178,*0.713 
   343  2:neutral  2:neutral       0.245,*0.565,0.19 
