Zero Weights processed. Default weights will be used
..
Warning: using -h 0 may be faster
*
optimization finished, #iter = 2044
C = 593.2083050423141
obj = 306114.5012945832, rho = -10.284465614547067
nSV = 2457, nBSV = 1372
Total nSV = 2457
..
Warning: using -h 0 may be faster
*
optimization finished, #iter = 2001
C = 584.9146341551268
obj = 297667.81808641105, rho = -7.481951055384853
nSV = 2433, nBSV = 1381
Total nSV = 2433
..
Warning: using -h 0 may be faster
*
optimization finished, #iter = 2049
C = 615.2673622575776
obj = 320590.0140968772, rho = -13.934925746726028
nSV = 2485, nBSV = 1381
Total nSV = 2485
..
Warning: using -h 0 may be faster
*
optimization finished, #iter = 2045
C = 592.7203186405949
obj = 304009.6919040364, rho = 0.052179741031865734
nSV = 2454, nBSV = 1401
Total nSV = 2454
.
Warning: using -h 0 may be faster
*
optimization finished, #iter = 1996
C = 593.0495425629157
obj = 304768.69759237394, rho = -7.5531633916513305
nSV = 2447, nBSV = 1381
Total nSV = 2447
..
Warning: using -h 0 may be faster
*
optimization finished, #iter = 2559
C = 569.4399334563832
obj = 340555.33362177224, rho = -10.560175292636693
nSV = 2982, nBSV = 1807
...
Warning: using -h 0 may be faster
*
optimization finished, #iter = 3832
C = 1798.2239758139065
obj = 1768858.9391039452, rho = 29.11628545831957
nSV = 4336, nBSV = 1824
Total nSV = 4336
...
Warning: using -h 0 may be faster
*
optimization finished, #iter = 3868
C = 1854.1020038430975
obj = 1863215.4113730416, rho = -97.78621660073874
nSV = 4389, nBSV = 1801
Total nSV = 4389
...
Warning: using -h 0 may be faster
*
optimization finished, #iter = 3899
C = 1788.8254991256015
obj = 1774268.6377353405, rho = -128.46145808283546
nSV = 4383, nBSV = 1786
Total nSV = 4383
...
Warning: using -h 0 may be faster
*
optimization finished, #iter = 3992
C = 1928.7657018882778
obj = 1941209.9487596815, rho = -103.85924464701634
nSV = 4403, nBSV = 1807
Total nSV = 4403
.
Warning: using -h 0 may be faster
...
Warning: using -h 0 may be faster
*
optimization finished, #iter = 4019
C = 1770.5372308978342
obj = 1736727.6969606709, rho = -87.2702331877336
nSV = 4373, nBSV = 1832
Total nSV = 4373
.
Warning: using -h 0 may be faster
...
Warning: using -h 0 may be faster
*
optimization finished, #iter = 4862
C = 1885.4811066284335
obj = 2164553.3074400695, rho = 9.88144631005249
nSV = 5324, nBSV = 2356
..
Warning: using -h 0 may be faster
*
optimization finished, #iter = 2494
C = 643.7409652483694
obj = 362467.11833640805, rho = -33.53286940058514
nSV = 2946, nBSV = 1565
Total nSV = 2946
..
Warning: using -h 0 may be faster
*
optimization finished, #iter = 2491
C = 723.9826543150299
obj = 431269.2783588178, rho = -31.759228565521017
nSV = 2948, nBSV = 1528
Total nSV = 2948
..
Warning: using -h 0 may be faster
*
optimization finished, #iter = 2543
C = 671.4818082657853
obj = 383184.676699203, rho = -24.771946294583994
nSV = 2972, nBSV = 1548
Total nSV = 2972
..
Warning: using -h 0 may be faster
*
optimization finished, #iter = 2305
C = 635.1066313094
obj = 365236.08727380587, rho = -32.40543118394767
nSV = 2902, nBSV = 1569
Total nSV = 2902
..
Warning: using -h 0 may be faster
*
optimization finished, #iter = 2377
C = 714.0799885443353
obj = 428996.67618950125, rho = -24.887034662555628
nSV = 2955, nBSV = 1538
Total nSV = 2955
..
Warning: using -h 0 may be faster
*
optimization finished, #iter = 2890
C = 656.4565575451862
obj = 441495.0164759917, rho = 11.783016356247016
nSV = 3560, nBSV = 2027
Total nSV = 8118
.
Warning: using -h 0 may be faster
*
optimization finished, #iter = 1676
C = 612.9230751483376
obj = 262940.5412506039, rho = -4.821171963987029
nSV = 2013, nBSV = 1064
Total nSV = 2013
.
Warning: using -h 0 may be faster
*
optimization finished, #iter = 1669
C = 613.992365970087
obj = 272797.23992223374, rho = -17.580938008657462
nSV = 1994, nBSV = 1056
Total nSV = 1994
.
Warning: using -h 0 may be faster
*
optimization finished, #iter = 1594
C = 589.6499613412021
obj = 259481.3749847086, rho = -19.418220277171294
nSV = 1991, nBSV = 1065
Total nSV = 1991
.
Warning: using -h 0 may be faster
*
optimization finished, #iter = 1646
C = 625.9247804058399
obj = 271616.3807261727, rho = -10.963212485240465
nSV = 2024, nBSV = 1065
Total nSV = 2024
.
Warning: using -h 0 may be faster
*
optimization finished, #iter = 1565
C = 561.1316403420244
obj = 235632.6810933161, rho = -15.227819688738073
nSV = 1972, nBSV = 1103
Total nSV = 1972
..
Warning: using -h 0 may be faster
*
optimization finished, #iter = 2020
C = 579.8230422550954
obj = 295149.2701685246, rho = -0.8634604637303874
nSV = 2460, nBSV = 1397
...
Warning: using -h 0 may be faster
*
optimization finished, #iter = 3284
C = 1687.2687363518346
obj = 1405808.6919593664, rho = -91.13784533711396
nSV = 3580, nBSV = 1357
Total nSV = 3580
...
Warning: using -h 0 may be faster
*
optimization finished, #iter = 3151
C = 1774.1235668924298
obj = 1511366.4091675628, rho = -93.16174874829683
nSV = 3577, nBSV = 1391
Total nSV = 3577
...
Warning: using -h 0 may be faster
*
optimization finished, #iter = 3081
C = 1712.851686042244
obj = 1462194.4940384293, rho = -88.46167192032546
nSV = 3581, nBSV = 1383
Total nSV = 3581
...
Warning: using -h 0 may be faster
*
optimization finished, #iter = 3240
C = 1790.9038974300245
obj = 1540042.1422006562, rho = -107.09224842393385
nSV = 3622, nBSV = 1363
Total nSV = 3622
...
Warning: using -h 0 may be faster
*
optimization finished, #iter = 3172
C = 1665.0701962877713
obj = 1378634.4770992005, rho = -90.23651877894565
nSV = 3574, nBSV = 1368
Total nSV = 3574
...
Warning: using -h 0 may be faster
*
optimization finished, #iter = 3742
C = 1749.0891309059136
obj = 1722044.5951982986, rho = 17.277800920578905
nSV = 4335, nBSV = 1838
.
Warning: using -h 0 may be faster
*
optimization finished, #iter = 1924
C = 721.9375172897221
obj = 376405.25760798587, rho = -33.69558744024766
nSV = 2403, nBSV = 1195
Total nSV = 2403
.
Warning: using -h 0 may be faster
*
optimization finished, #iter = 1891
C = 651.2555348172534
obj = 319930.39256771054, rho = -24.813299313767505
nSV = 2392, nBSV = 1219
Total nSV = 2392
.
Warning: using -h 0 may be faster
*
optimization finished, #iter = 1871
C = 651.784230312414
obj = 323930.97938921634, rho = -17.666493775593615
nSV = 2384, nBSV = 1204
Total nSV = 2384
.
Warning: using -h 0 may be faster
*
optimization finished, #iter = 1902
C = 663.4689337368071
obj = 330346.3942639105, rho = -28.156279499260176
nSV = 2405, nBSV = 1196
Total nSV = 2405
.
Warning: using -h 0 may be faster
*
optimization finished, #iter = 1926
C = 727.2437727140432
obj = 373001.8041284629, rho = -25.66847211475882
nSV = 2402, nBSV = 1185
Total nSV = 2402
..
Warning: using -h 0 may be faster
*
optimization finished, #iter = 2314
C = 668.5385347536347
obj = 394404.8673455222, rho = 16.206795060583115
nSV = 2902, nBSV = 1562
Total nSV = 6561
.
Warning: using -h 0 may be faster
*
optimization finished, #iter = 1719
C = 663.634145514869
obj = 295131.0934226876, rho = -6.628371047566323
nSV = 2022, nBSV = 1049
Total nSV = 2022
.
Warning: using -h 0 may be faster
*
optimization finished, #iter = 1668
C = 621.8077179612644
obj = 269849.0132845975, rho = -13.176541698530956
nSV = 2001, nBSV = 1059
Total nSV = 2001
.
Warning: using -h 0 may be faster
*
optimization finished, #iter = 1724
C = 673.4194759149166
obj = 305127.0918265953, rho = -6.125506686735822
nSV = 2042, nBSV = 1045
Total nSV = 2042
.
Warning: using -h 0 may be faster
*
optimization finished, #iter = 1665
C = 563.0281582726325
obj = 239851.4301030219, rho = -5.975314461084718
nSV = 2007, nBSV = 1088
Total nSV = 2007
.
Warning: using -h 0 may be faster
*
optimization finished, #iter = 1679
C = 614.9903040551866
obj = 265425.7112709175, rho = -3.9890138079798327
nSV = 2003, nBSV = 1081
Total nSV = 2003
..
Warning: using -h 0 may be faster
*
optimization finished, #iter = 2043
C = 602.1128644036332
obj = 305629.0218963924, rho = -8.895974811640352
nSV = 2468, nBSV = 1378
...
Warning: using -h 0 may be faster
*
optimization finished, #iter = 3174
C = 1698.473869969139
obj = 1426434.0818509266, rho = 15.486077909093106
nSV = 3605, nBSV = 1392
Total nSV = 3605
...
Warning: using -h 0 may be faster
*
optimization finished, #iter = 3107
C = 1669.5115819805767
obj = 1367750.872683779, rho = 14.273225991956403
nSV = 3572, nBSV = 1394
Total nSV = 3572
...
Warning: using -h 0 may be faster
*
optimization finished, #iter = 3155
C = 1702.090285512737
obj = 1390103.0609567338, rho = 15.59141019643253
nSV = 3566, nBSV = 1413
Total nSV = 3566
...
Warning: using -h 0 may be faster
*
optimization finished, #iter = 3135
C = 1637.607524789875
obj = 1277101.8075318825, rho = 24.36685217330502
nSV = 3572, nBSV = 1401
Total nSV = 3572
...
Warning: using -h 0 may be faster
*
optimization finished, #iter = 3064
C = 1650.6789092846832
obj = 1336753.1658296096, rho = 5.546826048926516
nSV = 3537, nBSV = 1401
Total nSV = 3537
...
Warning: using -h 0 may be faster
*
optimization finished, #iter = 3809
C = 1788.6846699209652
obj = 1780205.6562023251, rho = 7.342454971090311
nSV = 4338, nBSV = 1859
.
Warning: using -h 0 may be faster
*
optimization finished, #iter = 1818
C = 684.9366838235866
obj = 340959.78941999277, rho = 7.1222868755478554
nSV = 2384, nBSV = 1230
Total nSV = 2384
.
Warning: using -h 0 may be faster
*
optimization finished, #iter = 1928
C = 708.8158677822337
obj = 361963.2626086712, rho = -31.938404362453586
nSV = 2412, nBSV = 1215
Total nSV = 2412
.
Warning: using -h 0 may be faster
*
optimization finished, #iter = 1859
C = 731.8144047632028
obj = 370397.4817791614, rho = -27.367521120320387
nSV = 2431, nBSV = 1183
Total nSV = 2431
.
Warning: using -h 0 may be faster
*
optimization finished, #iter = 1896
C = 667.3576250441522
obj = 328188.41103957716, rho = -31.651888006110305
nSV = 2393, nBSV = 1216
Total nSV = 2393
.
Warning: using -h 0 may be faster
*
optimization finished, #iter = 1873
C = 675.1269188630564
obj = 327754.40369605186, rho = -23.78626440037112
nSV = 2391, nBSV = 1204
Total nSV = 2391
..
Warning: using -h 0 may be faster
*
optimization finished, #iter = 2223
C = 675.4368933620357
obj = 390327.8245605472, rho = 10.888612494210166
nSV = 2897, nBSV = 1575
Total nSV = 6559
...
Warning: using -h 0 may be faster
*
optimization finished, #iter = 3144
C = 1734.7095687695682
obj = 1438113.7401853004, rho = 9.32970316011478
nSV = 3598, nBSV = 1381
Total nSV = 3598
...
Warning: using -h 0 may be faster
*
optimization finished, #iter = 3086
C = 1788.6609245629359
obj = 1516779.4329920535, rho = -86.72024721801115
nSV = 3584, nBSV = 1390
Total nSV = 3584
...
Warning: using -h 0 may be faster
*
optimization finished, #iter = 3139
C = 1706.6363382820953
obj = 1445944.1992514853, rho = -92.68566895103386
nSV = 3571, nBSV = 1393
Total nSV = 3571
...
Warning: using -h 0 may be faster
*
optimization finished, #iter = 3043
C = 1770.3720458703788
obj = 1526572.5667466875, rho = -84.44862393818651
nSV = 3615, nBSV = 1382
Total nSV = 3615
...
Warning: using -h 0 may be faster
*
optimization finished, #iter = 3079
C = 1789.6114898491937
obj = 1510861.521338311, rho = -96.56697306877253
nSV = 3577, nBSV = 1378
Total nSV = 3577
...
Warning: using -h 0 may be faster
*
optimization finished, #iter = 3926
C = 1862.4130156995875
obj = 1863869.3663447434, rho = -108.4071978569592
nSV = 4362, nBSV = 1837
.
Warning: using -h 0 may be faster
*
optimization finished, #iter = 1900
C = 706.2421005587748
obj = 351603.21777403477, rho = -36.24213933775865
nSV = 2400, nBSV = 1187
Total nSV = 2400
.
Warning: using -h 0 may be faster
*
optimization finished, #iter = 1957
C = 764.8846381806213
obj = 391674.9033078578, rho = -24.900320807527933
nSV = 2449, nBSV = 1160
Total nSV = 2449
.
Warning: using -h 0 may be faster
*
optimization finished, #iter = 1989
C = 793.0111076345789
obj = 418145.80484583357, rho = -37.93963016651916
nSV = 2439, nBSV = 1173
Total nSV = 2439
.
Warning: using -h 0 may be faster
*
optimization finished, #iter = 1908
C = 683.2975715888399
obj = 341857.8244720032, rho = -29.225094258598688
nSV = 2406, nBSV = 1188
Total nSV = 2406
.
Warning: using -h 0 may be faster
*
optimization finished, #iter = 1907
C = 756.423781231977
obj = 386860.4553829963, rho = -23.895390289584086
nSV = 2406, nBSV = 1198
Total nSV = 2406
..
Warning: using -h 0 may be faster
*
optimization finished, #iter = 2336
C = 718.8637331784673
obj = 419578.4697356295, rho = -34.451175064990196
nSV = 2949, nBSV = 1520
.
Warning: using -h 0 may be faster
*
optimization finished, #iter = 1602
C = 636.5405833528741
obj = 280926.6546163372, rho = -12.467002571823796
nSV = 2009, nBSV = 1066
Total nSV = 2009
.
Warning: using -h 0 may be faster
*
optimization finished, #iter = 1634
C = 613.1226855629376
obj = 266020.30873873836, rho = -0.43649679160169136
nSV = 2000, nBSV = 1079
Total nSV = 2000
.
Warning: using -h 0 may be faster
*
optimization finished, #iter = 1622
C = 664.6939734625258
obj = 298050.97682045144, rho = -9.894234730913535
nSV = 2024, nBSV = 1080
Total nSV = 2024
.
Warning: using -h 0 may be faster
*
optimization finished, #iter = 1725
C = 663.0617514077985
obj = 299931.22083439433, rho = -12.115867185902742
nSV = 2043, nBSV = 1035
Total nSV = 2043
.
Warning: using -h 0 may be faster
*
optimization finished, #iter = 1688
C = 581.3770034698241
obj = 248939.79889884123, rho = -5.738578765039903
nSV = 2018, nBSV = 1067
Total nSV = 2018
..
Warning: using -h 0 may be faster
*
optimization finished, #iter = 2055
C = 609.770104956257
obj = 316323.7495764614, rho = -8.188772870118424
nSV = 2482, nBSV = 1362
Total nSV = 6608
.
Warning: using -h 0 may be faster
*
optimization finished, #iter = 1672
C = 620.9310714348164
obj = 274026.2813344584, rho = -6.877250338701337
nSV = 2020, nBSV = 1040
Total nSV = 2020
.
Warning: using -h 0 may be faster
*
optimization finished, #iter = 1653
C = 636.600369553934
obj = 284464.81310555746, rho = -13.086925561711206
nSV = 2014, nBSV = 1069
Total nSV = 2014
.
Warning: using -h 0 may be faster
*
optimization finished, #iter = 1622
C = 626.7740381101103
obj = 283708.5936862937, rho = -13.580277840768527
nSV = 1993, nBSV = 1067
Total nSV = 1993
.
Warning: using -h 0 may be faster
*
optimization finished, #iter = 1628
C = 602.0774128619606
obj = 265655.90415140806, rho = -6.650600936730667
nSV = 2008, nBSV = 1086
Total nSV = 2008
.
Warning: using -h 0 may be faster
*
optimization finished, #iter = 1686
C = 611.1810087399948
obj = 269962.3230587005, rho = -15.119139481036159
nSV = 2039, nBSV = 1085
Total nSV = 2039
..
Warning: using -h 0 may be faster
*
optimization finished, #iter = 2041
C = 605.792022949489
obj = 318752.3469271441, rho = -12.594040227884207
nSV = 2449, nBSV = 1375
..
Warning: using -h 0 may be faster
*
optimization finished, #iter = 2016
C = 636.6293266355863
obj = 311117.0325365513, rho = -27.515230694522582
nSV = 2424, nBSV = 1209
Total nSV = 2424
.
Warning: using -h 0 may be faster
*
optimization finished, #iter = 1879
C = 688.9564853313183
obj = 345125.9071258527, rho = -32.23036927258094
nSV = 2387, nBSV = 1201
Total nSV = 2387
.
Warning: using -h 0 may be faster
*
optimization finished, #iter = 1822
C = 686.1618773132607
obj = 339508.03593407676, rho = -30.616374097360282
nSV = 2373, nBSV = 1213
Total nSV = 2373
.
Warning: using -h 0 may be faster
*
optimization finished, #iter = 1933
C = 663.8602235160374
obj = 327942.9918565808, rho = -20.00778933499447
nSV = 2411, nBSV = 1211
Total nSV = 2411
.
Warning: using -h 0 may be faster
*
optimization finished, #iter = 1892
C = 675.375232333323
obj = 333514.0823084713, rho = -23.685137958397558
nSV = 2395, nBSV = 1194
Total nSV = 2395
..
Warning: using -h 0 may be faster
*
optimization finished, #iter = 2279
C = 650.9037444082059
obj = 373290.98184340505, rho = 10.884095423563151
nSV = 2895, nBSV = 1567
...
Warning: using -h 0 may be faster
*
optimization finished, #iter = 3368
C = 1685.1725959938547
obj = 1345422.4902103837, rho = 4.04638748199017
nSV = 3634, nBSV = 1382
Total nSV = 3634
...
Warning: using -h 0 may be faster
*
optimization finished, #iter = 3216
C = 1670.8318135348195
obj = 1366395.094171755, rho = 1.2839157733100766
nSV = 3597, nBSV = 1374
Total nSV = 3597
...
Warning: using -h 0 may be faster
*
optimization finished, #iter = 3113
C = 1588.4047603559009
obj = 1298054.5375651598, rho = 17.58853403681804
nSV = 3548, nBSV = 1405
Total nSV = 3548
...
Warning: using -h 0 may be faster
*
optimization finished, #iter = 3202
C = 1728.49244182962
obj = 1450112.9368378124, rho = 24.893365250405363
nSV = 3578, nBSV = 1379
Total nSV = 3578
...
Warning: using -h 0 may be faster
*
optimization finished, #iter = 3079
C = 1649.8409594869684
obj = 1361893.8030935563, rho = 29.67206359568602
nSV = 3555, nBSV = 1405
Total nSV = 3555
...
Warning: using -h 0 may be faster
*
optimization finished, #iter = 3621
C = 1692.8493322013317
obj = 1635641.969243104, rho = 12.92717050932203
nSV = 4272, nBSV = 1867
Total nSV = 6532
.
Warning: using -h 0 may be faster
*
optimization finished, #iter = 1966
C = 646.0649301252344
obj = 310869.49715130083, rho = -20.455260741465704
nSV = 2401, nBSV = 1232
Total nSV = 2401
.
Warning: using -h 0 may be faster
*
optimization finished, #iter = 1842
C = 672.9539031103972
obj = 329213.8076610259, rho = -33.11667093373745
nSV = 2382, nBSV = 1235
Total nSV = 2382
.
Warning: using -h 0 may be faster
*
optimization finished, #iter = 1813
C = 625.1430512285991
obj = 294474.8627877194, rho = -17.323235996370656
nSV = 2355, nBSV = 1244
Total nSV = 2355
.
Warning: using -h 0 may be faster
*
optimization finished, #iter = 1951
C = 645.2464614247571
obj = 306792.50660148216, rho = -21.084669007645665
nSV = 2342, nBSV = 1228
Total nSV = 2342
.
Warning: using -h 0 may be faster
*
optimization finished, #iter = 1767
C = 632.3819934347669
obj = 300981.58285708615, rho = -28.660629362120424
nSV = 2336, nBSV = 1246
Total nSV = 2336
..
Warning: using -h 0 may be faster
*
optimization finished, #iter = 2245
C = 619.9426985117639
obj = 342654.45880707813, rho = 13.648845350177291
nSV = 2896, nBSV = 1594
.
Warning: using -h 0 may be faster
*
optimization finished, #iter = 1662
C = 568.7893698036604
obj = 240866.8402755592, rho = -4.005016028773466
nSV = 1990, nBSV = 1098
Total nSV = 1990
.
Warning: using -h 0 may be faster
*
optimization finished, #iter = 1689
C = 635.7075822656683
obj = 277213.44593534735, rho = -17.145701982883192
nSV = 2027, nBSV = 1062
Total nSV = 2027
.
Warning: using -h 0 may be faster
*
optimization finished, #iter = 1704
C = 584.3227648675853
obj = 251407.52446349026, rho = -15.43575607667026
nSV = 1989, nBSV = 1069
Total nSV = 1989
.
Warning: using -h 0 may be faster
*
optimization finished, #iter = 1673
C = 646.4890958217794
obj = 287092.35298184794, rho = -15.551035889679415
nSV = 2033, nBSV = 1054
Total nSV = 2033
.
Warning: using -h 0 may be faster
*
optimization finished, #iter = 1655
C = 622.3984041515789
obj = 271477.3623893808, rho = -1.8307379774942192
nSV = 1997, nBSV = 1077
Total nSV = 1997
..
Warning: using -h 0 may be faster
*
optimization finished, #iter = 2114
C = 593.5063624156828
obj = 304565.4283439424, rho = -1.714891822983985
nSV = 2449, nBSV = 1384
...
Warning: using -h 0 may be faster
*
optimization finished, #iter = 3291
C = 1758.0222132624494
obj = 1515245.3413423165, rho = -81.57710701642587
nSV = 3624, nBSV = 1344
Total nSV = 3624
...
Warning: using -h 0 may be faster
*
optimization finished, #iter = 3135
C = 1729.2667798864009
obj = 1452363.1388366509, rho = -84.51038848841127
nSV = 3579, nBSV = 1403
Total nSV = 3579
..
Warning: using -h 0 may be faster
*
optimization finished, #iter = 2973
C = 1839.8325888294758
obj = 1593152.6770019808, rho = -101.6612166239813
nSV = 3589, nBSV = 1396
Total nSV = 3589
...
Warning: using -h 0 may be faster
*
optimization finished, #iter = 3117
C = 1779.5526331366493
obj = 1503621.351414056, rho = -105.0833861004325
nSV = 3583, nBSV = 1367
Total nSV = 3583
...
Warning: using -h 0 may be faster
*
optimization finished, #iter = 3098
C = 1790.900357486133
obj = 1506980.509041631, rho = -69.57972954289153
nSV = 3595, nBSV = 1378
Total nSV = 3595
...
Warning: using -h 0 may be faster
*
optimization finished, #iter = 3800
C = 1851.5784786370127
obj = 1854835.2643989413, rho = -98.31343640563946
nSV = 4333, nBSV = 1802
Total nSV = 6569


=== Predictions under cross-validation ===

 inst#     actual  predicted error distribution
     1  2:neutral  2:neutral       0.184,*0.675,0.141 
     2  2:neutral  2:neutral       0.029,*0.831,0.14 
     3  2:neutral 3:positive   +   0.099,0.204,*0.698 
     4  2:neutral  2:neutral       0.106,*0.536,0.358 
     5  2:neutral  2:neutral       0.068,*0.666,0.266 
     6  2:neutral 1:negative   +   *0.528,0.418,0.053 
     7  2:neutral 3:positive   +   0.086,0.44,*0.475 
     8  2:neutral  2:neutral       0.103,*0.768,0.129 
     9  2:neutral  2:neutral       0.097,*0.604,0.298 
    10  2:neutral 1:negative   +   *0.717,0.162,0.12 
    11  2:neutral 3:positive   +   0.018,0.356,*0.625 
    12  2:neutral  2:neutral       0.061,*0.81,0.129 
    13  2:neutral  2:neutral       0.033,*0.692,0.275 
    14  2:neutral  2:neutral       0.019,*0.574,0.406 
    15  2:neutral  2:neutral       0.379,*0.442,0.178 
    16  2:neutral  2:neutral       0.028,*0.748,0.224 
    17  2:neutral 1:negative   +   *0.421,0.313,0.266 
    18  2:neutral  2:neutral       0.185,*0.562,0.253 
    19  2:neutral  2:neutral       0.116,*0.607,0.278 
    20  2:neutral  2:neutral       0.046,*0.907,0.047 
    21  2:neutral 3:positive   +   0.313,0.333,*0.354 
    22  2:neutral  2:neutral       0.093,*0.643,0.265 
    23  2:neutral  2:neutral       0.085,*0.676,0.239 
    24  2:neutral  2:neutral       0.067,*0.817,0.116 
    25  2:neutral  2:neutral       0.045,*0.695,0.259 
    26  2:neutral 3:positive   +   0.077,0.153,*0.77 
    27  2:neutral  2:neutral       0.037,*0.893,0.07 
    28  2:neutral  2:neutral       0.371,*0.493,0.137 
    29  2:neutral  2:neutral       0.022,*0.736,0.243 
    30  2:neutral 3:positive   +   0.051,0.313,*0.636 
    31  2:neutral 1:negative   +   *0.515,0.406,0.078 
    32  2:neutral 1:negative   +   *0.925,0.056,0.018 
    33  2:neutral  2:neutral       0.015,*0.887,0.098 
    34  2:neutral  2:neutral       0.061,*0.791,0.148 
    35  2:neutral  2:neutral       0.151,*0.778,0.071 
    36  2:neutral  2:neutral       0.025,*0.577,0.398 
    37  2:neutral  2:neutral       0.287,*0.521,0.192 
    38  2:neutral  2:neutral       0.108,*0.733,0.159 
    39  2:neutral  2:neutral       0.055,*0.783,0.162 
    40  2:neutral  2:neutral       0.029,*0.726,0.245 
    41  2:neutral  2:neutral       0.119,*0.688,0.194 
    42  2:neutral  2:neutral       0.099,*0.547,0.354 
    43  2:neutral 3:positive   +   0.235,0.085,*0.68 
    44  2:neutral 3:positive   +   0.055,0.33,*0.614 
    45  2:neutral  2:neutral       0.054,*0.795,0.151 
    46  2:neutral  2:neutral       0.036,*0.62,0.344 
    47  2:neutral  2:neutral       0.054,*0.634,0.312 
    48  2:neutral 3:positive   +   0.05,0.348,*0.602 
    49  2:neutral  2:neutral       0.051,*0.883,0.066 
    50  2:neutral  2:neutral       0.053,*0.797,0.15 
    51  2:neutral  2:neutral       0.185,*0.744,0.071 
    52  2:neutral  2:neutral       0.289,*0.481,0.23 
    53  2:neutral  2:neutral       0.264,*0.427,0.308 
    54  2:neutral  2:neutral       0.092,*0.598,0.31 
    55  2:neutral  2:neutral       0.024,*0.873,0.103 
    56  2:neutral  2:neutral       0.021,*0.916,0.063 
    57  2:neutral  2:neutral       0.213,*0.473,0.314 
    58  2:neutral  2:neutral       0.082,*0.478,0.44 
    59  2:neutral  2:neutral       0.092,*0.682,0.226 
    60  2:neutral  2:neutral       0.091,*0.596,0.313 
    61  2:neutral  2:neutral       0.082,*0.771,0.147 
    62  2:neutral  2:neutral       0.13,*0.666,0.203 
    63  2:neutral  2:neutral       0.042,*0.674,0.284 
    64  2:neutral 3:positive   +   0.189,0.318,*0.493 
    65  2:neutral  2:neutral       0.239,*0.648,0.113 
    66  2:neutral 3:positive   +   0.021,0.178,*0.8 
    67  2:neutral  2:neutral       0.057,*0.553,0.39 
    68  2:neutral  2:neutral       0.331,*0.398,0.271 
    69  2:neutral 3:positive   +   0.042,0.31,*0.648 
    70  2:neutral 3:positive   +   0.106,0.327,*0.567 
    71  2:neutral  2:neutral       0.171,*0.673,0.156 
    72  2:neutral 3:positive   +   0.03,0.103,*0.867 
    73  2:neutral  2:neutral       0.135,*0.579,0.286 
    74  2:neutral  2:neutral       0.071,*0.495,0.433 
    75  2:neutral  2:neutral       0.077,*0.824,0.099 
    76  2:neutral  2:neutral       0.095,*0.667,0.238 
    77  2:neutral  2:neutral       0.111,*0.546,0.343 
    78  2:neutral  2:neutral       0.083,*0.621,0.296 
    79  2:neutral  2:neutral       0.311,*0.573,0.115 
    80  2:neutral  2:neutral       0.045,*0.761,0.194 
    81  2:neutral  2:neutral       0.338,*0.408,0.253 
    82  2:neutral  2:neutral       0.093,*0.837,0.07 
    83  2:neutral 1:negative   +   *0.568,0.11,0.323 
    84  2:neutral 3:positive   +   0.028,0.222,*0.75 
    85  2:neutral  2:neutral       0.407,*0.43,0.164 
    86  2:neutral  2:neutral       0.046,*0.839,0.115 
    87  2:neutral  2:neutral       0.01,*0.668,0.322 
    88  2:neutral  2:neutral       0.028,*0.747,0.225 
    89  2:neutral 1:negative   +   *0.688,0.145,0.167 
    90  2:neutral  2:neutral       0.013,*0.745,0.242 
    91  2:neutral  2:neutral       0.107,*0.671,0.222 
    92  2:neutral  2:neutral       0.153,*0.641,0.206 
    93  2:neutral  2:neutral       0.082,*0.602,0.316 
    94  2:neutral 3:positive   +   0.069,0.443,*0.488 
    95  2:neutral  2:neutral       0.106,*0.474,0.42 
    96  2:neutral  2:neutral       0.13,*0.647,0.223 
    97  2:neutral  2:neutral       0.092,*0.745,0.163 
    98  2:neutral 3:positive   +   0.06,0.401,*0.538 
    99  2:neutral  2:neutral       0.045,*0.793,0.163 
   100  2:neutral  2:neutral       0.05,*0.722,0.228 
   101  2:neutral 3:positive   +   0.164,0.378,*0.458 
   102  2:neutral 3:positive   +   0.061,0.351,*0.588 
   103  2:neutral  2:neutral       0.041,*0.792,0.167 
   104  2:neutral  2:neutral       0.196,*0.587,0.217 
   105  2:neutral  2:neutral       0.057,*0.654,0.289 
   106  2:neutral 3:positive   +   0.124,0.341,*0.535 
   107  2:neutral  2:neutral       0.085,*0.676,0.239 
   108  2:neutral  2:neutral       0.028,*0.868,0.103 
   109  2:neutral  2:neutral       0.014,*0.848,0.138 
   110  2:neutral  2:neutral       0.136,*0.668,0.196 
   111  2:neutral  2:neutral       0.056,*0.663,0.281 
   112  2:neutral  2:neutral       0.015,*0.841,0.144 
   113  2:neutral  2:neutral       0.033,*0.628,0.339 
   114  2:neutral 3:positive   +   0.074,0.329,*0.597 
   115  2:neutral  2:neutral       0.069,*0.673,0.258 
   116  2:neutral  2:neutral       0.116,*0.736,0.148 
   117  2:neutral  2:neutral       0.023,*0.942,0.035 
   118  2:neutral  2:neutral       0.12,*0.538,0.342 
   119  2:neutral  2:neutral       0.043,*0.877,0.08 
   120  2:neutral 3:positive   +   0.061,0.256,*0.683 
   121  2:neutral  2:neutral       0.056,*0.506,0.438 
   122  2:neutral 3:positive   +   0.142,0.209,*0.649 
   123  2:neutral  2:neutral       0.135,*0.801,0.064 
   124  2:neutral  2:neutral       0.04,*0.877,0.083 
   125  2:neutral  2:neutral       0.087,*0.76,0.153 
   126  2:neutral  2:neutral       0.067,*0.5,0.433 
   127  2:neutral  2:neutral       0.042,*0.832,0.126 
   128  2:neutral 3:positive   +   0.057,0.347,*0.595 
   129  2:neutral  2:neutral       0.179,*0.587,0.234 
   130  2:neutral  2:neutral       0.118,*0.671,0.212 
   131  2:neutral  2:neutral       0.337,*0.389,0.274 
   132  2:neutral  2:neutral       0.073,*0.696,0.232 
   133  2:neutral  2:neutral       0.06,*0.804,0.136 
   134  2:neutral  2:neutral       0.015,*0.847,0.138 
   135  2:neutral  2:neutral       0.017,*0.872,0.111 
   136  2:neutral  2:neutral       0.014,*0.789,0.197 
   137  2:neutral  2:neutral       0.065,*0.718,0.217 
   138  2:neutral  2:neutral       0.064,*0.548,0.389 
   139  2:neutral  2:neutral       0.265,*0.517,0.218 
   140  2:neutral  2:neutral       0.092,*0.738,0.17 
   141  2:neutral  2:neutral       0.053,*0.732,0.216 
   142  2:neutral  2:neutral       0.136,*0.658,0.206 
   143  2:neutral  2:neutral       0.184,*0.585,0.231 
   144  2:neutral  2:neutral       0.15,*0.711,0.139 
   145  2:neutral 3:positive   +   0.238,0.245,*0.517 
   146  2:neutral  2:neutral       0.333,*0.544,0.124 
   147  2:neutral  2:neutral       0.024,*0.715,0.262 
   148  2:neutral  2:neutral       0.062,*0.792,0.146 
   149  2:neutral 3:positive   +   0.165,0.287,*0.548 
   150  2:neutral  2:neutral       0.076,*0.841,0.084 
   151  2:neutral  2:neutral       0.059,*0.621,0.32 
   152  2:neutral  2:neutral       0.032,*0.896,0.072 
   153  2:neutral  2:neutral       0.039,*0.854,0.106 
   154  2:neutral  2:neutral       0.199,*0.638,0.163 
   155  2:neutral 3:positive   +   0.045,0.259,*0.696 
   156  2:neutral 3:positive   +   0.076,0.342,*0.582 
   157  2:neutral  2:neutral       0.035,*0.51,0.454 
   158  2:neutral  2:neutral       0.071,*0.815,0.113 
   159  2:neutral  2:neutral       0.098,*0.833,0.069 
   160  2:neutral  2:neutral       0.008,*0.728,0.264 
   161  2:neutral  2:neutral       0.222,*0.557,0.221 
   162  2:neutral  2:neutral       0.029,*0.786,0.185 
   163  2:neutral  2:neutral       0.022,*0.777,0.201 
   164  2:neutral  2:neutral       0.115,*0.631,0.254 
   165  2:neutral  2:neutral       0.061,*0.866,0.073 
   166  2:neutral  2:neutral       0.065,*0.774,0.161 
   167  2:neutral  2:neutral       0.101,*0.598,0.3 
   168  2:neutral  2:neutral       0.048,*0.832,0.12 
   169  2:neutral  2:neutral       0.174,*0.597,0.229 
   170  2:neutral  2:neutral       0.067,*0.749,0.183 
   171  2:neutral  2:neutral       0.065,*0.565,0.37 
   172  2:neutral  2:neutral       0.203,*0.571,0.226 
   173  2:neutral 1:negative   +   *0.861,0.11,0.028 
   174  2:neutral  2:neutral       0.087,*0.617,0.296 
   175  2:neutral  2:neutral       0.079,*0.721,0.2 
   176  2:neutral  2:neutral       0.336,*0.524,0.14 
   177  2:neutral  2:neutral       0.031,*0.788,0.181 
   178  2:neutral  2:neutral       0.212,*0.637,0.151 
   179  2:neutral  2:neutral       0.123,*0.652,0.225 
   180  2:neutral  2:neutral       0.037,*0.876,0.087 
   181  2:neutral  2:neutral       0.062,*0.713,0.225 
   182  2:neutral 1:negative   +   *0.91,0.082,0.009 
   183  2:neutral  2:neutral       0.066,*0.61,0.324 
   184  2:neutral 3:positive   +   0.085,0.369,*0.546 
   185  2:neutral  2:neutral       0.052,*0.671,0.277 
   186  2:neutral  2:neutral       0.014,*0.648,0.338 
   187  2:neutral  2:neutral       0.048,*0.542,0.409 
   188  2:neutral 3:positive   +   0.053,0.384,*0.563 
   189  2:neutral 1:negative   +   *0.598,0.323,0.079 
   190  2:neutral  2:neutral       0.432,*0.475,0.094 
   191  2:neutral  2:neutral       0.156,*0.721,0.123 
   192  2:neutral  2:neutral       0.064,*0.734,0.202 
   193  2:neutral  2:neutral       0.012,*0.552,0.436 
   194  2:neutral  2:neutral       0.077,*0.843,0.079 
   195  2:neutral 3:positive   +   0.092,0.333,*0.575 
   196  2:neutral  2:neutral       0.101,*0.816,0.083 
   197  2:neutral  2:neutral       0.116,*0.671,0.213 
   198  2:neutral 1:negative   +   *0.401,0.371,0.228 
   199  2:neutral 3:positive   +   0.107,0.284,*0.609 
   200  2:neutral  2:neutral       0.067,*0.698,0.235 
   201  2:neutral  2:neutral       0.038,*0.91,0.053 
   202  2:neutral  2:neutral       0.063,*0.779,0.158 
   203  2:neutral 3:positive   +   0.132,0.368,*0.501 
   204  2:neutral  2:neutral       0.025,*0.957,0.017 
   205  2:neutral  2:neutral       0.018,*0.718,0.264 
   206  2:neutral  2:neutral       0.297,*0.513,0.19 
   207  2:neutral  2:neutral       0.056,*0.554,0.39 
   208  2:neutral  2:neutral       0.038,*0.852,0.111 
   209  2:neutral  2:neutral       0.048,*0.733,0.218 
   210  2:neutral 1:negative   +   *0.388,0.31,0.302 
   211  2:neutral  2:neutral       0.021,*0.774,0.205 
   212  2:neutral  2:neutral       0.035,*0.836,0.129 
   213  2:neutral  2:neutral       0.077,*0.791,0.133 
   214  2:neutral  2:neutral       0.08,*0.815,0.105 
   215  2:neutral  2:neutral       0.185,*0.591,0.223 
   216  2:neutral  2:neutral       0.043,*0.558,0.399 
   217  2:neutral  2:neutral       0.062,*0.82,0.118 
   218  2:neutral  2:neutral       0.214,*0.399,0.387 
   219  2:neutral  2:neutral       0.179,*0.711,0.11 
   220  2:neutral  2:neutral       0.059,*0.726,0.215 
   221  2:neutral 1:negative   +   *0.435,0.217,0.348 
   222  2:neutral 3:positive   +   0.104,0.411,*0.486 
   223  2:neutral  2:neutral       0.079,*0.606,0.315 
   224  2:neutral  2:neutral       0.173,*0.605,0.222 
   225  2:neutral  2:neutral       0.045,*0.85,0.104 
   226  2:neutral  2:neutral       0.053,*0.753,0.195 
   227  2:neutral  2:neutral       0.049,*0.809,0.142 
   228  2:neutral 3:positive   +   0.034,0.411,*0.555 
   229  2:neutral  2:neutral       0.016,*0.663,0.32 
   230  2:neutral 1:negative   +   *0.573,0.245,0.182 
   231  2:neutral  2:neutral       0.077,*0.753,0.17 
   232  2:neutral  2:neutral       0.259,*0.475,0.266 
   233  2:neutral  2:neutral       0.195,*0.448,0.357 
   234  2:neutral 3:positive   +   0.023,0.356,*0.621 
   235  2:neutral  2:neutral       0.174,*0.695,0.132 
   236  2:neutral  2:neutral       0.12,*0.56,0.32 
   237  2:neutral 3:positive   +   0.047,0.411,*0.542 
   238  2:neutral  2:neutral       0.375,*0.519,0.106 
   239  2:neutral  2:neutral       0.078,*0.518,0.404 
   240  2:neutral  2:neutral       0.101,*0.605,0.295 
   241  2:neutral 1:negative   +   *0.497,0.389,0.114 
   242  2:neutral  2:neutral       0.074,*0.828,0.098 
   243  2:neutral 3:positive   +   0.03,0.393,*0.577 
   244  2:neutral  2:neutral       0.054,*0.761,0.185 
   245  2:neutral  2:neutral       0.141,*0.667,0.191 
   246  2:neutral 3:positive   +   0.009,0.255,*0.736 
   247  2:neutral  2:neutral       0.011,*0.963,0.025 
   248  2:neutral 3:positive   +   0.052,0.275,*0.673 
   249  2:neutral  2:neutral       0.103,*0.488,0.409 
   250  2:neutral  2:neutral       0.055,*0.766,0.179 
   251  2:neutral  2:neutral       0.093,*0.5,0.406 
   252  2:neutral  2:neutral       0.081,*0.733,0.186 
   253  2:neutral  2:neutral       0.157,*0.73,0.113 
   254  2:neutral  2:neutral       0.144,*0.744,0.112 
   255  2:neutral  2:neutral       0.019,*0.653,0.328 
   256  2:neutral  2:neutral       0.088,*0.651,0.261 
   257  2:neutral  2:neutral       0.085,*0.676,0.239 
   258  2:neutral  2:neutral       0.065,*0.886,0.049 
   259  2:neutral 3:positive   +   0.07,0.463,*0.467 
   260  2:neutral  2:neutral       0.062,*0.848,0.091 
   261  2:neutral 3:positive   +   0.024,0.421,*0.555 
   262  2:neutral  2:neutral       0.023,*0.805,0.172 
   263  2:neutral  2:neutral       0.059,*0.716,0.226 
   264  2:neutral  2:neutral       0.038,*0.9,0.062 
   265  2:neutral  2:neutral       0.141,*0.522,0.337 
   266  2:neutral  2:neutral       0.059,*0.505,0.436 
   267  2:neutral 3:positive   +   0.149,0.279,*0.572 
   268  2:neutral  2:neutral       0.123,*0.727,0.15 
   269  2:neutral  2:neutral       0.195,*0.496,0.309 
   270  2:neutral  2:neutral       0.196,*0.456,0.348 
   271  2:neutral 1:negative   +   *0.537,0.202,0.261 
   272  2:neutral 3:positive   +   0.126,0.219,*0.655 
   273  2:neutral  2:neutral       0.385,*0.484,0.131 
   274  2:neutral 3:positive   +   0.06,0.442,*0.497 
   275  2:neutral 1:negative   +   *0.427,0.152,0.421 
   276  2:neutral  2:neutral       0.027,*0.907,0.066 
   277  2:neutral  2:neutral       0.012,*0.599,0.388 
   278  2:neutral  2:neutral       0.04,*0.862,0.098 
   279  2:neutral  2:neutral       0.352,*0.38,0.268 
   280  2:neutral 3:positive   +   0.022,0.43,*0.548 
   281  2:neutral  2:neutral       0.068,*0.817,0.116 
   282  2:neutral  2:neutral       0.031,*0.864,0.105 
   283  2:neutral 1:negative   +   *0.412,0.367,0.221 
   284  2:neutral  2:neutral       0.052,*0.576,0.372 
   285  2:neutral  2:neutral       0.018,*0.932,0.05 
   286  2:neutral  2:neutral       0.09,*0.516,0.393 
   287  2:neutral  2:neutral       0.041,*0.908,0.051 
   288  2:neutral  2:neutral       0.115,*0.77,0.116 
   289  2:neutral  2:neutral       0.056,*0.765,0.179 
   290  2:neutral  2:neutral       0.025,*0.731,0.244 
   291  2:neutral  2:neutral       0.142,*0.486,0.371 
   292  2:neutral 1:negative   +   *0.692,0.179,0.13 
   293  2:neutral 3:positive   +   0.02,0.361,*0.619 
   294  2:neutral  2:neutral       0.088,*0.494,0.418 
   295  2:neutral  2:neutral       0.136,*0.784,0.08 
   296  2:neutral  2:neutral       0.073,*0.696,0.232 
   297  2:neutral 3:positive   +   0.111,0.438,*0.451 
   298  2:neutral  2:neutral       0.079,*0.686,0.235 
   299  2:neutral  2:neutral       0.171,*0.691,0.138 
   300  2:neutral  2:neutral       0.028,*0.925,0.047 
   301  2:neutral  2:neutral       0.044,*0.71,0.246 
   302  2:neutral  2:neutral       0.068,*0.536,0.396 
   303  2:neutral 3:positive   +   0.058,0.268,*0.674 
   304  2:neutral 3:positive   +   0.137,0.402,*0.461 
   305  2:neutral  2:neutral       0.036,*0.831,0.133 
   306  2:neutral  2:neutral       0.064,*0.728,0.207 
   307  2:neutral  2:neutral       0.041,*0.619,0.34 
   308  2:neutral  2:neutral       0.086,*0.903,0.011 
   309  2:neutral 3:positive   +   0.043,0.264,*0.693 
   310  2:neutral  2:neutral       0.098,*0.859,0.044 
   311  2:neutral  2:neutral       0.15,*0.494,0.356 
   312  2:neutral  2:neutral       0.065,*0.726,0.208 
   313  2:neutral  2:neutral       0.265,*0.637,0.099 
   314  2:neutral  2:neutral       0.18,*0.704,0.116 
   315  2:neutral  2:neutral       0.02,*0.597,0.382 
   316  2:neutral 3:positive   +   0.019,0.197,*0.784 
   317  2:neutral  2:neutral       0.11,*0.615,0.275 
   318  2:neutral  2:neutral       0.089,*0.693,0.217 
   319  2:neutral  2:neutral       0.084,*0.577,0.339 
   320  2:neutral  2:neutral       0.166,*0.687,0.147 
   321  2:neutral  2:neutral       0.118,*0.715,0.167 
   322  2:neutral  2:neutral       0.036,*0.853,0.111 
   323  2:neutral  2:neutral       0.119,*0.595,0.286 
   324  2:neutral  2:neutral       0.095,*0.78,0.125 
   325  2:neutral  2:neutral       0.043,*0.751,0.206 
   326  2:neutral  2:neutral       0.052,*0.755,0.193 
   327  2:neutral 1:negative   +   *0.671,0.179,0.149 
   328  2:neutral 1:negative   +   *0.566,0.344,0.09 
   329  2:neutral  2:neutral       0.286,*0.516,0.198 
   330  2:neutral  2:neutral       0.034,*0.895,0.071 
   331  2:neutral 3:positive   +   0.051,0.292,*0.657 
   332  2:neutral  2:neutral       0.086,*0.739,0.175 
   333  2:neutral  2:neutral       0.018,*0.863,0.119 
   334  2:neutral 3:positive   +   0.239,0.347,*0.414 
   335  2:neutral  2:neutral       0.047,*0.525,0.428 
   336  2:neutral  2:neutral       0.095,*0.587,0.318 
   337  2:neutral  2:neutral       0.032,*0.855,0.113 
   338  2:neutral  2:neutral       0.1,*0.674,0.226 
   339  2:neutral  2:neutral       0.05,*0.822,0.128 
   340  2:neutral  2:neutral       0.305,*0.544,0.15 
   341  2:neutral  2:neutral       0.057,*0.668,0.275 
   342  2:neutral 3:positive   +   0.093,0.121,*0.786 
   343  2:neutral  2:neutral       0.331,*0.413,0.256 
   344  2:neutral  2:neutral       0.027,*0.634,0.338 
   345  2:neutral  2:neutral       0.036,*0.782,0.182 
   346  2:neutral  2:neutral       0.071,*0.469,0.46 
   347  2:neutral  2:neutral       0.085,*0.676,0.239 
   348  2:neutral  2:neutral       0.201,*0.611,0.189 
   349  2:neutral  2:neutral       0.212,*0.659,0.128 
   350  2:neutral  2:neutral       0.037,*0.746,0.218 
   351  2:neutral  2:neutral       0.058,*0.748,0.195 
   352  2:neutral  2:neutral       0.066,*0.689,0.245 
   353  2:neutral  2:neutral       0.259,*0.534,0.207 
   354  2:neutral 1:negative   +   *0.892,0.037,0.072 
   355  2:neutral  2:neutral       0.085,*0.676,0.239 
   356  2:neutral 3:positive   +   0.2,0.298,*0.503 
   357  2:neutral  2:neutral       0.05,*0.623,0.327 
