Zero Weights processed. Default weights will be used
..
Warning: using -h 0 may be faster
*
optimization finished, #iter = 2119
C = 1596.7470105268312
obj = 838882.4218318947, rho = -16.66230763155363
nSV = 2197, nBSV = 672
Total nSV = 2197
..
Warning: using -h 0 may be faster
*
optimization finished, #iter = 2040
C = 1612.634735246102
obj = 860003.6183801133, rho = -31.351948495941933
nSV = 2208, nBSV = 669
Total nSV = 2208
..
Warning: using -h 0 may be faster
*
optimization finished, #iter = 2076
C = 1593.0228946344846
obj = 833674.3653236644, rho = -33.02917252949777
nSV = 2204, nBSV = 694
Total nSV = 2204
..
Warning: using -h 0 may be faster
*
optimization finished, #iter = 2045
C = 1479.218297041706
obj = 761685.794824688, rho = -33.1495257333186
nSV = 2214, nBSV = 701
Total nSV = 2214
..
Warning: using -h 0 may be faster
*
optimization finished, #iter = 2087
C = 1518.9735769309016
obj = 779897.972194395, rho = -34.39204161565242
nSV = 2203, nBSV = 692
Total nSV = 2203
..
Warning: using -h 0 may be faster
*
optimization finished, #iter = 2551
C = 1620.9532117750866
obj = 1017823.2437932199, rho = -34.97020748287034
nSV = 2663, nBSV = 924
...
Warning: using -h 0 may be faster
*
optimization finished, #iter = 3202
C = 3514.2404474227624
obj = 3353402.8409105963, rho = 4.217798829064883
nSV = 3716, nBSV = 966
Total nSV = 3716
...
Warning: using -h 0 may be faster
*
optimization finished, #iter = 3409
C = 3413.467487692778
obj = 3168957.706368362, rho = -14.068630274096584
nSV = 3721, nBSV = 952
Total nSV = 3721
...
Warning: using -h 0 may be faster
*
optimization finished, #iter = 3421
C = 3366.2207617696854
obj = 3113697.4625058016, rho = -9.02789113125708
nSV = 3757, nBSV = 987
Total nSV = 3757
...
Warning: using -h 0 may be faster
*
optimization finished, #iter = 3303
C = 3353.5593505756674
obj = 3171708.1821335065, rho = -12.639616015323842
nSV = 3680, nBSV = 967
Total nSV = 3680
...
Warning: using -h 0 may be faster
*
optimization finished, #iter = 3437
C = 3474.1721577191256
obj = 3258730.214237394, rho = -6.6291352272354125
nSV = 3734, nBSV = 974
Total nSV = 3734
....
Warning: using -h 0 may be faster
*.
Warning: using -h 0 may be faster
*
optimization finished, #iter = 4074
C = 3716.545762109623
obj = 4232794.704428733, rho = -13.261688731571333
nSV = 4478, nBSV = 1296
..
Warning: using -h 0 may be faster
*
optimization finished, #iter = 2270
C = 1820.051220515895
obj = 1126112.6085103787, rho = -84.04703805437656
nSV = 2617, nBSV = 762
Total nSV = 2617
..
Warning: using -h 0 may be faster
*
optimization finished, #iter = 2328
C = 1850.8269921888784
obj = 1173674.9613855623, rho = -83.85208627449661
nSV = 2656, nBSV = 745
Total nSV = 2656
..
Warning: using -h 0 may be faster
*
optimization finished, #iter = 2363
C = 1896.3323988222646
obj = 1187665.8782266155, rho = -69.11168630689184
nSV = 2683, nBSV = 748
Total nSV = 2683
..
Warning: using -h 0 may be faster
*
optimization finished, #iter = 2203
C = 1851.1118280133326
obj = 1172697.6473980683, rho = -60.26447383857746
nSV = 2605, nBSV = 769
Total nSV = 2605
..
Warning: using -h 0 may be faster
*
optimization finished, #iter = 2307
C = 1870.0946662314186
obj = 1171815.1463973934, rho = -77.20693413318367
nSV = 2634, nBSV = 748
Total nSV = 2634
..
Warning: using -h 0 may be faster
*
optimization finished, #iter = 2804
C = 1938.3656685534527
obj = 1436424.43098382, rho = -1.244545789032111
nSV = 3165, nBSV = 1043
Total nSV = 7209
.
Warning: using -h 0 may be faster
*
optimization finished, #iter = 1765
C = 1475.9088159482965
obj = 641700.6798997825, rho = -14.073466728420886
nSV = 1825, nBSV = 523
Total nSV = 1825
.
Warning: using -h 0 may be faster
*
optimization finished, #iter = 1670
C = 1526.9784239150158
obj = 655182.9703321361, rho = -12.164480762523988
nSV = 1811, nBSV = 524
Total nSV = 1811
.
Warning: using -h 0 may be faster
*
optimization finished, #iter = 1760
C = 1615.860208574239
obj = 712902.4109229437, rho = -29.934288479865746
nSV = 1865, nBSV = 505
Total nSV = 1865
.
Warning: using -h 0 may be faster
*
optimization finished, #iter = 1654
C = 1489.6547696714804
obj = 647601.5404531545, rho = -23.730462261438277
nSV = 1830, nBSV = 507
Total nSV = 1830
.
Warning: using -h 0 may be faster
*
optimization finished, #iter = 1626
C = 1444.8555799167418
obj = 615145.0620697798, rho = -23.609618338494847
nSV = 1784, nBSV = 510
Total nSV = 1784
..
Warning: using -h 0 may be faster
*
optimization finished, #iter = 2096
C = 1540.0785250956906
obj = 789308.8385497376, rho = -27.162097606680742
nSV = 2194, nBSV = 682
..
Warning: using -h 0 may be faster
*
optimization finished, #iter = 2689
C = 3135.0414377698435
obj = 2408236.500537365, rho = 17.418924383735668
nSV = 3091, nBSV = 716
Total nSV = 3091
..
Warning: using -h 0 may be faster
*
optimization finished, #iter = 2744
C = 3104.3606414191804
obj = 2390776.0052820207, rho = 2.2934613100178707
nSV = 3087, nBSV = 724
Total nSV = 3087
..
Warning: using -h 0 may be faster
*
optimization finished, #iter = 2520
C = 3177.612579815088
obj = 2498019.1058439314, rho = 8.441006774756032
nSV = 3036, nBSV = 747
Total nSV = 3036
..
Warning: using -h 0 may be faster
*
optimization finished, #iter = 2592
C = 3081.8332250388416
obj = 2390564.9496255037, rho = -0.2757508111295132
nSV = 3052, nBSV = 720
Total nSV = 3052
..
Warning: using -h 0 may be faster
*
optimization finished, #iter = 2567
C = 3094.3153848008815
obj = 2427897.0733204205, rho = 7.046869468866958
nSV = 3060, nBSV = 760
Total nSV = 3060
...
Warning: using -h 0 may be faster
*
optimization finished, #iter = 3126
C = 3286.934335487505
obj = 3087872.202464778, rho = -16.77153350351237
nSV = 3672, nBSV = 990
.
Warning: using -h 0 may be faster
*
optimization finished, #iter = 1884
C = 1717.1177677567102
obj = 889132.7668814393, rho = -70.54605727691445
nSV = 2156, nBSV = 585
Total nSV = 2156
.
Warning: using -h 0 may be faster
*
optimization finished, #iter = 1888
C = 1709.9254394529978
obj = 887097.0475922779, rho = -53.87453143586887
nSV = 2135, nBSV = 567
Total nSV = 2135
.
Warning: using -h 0 may be faster
*
optimization finished, #iter = 1814
C = 1708.48059358387
obj = 883778.600279565, rho = -76.02515846016492
nSV = 2124, nBSV = 594
Total nSV = 2124
.
Warning: using -h 0 may be faster
*
optimization finished, #iter = 1777
C = 1738.8199113274682
obj = 915943.7422540468, rho = -71.07011878193795
nSV = 2168, nBSV = 582
Total nSV = 2168
.
Warning: using -h 0 may be faster
*
optimization finished, #iter = 1810
C = 1649.1572111598205
obj = 842675.9493916325, rho = -68.1534139190969
nSV = 2132, nBSV = 573
Total nSV = 2132
..
Warning: using -h 0 may be faster
*
optimization finished, #iter = 2258
C = 1777.5856867803611
obj = 1093974.2522008957, rho = 5.830000272301836
nSV = 2582, nBSV = 811
Total nSV = 5879
.
Warning: using -h 0 may be faster
*
optimization finished, #iter = 1650
C = 1516.0773858867242
obj = 652011.2983628858, rho = -1.450341043430737
nSV = 1801, nBSV = 525
Total nSV = 1801
.
Warning: using -h 0 may be faster
*
optimization finished, #iter = 1703
C = 1516.7439227618224
obj = 653933.1993863293, rho = -15.21401261900274
nSV = 1805, nBSV = 532
Total nSV = 1805
.
Warning: using -h 0 may be faster
*
optimization finished, #iter = 1696
C = 1567.0394113603952
obj = 676631.8113913066, rho = -25.76897760915718
nSV = 1855, nBSV = 487
Total nSV = 1855
.
Warning: using -h 0 may be faster
*
optimization finished, #iter = 1637
C = 1614.5841499216758
obj = 704598.1160551183, rho = -35.92501288564944
nSV = 1808, nBSV = 515
Total nSV = 1808
.
Warning: using -h 0 may be faster
*
optimization finished, #iter = 1707
C = 1571.7342768417448
obj = 685407.5939925136, rho = -26.98128547309422
nSV = 1834, nBSV = 511
Total nSV = 1834
..
Warning: using -h 0 may be faster
*
optimization finished, #iter = 2150
C = 1628.374780253892
obj = 848071.0010211477, rho = -36.76608163295048
nSV = 2215, nBSV = 680
..
Warning: using -h 0 may be faster
*
optimization finished, #iter = 2489
C = 3120.804341100414
obj = 2410809.1425093086, rho = -17.887821875227882
nSV = 2990, nBSV = 751
Total nSV = 2990
..
Warning: using -h 0 may be faster
*
optimization finished, #iter = 2710
C = 3243.5213571264503
obj = 2553025.4377648365, rho = -155.49987809766276
nSV = 3069, nBSV = 713
Total nSV = 3069
..
Warning: using -h 0 may be faster
*
optimization finished, #iter = 2720
C = 3150.354726871242
obj = 2453648.508275064, rho = -159.26235922816463
nSV = 3058, nBSV = 719
Total nSV = 3058
..
Warning: using -h 0 may be faster
*
optimization finished, #iter = 2723
C = 3126.431622592504
obj = 2411134.8754686234, rho = -152.24892991629352
nSV = 3084, nBSV = 721
Total nSV = 3084
..
Warning: using -h 0 may be faster
*
optimization finished, #iter = 2640
C = 3095.937868575247
obj = 2401804.4956324063, rho = -162.62472104386998
nSV = 3069, nBSV = 711
Total nSV = 3069
...
Warning: using -h 0 may be faster
*
optimization finished, #iter = 3075
C = 3328.1730265523065
obj = 3098506.8655018574, rho = -16.61767478224745
nSV = 3679, nBSV = 1009
.
Warning: using -h 0 may be faster
*
optimization finished, #iter = 1780
C = 1714.6197410194427
obj = 878840.5087573226, rho = -54.23099629945822
nSV = 2123, nBSV = 584
Total nSV = 2123
.
Warning: using -h 0 may be faster
*
optimization finished, #iter = 1906
C = 1730.9711974749043
obj = 891610.2372505476, rho = 10.854080526212458
nSV = 2168, nBSV = 577
Total nSV = 2168
.
Warning: using -h 0 may be faster
*
optimization finished, #iter = 1842
C = 1739.8756878746347
obj = 872313.6683843007, rho = 4.738112929639714
nSV = 2133, nBSV = 590
Total nSV = 2133
.
Warning: using -h 0 may be faster
*
optimization finished, #iter = 1763
C = 1790.9847219985031
obj = 934768.8295541424, rho = -2.064815078237142
nSV = 2126, nBSV = 593
Total nSV = 2126
.
Warning: using -h 0 may be faster
*
optimization finished, #iter = 1816
C = 1806.679450887555
obj = 934634.6009931209, rho = 2.5215415138170583
nSV = 2124, nBSV = 582
Total nSV = 2124
..
Warning: using -h 0 may be faster
*
optimization finished, #iter = 2203
C = 1857.3109318301356
obj = 1148142.0281915811, rho = 4.240398920723393
nSV = 2609, nBSV = 775
Total nSV = 5873
..
Warning: using -h 0 may be faster
*
optimization finished, #iter = 2599
C = 3132.9862997581586
obj = 2431215.4501518733, rho = -15.370006358029016
nSV = 3027, nBSV = 711
Total nSV = 3027
..
Warning: using -h 0 may be faster
*
optimization finished, #iter = 2530
C = 3156.0759586331433
obj = 2444394.2004454858, rho = 32.508925964701106
nSV = 3001, nBSV = 754
Total nSV = 3001
..
Warning: using -h 0 may be faster
*
optimization finished, #iter = 2606
C = 3178.6365577606007
obj = 2489621.749089747, rho = 4.659471580846651
nSV = 3031, nBSV = 734
Total nSV = 3031
..
Warning: using -h 0 may be faster
*
optimization finished, #iter = 2496
C = 3089.006465698453
obj = 2410110.066053807, rho = 20.64526965893482
nSV = 3040, nBSV = 748
Total nSV = 3040
..
Warning: using -h 0 may be faster
*
optimization finished, #iter = 2602
C = 3270.4007884511516
obj = 2669867.1258631125, rho = 42.13042048973996
nSV = 3055, nBSV = 725
Total nSV = 3055
...
Warning: using -h 0 may be faster
*
optimization finished, #iter = 3258
C = 3545.879633596804
obj = 3439417.6989681437, rho = -179.137983667029
nSV = 3710, nBSV = 978
.
Warning: using -h 0 may be faster
*
optimization finished, #iter = 1897
C = 1862.2928215964093
obj = 974329.0932981839, rho = -90.77461893359173
nSV = 2201, nBSV = 550
Total nSV = 2201
.
Warning: using -h 0 may be faster
*
optimization finished, #iter = 1838
C = 1864.3800046244987
obj = 976019.4672656769, rho = -67.19865580312101
nSV = 2167, nBSV = 587
Total nSV = 2167
.
Warning: using -h 0 may be faster
*
optimization finished, #iter = 1869
C = 1827.1219550081398
obj = 977753.4296515774, rho = -74.88130288464926
nSV = 2136, nBSV = 595
Total nSV = 2136
.
Warning: using -h 0 may be faster
*
optimization finished, #iter = 1827
C = 1878.3392197293592
obj = 991338.6871402317, rho = -71.87938988374601
nSV = 2160, nBSV = 590
Total nSV = 2160
..
Warning: using -h 0 may be faster
*
optimization finished, #iter = 2014
C = 1860.110943848908
obj = 960526.669076851, rho = -63.22653050586774
nSV = 2212, nBSV = 566
Total nSV = 2212
..
Warning: using -h 0 may be faster
*
optimization finished, #iter = 2158
C = 1918.3547894619037
obj = 1214566.227761865, rho = -89.49436701910619
nSV = 2600, nBSV = 775
.
Warning: using -h 0 may be faster
*
optimization finished, #iter = 1713
C = 1516.8721278053408
obj = 642342.0750352548, rho = -27.458806523883908
nSV = 1844, nBSV = 521
Total nSV = 1844
.
Warning: using -h 0 may be faster
*
optimization finished, #iter = 1748
C = 1514.8819105210623
obj = 654434.40125366, rho = -21.379354148293515
nSV = 1816, nBSV = 511
Total nSV = 1816
.
Warning: using -h 0 may be faster
*
optimization finished, #iter = 1666
C = 1531.2569363307898
obj = 679608.2561334996, rho = -18.141893802946598
nSV = 1853, nBSV = 518
Total nSV = 1853
.
Warning: using -h 0 may be faster
*
optimization finished, #iter = 1699
C = 1488.4293324929827
obj = 641282.7643255797, rho = -26.964879831164737
nSV = 1816, nBSV = 518
Total nSV = 1816
.
Warning: using -h 0 may be faster
*
optimization finished, #iter = 1745
C = 1572.4555107723747
obj = 681085.4220033854, rho = -29.071917426702765
nSV = 1852, nBSV = 513
Total nSV = 1852
..
Warning: using -h 0 may be faster
*
optimization finished, #iter = 2098
C = 1590.060122541277
obj = 834270.279574055, rho = -26.89869516511449
nSV = 2212, nBSV = 675
Total nSV = 5902
.
Warning: using -h 0 may be faster
*
optimization finished, #iter = 1658
C = 1545.8894732394199
obj = 688254.330658958, rho = -4.64701121085447
nSV = 1833, nBSV = 500
Total nSV = 1833
.
Warning: using -h 0 may be faster
*
optimization finished, #iter = 1779
C = 1608.0979409121094
obj = 715486.6386887161, rho = -27.45634769045595
nSV = 1852, nBSV = 504
Total nSV = 1852
.
Warning: using -h 0 may be faster
*
optimization finished, #iter = 1696
C = 1497.1840271201431
obj = 651757.0931808151, rho = -21.97378994829763
nSV = 1837, nBSV = 525
Total nSV = 1837
.
Warning: using -h 0 may be faster
*
optimization finished, #iter = 1687
C = 1482.7657095187403
obj = 648663.8771312749, rho = -16.487043254368203
nSV = 1816, nBSV = 502
Total nSV = 1816
.
Warning: using -h 0 may be faster
*
optimization finished, #iter = 1656
C = 1430.7236234046263
obj = 611050.7576574545, rho = -15.462910576357142
nSV = 1795, nBSV = 527
Total nSV = 1795
Line search fails in two-class probability estimates
..
Warning: using -h 0 may be faster
*
optimization finished, #iter = 2094
C = 1531.559496959613
obj = 796433.6798428039, rho = -35.391506600347405
nSV = 2219, nBSV = 686
.
Warning: using -h 0 may be faster
*
optimization finished, #iter = 1925
C = 1718.7446200878894
obj = 884965.6071111624, rho = -51.89273719940403
nSV = 2146, nBSV = 587
Total nSV = 2146
.
Warning: using -h 0 may be faster
*
optimization finished, #iter = 1895
C = 1731.6181190767554
obj = 890519.562389268, rho = 22.14397268206834
nSV = 2141, nBSV = 576
Total nSV = 2141
.
Warning: using -h 0 may be faster
*
optimization finished, #iter = 1872
C = 1677.6551859934302
obj = 837496.7448513946, rho = 16.89134287047572
nSV = 2149, nBSV = 566
Total nSV = 2149
.
Warning: using -h 0 may be faster
*
optimization finished, #iter = 1842
C = 1641.5429308859236
obj = 816755.9255651748, rho = 7.876665368975447
nSV = 2136, nBSV = 589
Total nSV = 2136
.
Warning: using -h 0 may be faster
*
optimization finished, #iter = 1934
C = 1693.0736786617185
obj = 840183.1507127031, rho = -5.240617730778315
nSV = 2181, nBSV = 561
Total nSV = 2181
..
Warning: using -h 0 may be faster
*
optimization finished, #iter = 2364
C = 1773.477769054609
obj = 1063525.4831754428, rho = 4.885958646017319
nSV = 2601, nBSV = 759
..
Warning: using -h 0 may be faster
*
optimization finished, #iter = 2595
C = 3107.8860681382575
obj = 2358196.147067708, rho = 20.2132240177812
nSV = 3020, nBSV = 761
Total nSV = 3020
..
Warning: using -h 0 may be faster
*
optimization finished, #iter = 2655
C = 3129.9538801263043
obj = 2410895.506006452, rho = -31.990492445857562
nSV = 3046, nBSV = 735
Total nSV = 3046
..
Warning: using -h 0 may be faster
*
optimization finished, #iter = 2753
C = 3222.969331390801
obj = 2521553.9231639933, rho = 3.3815473446470556
nSV = 3070, nBSV = 729
Total nSV = 3070
..
Warning: using -h 0 may be faster
*
optimization finished, #iter = 2602
C = 3003.3527783528907
obj = 2292737.5669340203, rho = 16.268993503347044
nSV = 2994, nBSV = 731
Total nSV = 2994
..
Warning: using -h 0 may be faster
*
optimization finished, #iter = 2591
C = 3005.8791038902546
obj = 2298994.827599816, rho = 13.030499450577862
nSV = 3006, nBSV = 763
Total nSV = 3006
...
Warning: using -h 0 may be faster
*
optimization finished, #iter = 3303
C = 3316.6157103843098
obj = 3035134.5650566793, rho = -6.032898906490575
nSV = 3672, nBSV = 1012
Total nSV = 5903
.
Warning: using -h 0 may be faster
*
optimization finished, #iter = 1913
C = 1734.144456934399
obj = 886598.4024919708, rho = -57.490806270007
nSV = 2193, nBSV = 581
Total nSV = 2193
.
Warning: using -h 0 may be faster
*
optimization finished, #iter = 1835
C = 1647.3395200829862
obj = 818799.7730157607, rho = -3.9226616937523513
nSV = 2099, nBSV = 604
Total nSV = 2099
.
Warning: using -h 0 may be faster
*
optimization finished, #iter = 1793
C = 1646.4418143848482
obj = 814433.8645201195, rho = 11.707599224604111
nSV = 2099, nBSV = 599
Total nSV = 2099
.
Warning: using -h 0 may be faster
*
optimization finished, #iter = 1811
C = 1717.3410552039231
obj = 862426.0089585454, rho = 7.5936739457273275
nSV = 2099, nBSV = 596
Total nSV = 2099
.
Warning: using -h 0 may be faster
*
optimization finished, #iter = 1817
C = 1673.461662453545
obj = 825014.3736207128, rho = 15.86024268201265
nSV = 2107, nBSV = 606
Total nSV = 2107
..
Warning: using -h 0 may be faster
*
optimization finished, #iter = 2343
C = 1752.5697090193846
obj = 1038185.6291289905, rho = 4.320223568255818
nSV = 2612, nBSV = 762
.
Warning: using -h 0 may be faster
*
optimization finished, #iter = 1719
C = 1539.3338330982228
obj = 666916.1020558948, rho = -37.660239037574726
nSV = 1838, nBSV = 510
Total nSV = 1838
.
Warning: using -h 0 may be faster
*
optimization finished, #iter = 1693
C = 1500.6444918167344
obj = 649543.3326211155, rho = -29.10811518186103
nSV = 1838, nBSV = 507
Total nSV = 1838
.
Warning: using -h 0 may be faster
*
optimization finished, #iter = 1774
C = 1563.6621026401895
obj = 677933.9603242151, rho = -36.473542686660316
nSV = 1852, nBSV = 499
Total nSV = 1852
.
Warning: using -h 0 may be faster
*
optimization finished, #iter = 1704
C = 1530.8552073871854
obj = 670570.4120874262, rho = -38.99709378871633
nSV = 1827, nBSV = 522
Total nSV = 1827
.
Warning: using -h 0 may be faster
*
optimization finished, #iter = 1739
C = 1476.5076434535827
obj = 630307.7657032727, rho = -31.80247406049726
nSV = 1825, nBSV = 523
Total nSV = 1825
..
Warning: using -h 0 may be faster
*
optimization finished, #iter = 2011
C = 1572.872973803283
obj = 828852.1122179162, rho = -14.802724853092954
nSV = 2182, nBSV = 700
..
Warning: using -h 0 may be faster
*
optimization finished, #iter = 2591
C = 3087.3159159169404
obj = 2391498.5589090306, rho = -38.313855466876895
nSV = 3026, nBSV = 733
Total nSV = 3026
..
Warning: using -h 0 may be faster
*
optimization finished, #iter = 2555
C = 3275.5730986625344
obj = 2623674.9539745357, rho = -150.40131121699787
nSV = 3068, nBSV = 737
Total nSV = 3068
..
Warning: using -h 0 may be faster
*
optimization finished, #iter = 2563
C = 3130.003458713784
obj = 2470896.883740011, rho = -122.11041078530023
nSV = 3083, nBSV = 743
Total nSV = 3083
..
Warning: using -h 0 may be faster
*
optimization finished, #iter = 2539
C = 3237.4854672722563
obj = 2546584.010448472, rho = -141.9194787468551
nSV = 3056, nBSV = 722
Total nSV = 3056
..
Warning: using -h 0 may be faster
*
optimization finished, #iter = 2673
C = 3312.5940338267023
obj = 2589592.9830794963, rho = -148.13549494035414
nSV = 3081, nBSV = 746
Total nSV = 3081
...
Warning: using -h 0 may be faster
*
optimization finished, #iter = 3309
C = 3639.2468530849646
obj = 3560142.1630143677, rho = -182.5637053989808
nSV = 3725, nBSV = 996
Total nSV = 5925


=== Predictions under cross-validation ===

 inst#     actual  predicted error distribution
     1  2:neutral  2:neutral       0.223,*0.576,0.2 
     2  2:neutral  2:neutral       0.025,*0.825,0.15 
     3  2:neutral 3:positive   +   0.096,0.136,*0.768 
     4  2:neutral  2:neutral       0.09,*0.771,0.138 
     5  2:neutral  2:neutral       0.043,*0.627,0.33 
     6  2:neutral 1:negative   +   *0.566,0.346,0.088 
     7  2:neutral 3:positive   +   0.042,0.329,*0.629 
     8  2:neutral  2:neutral       0.126,*0.673,0.201 
     9  2:neutral  2:neutral       0.124,*0.563,0.313 
    10  2:neutral 1:negative   +   *0.704,0.181,0.115 
    11  2:neutral  2:neutral       0.023,*0.582,0.395 
    12  2:neutral  2:neutral       0.094,*0.748,0.158 
    13  2:neutral  2:neutral       0.055,*0.733,0.212 
    14  2:neutral  2:neutral       0.03,*0.608,0.362 
    15  2:neutral  2:neutral       0.387,*0.441,0.172 
    16  2:neutral  2:neutral       0.046,*0.604,0.35 
    17  2:neutral 3:positive   +   0.314,0.321,*0.365 
    18  2:neutral  2:neutral       0.202,*0.498,0.3 
    19  2:neutral  2:neutral       0.083,*0.625,0.292 
    20  2:neutral  2:neutral       0.043,*0.912,0.045 
    21  2:neutral 3:positive   +   0.207,0.295,*0.498 
    22  2:neutral 3:positive   +   0.131,0.423,*0.447 
    23  2:neutral  2:neutral       0.107,*0.646,0.247 
    24  2:neutral  2:neutral       0.048,*0.822,0.13 
    25  2:neutral  2:neutral       0.07,*0.63,0.301 
    26  2:neutral 3:positive   +   0.111,0.187,*0.702 
    27  2:neutral  2:neutral       0.044,*0.828,0.128 
    28  2:neutral  2:neutral       0.272,*0.542,0.185 
    29  2:neutral  2:neutral       0.052,*0.661,0.287 
    30  2:neutral 3:positive   +   0.074,0.319,*0.607 
    31  2:neutral  2:neutral       0.458,*0.477,0.065 
    32  2:neutral 1:negative   +   *0.923,0.053,0.025 
    33  2:neutral  2:neutral       0.014,*0.873,0.113 
    34  2:neutral  2:neutral       0.081,*0.586,0.334 
    35  2:neutral  2:neutral       0.124,*0.815,0.061 
    36  2:neutral  2:neutral       0.021,*0.633,0.346 
    37  2:neutral  2:neutral       0.228,*0.565,0.208 
    38  2:neutral  2:neutral       0.157,*0.634,0.209 
    39  2:neutral  2:neutral       0.048,*0.673,0.279 
    40  2:neutral  2:neutral       0.053,*0.605,0.342 
    41  2:neutral  2:neutral       0.064,*0.679,0.257 
    42  2:neutral  2:neutral       0.097,*0.572,0.331 
    43  2:neutral 3:positive   +   0.285,0.05,*0.665 
    44  2:neutral 3:positive   +   0.07,0.39,*0.54 
    45  2:neutral  2:neutral       0.066,*0.684,0.25 
    46  2:neutral  2:neutral       0.06,*0.594,0.345 
    47  2:neutral  2:neutral       0.066,*0.698,0.236 
    48  2:neutral  2:neutral       0.056,*0.572,0.372 
    49  2:neutral  2:neutral       0.033,*0.9,0.067 
    50  2:neutral  2:neutral       0.089,*0.704,0.206 
    51  2:neutral  2:neutral       0.147,*0.761,0.092 
    52  2:neutral  2:neutral       0.164,*0.584,0.251 
    53  2:neutral  2:neutral       0.199,*0.48,0.321 
    54  2:neutral  2:neutral       0.12,*0.483,0.397 
    55  2:neutral  2:neutral       0.049,*0.765,0.186 
    56  2:neutral  2:neutral       0.02,*0.919,0.061 
    57  2:neutral  2:neutral       0.2,*0.471,0.329 
    58  2:neutral  2:neutral       0.097,*0.472,0.431 
    59  2:neutral  2:neutral       0.106,*0.465,0.429 
    60  2:neutral  2:neutral       0.065,*0.499,0.437 
    61  2:neutral  2:neutral       0.168,*0.557,0.275 
    62  2:neutral  2:neutral       0.162,*0.617,0.221 
    63  2:neutral  2:neutral       0.044,*0.621,0.334 
    64  2:neutral  2:neutral       0.076,*0.548,0.376 
    65  2:neutral  2:neutral       0.274,*0.591,0.135 
    66  2:neutral 3:positive   +   0.126,0.348,*0.527 
    67  2:neutral  2:neutral       0.151,*0.564,0.285 
    68  2:neutral  2:neutral       0.231,*0.409,0.36 
    69  2:neutral 3:positive   +   0.043,0.435,*0.522 
    70  2:neutral  2:neutral       0.297,*0.352,0.35 
    71  2:neutral  2:neutral       0.192,*0.645,0.163 
    72  2:neutral 3:positive   +   0.041,0.12,*0.84 
    73  2:neutral  2:neutral       0.141,*0.531,0.328 
    74  2:neutral  2:neutral       0.091,*0.573,0.335 
    75  2:neutral  2:neutral       0.092,*0.765,0.143 
    76  2:neutral  2:neutral       0.143,*0.765,0.092 
    77  2:neutral  2:neutral       0.051,*0.528,0.421 
    78  2:neutral 3:positive   +   0.054,0.464,*0.482 
    79  2:neutral 1:negative   +   *0.464,0.443,0.093 
    80  2:neutral  2:neutral       0.109,*0.686,0.204 
    81  2:neutral  2:neutral       0.323,*0.471,0.206 
    82  2:neutral  2:neutral       0.061,*0.869,0.07 
    83  2:neutral 1:negative   +   *0.475,0.248,0.277 
    84  2:neutral 3:positive   +   0.039,0.205,*0.756 
    85  2:neutral  2:neutral       0.414,*0.415,0.171 
    86  2:neutral  2:neutral       0.077,*0.739,0.183 
    87  2:neutral 3:positive   +   0.009,0.377,*0.613 
    88  2:neutral 3:positive   +   0.042,0.288,*0.67 
    89  2:neutral 1:negative   +   *0.405,0.225,0.37 
    90  2:neutral  2:neutral       0.008,*0.785,0.207 
    91  2:neutral  2:neutral       0.177,*0.564,0.259 
    92  2:neutral  2:neutral       0.186,*0.449,0.365 
    93  2:neutral  2:neutral       0.082,*0.647,0.271 
    94  2:neutral 3:positive   +   0.088,0.394,*0.519 
    95  2:neutral 3:positive   +   0.138,0.385,*0.476 
    96  2:neutral  2:neutral       0.235,*0.534,0.232 
    97  2:neutral  2:neutral       0.085,*0.732,0.184 
    98  2:neutral 3:positive   +   0.071,0.409,*0.52 
    99  2:neutral  2:neutral       0.071,*0.744,0.184 
   100  2:neutral  2:neutral       0.058,*0.763,0.179 
   101  2:neutral 3:positive   +   0.123,0.348,*0.529 
   102  2:neutral 3:positive   +   0.111,0.432,*0.457 
   103  2:neutral  2:neutral       0.062,*0.758,0.179 
   104  2:neutral  2:neutral       0.151,*0.576,0.273 
   105  2:neutral  2:neutral       0.063,*0.676,0.261 
   106  2:neutral 3:positive   +   0.075,0.292,*0.633 
   107  2:neutral  2:neutral       0.107,*0.646,0.247 
   108  2:neutral  2:neutral       0.055,*0.826,0.119 
   109  2:neutral  2:neutral       0.021,*0.753,0.226 
   110  2:neutral  2:neutral       0.124,*0.691,0.185 
   111  2:neutral  2:neutral       0.067,*0.577,0.356 
   112  2:neutral  2:neutral       0.018,*0.8,0.182 
   113  2:neutral  2:neutral       0.023,*0.692,0.285 
   114  2:neutral  2:neutral       0.133,*0.44,0.427 
   115  2:neutral  2:neutral       0.082,*0.59,0.328 
   116  2:neutral  2:neutral       0.106,*0.755,0.138 
   117  2:neutral  2:neutral       0.062,*0.875,0.063 
   118  2:neutral 3:positive   +   0.126,0.389,*0.485 
   119  2:neutral  2:neutral       0.053,*0.797,0.15 
   120  2:neutral 3:positive   +   0.064,0.259,*0.677 
   121  2:neutral  2:neutral       0.08,*0.566,0.354 
   122  2:neutral 3:positive   +   0.161,0.284,*0.555 
   123  2:neutral  2:neutral       0.154,*0.748,0.098 
   124  2:neutral  2:neutral       0.074,*0.863,0.063 
   125  2:neutral  2:neutral       0.112,*0.647,0.241 
   126  2:neutral  2:neutral       0.088,*0.491,0.421 
   127  2:neutral  2:neutral       0.071,*0.721,0.207 
   128  2:neutral 3:positive   +   0.04,0.34,*0.62 
   129  2:neutral  2:neutral       0.175,*0.461,0.365 
   130  2:neutral  2:neutral       0.134,*0.684,0.183 
   131  2:neutral  2:neutral       0.285,*0.391,0.324 
   132  2:neutral  2:neutral       0.098,*0.646,0.257 
   133  2:neutral  2:neutral       0.158,*0.592,0.249 
   134  2:neutral  2:neutral       0.024,*0.763,0.213 
   135  2:neutral  2:neutral       0.037,*0.819,0.144 
   136  2:neutral  2:neutral       0.008,*0.85,0.142 
   137  2:neutral  2:neutral       0.107,*0.632,0.261 
   138  2:neutral  2:neutral       0.053,*0.557,0.39 
   139  2:neutral  2:neutral       0.442,*0.446,0.112 
   140  2:neutral  2:neutral       0.164,*0.581,0.254 
   141  2:neutral  2:neutral       0.045,*0.622,0.332 
   142  2:neutral  2:neutral       0.192,*0.63,0.177 
   143  2:neutral  2:neutral       0.102,*0.733,0.165 
   144  2:neutral  2:neutral       0.194,*0.583,0.223 
   145  2:neutral 3:positive   +   0.201,0.268,*0.531 
   146  2:neutral 1:negative   +   *0.484,0.344,0.171 
   147  2:neutral  2:neutral       0.018,*0.808,0.174 
   148  2:neutral  2:neutral       0.174,*0.621,0.205 
   149  2:neutral 3:positive   +   0.203,0.375,*0.422 
   150  2:neutral  2:neutral       0.101,*0.76,0.14 
   151  2:neutral  2:neutral       0.124,*0.647,0.23 
   152  2:neutral  2:neutral       0.038,*0.78,0.182 
   153  2:neutral  2:neutral       0.049,*0.821,0.13 
   154  2:neutral  2:neutral       0.173,*0.662,0.165 
   155  2:neutral 3:positive   +   0.035,0.276,*0.69 
   156  2:neutral 3:positive   +   0.123,0.222,*0.655 
   157  2:neutral 3:positive   +   0.038,0.455,*0.507 
   158  2:neutral  2:neutral       0.047,*0.84,0.113 
   159  2:neutral  2:neutral       0.05,*0.892,0.057 
   160  2:neutral  2:neutral       0.011,*0.634,0.354 
   161  2:neutral  2:neutral       0.227,*0.545,0.227 
   162  2:neutral  2:neutral       0.041,*0.808,0.151 
   163  2:neutral  2:neutral       0.017,*0.721,0.262 
   164  2:neutral  2:neutral       0.122,*0.603,0.275 
   165  2:neutral  2:neutral       0.057,*0.813,0.13 
   166  2:neutral  2:neutral       0.066,*0.781,0.153 
   167  2:neutral  2:neutral       0.206,*0.505,0.288 
   168  2:neutral  2:neutral       0.094,*0.647,0.259 
   169  2:neutral  2:neutral       0.329,*0.347,0.324 
   170  2:neutral  2:neutral       0.072,*0.636,0.292 
   171  2:neutral  2:neutral       0.086,*0.635,0.279 
   172  2:neutral  2:neutral       0.069,*0.621,0.311 
   173  2:neutral 1:negative   +   *0.719,0.184,0.096 
   174  2:neutral  2:neutral       0.084,*0.663,0.254 
   175  2:neutral  2:neutral       0.092,*0.673,0.235 
   176  2:neutral  2:neutral       0.282,*0.606,0.112 
   177  2:neutral  2:neutral       0.018,*0.777,0.205 
   178  2:neutral  2:neutral       0.19,*0.646,0.164 
   179  2:neutral  2:neutral       0.165,*0.541,0.294 
   180  2:neutral  2:neutral       0.057,*0.758,0.185 
   181  2:neutral  2:neutral       0.068,*0.705,0.226 
   182  2:neutral 1:negative   +   *0.867,0.118,0.015 
   183  2:neutral  2:neutral       0.052,*0.701,0.247 
   184  2:neutral 3:positive   +   0.08,0.349,*0.571 
   185  2:neutral  2:neutral       0.063,*0.639,0.298 
   186  2:neutral  2:neutral       0.032,*0.619,0.349 
   187  2:neutral  2:neutral       0.059,*0.537,0.403 
   188  2:neutral  2:neutral       0.063,*0.5,0.437 
   189  2:neutral 1:negative   +   *0.845,0.105,0.05 
   190  2:neutral  2:neutral       0.211,*0.699,0.09 
   191  2:neutral  2:neutral       0.234,*0.631,0.135 
   192  2:neutral  2:neutral       0.056,*0.715,0.229 
   193  2:neutral  2:neutral       0.014,*0.521,0.466 
   194  2:neutral  2:neutral       0.114,*0.771,0.114 
   195  2:neutral 3:positive   +   0.086,0.333,*0.581 
   196  2:neutral  2:neutral       0.101,*0.719,0.179 
   197  2:neutral  2:neutral       0.115,*0.679,0.206 
   198  2:neutral 3:positive   +   0.267,0.333,*0.4 
   199  2:neutral 3:positive   +   0.115,0.257,*0.628 
   200  2:neutral  2:neutral       0.082,*0.569,0.349 
   201  2:neutral  2:neutral       0.037,*0.899,0.063 
   202  2:neutral  2:neutral       0.113,*0.583,0.305 
   203  2:neutral  2:neutral       0.131,*0.535,0.334 
   204  2:neutral  2:neutral       0.019,*0.952,0.029 
   205  2:neutral  2:neutral       0.018,*0.762,0.22 
   206  2:neutral 1:negative   +   *0.451,0.391,0.158 
   207  2:neutral  2:neutral       0.07,*0.614,0.316 
   208  2:neutral  2:neutral       0.045,*0.816,0.139 
   209  2:neutral  2:neutral       0.045,*0.771,0.185 
   210  2:neutral  2:neutral       0.325,*0.363,0.312 
   211  2:neutral  2:neutral       0.019,*0.864,0.116 
   212  2:neutral  2:neutral       0.053,*0.787,0.159 
   213  2:neutral  2:neutral       0.078,*0.685,0.237 
   214  2:neutral  2:neutral       0.164,*0.709,0.127 
   215  2:neutral  2:neutral       0.129,*0.752,0.119 
   216  2:neutral  2:neutral       0.038,*0.537,0.425 
   217  2:neutral  2:neutral       0.044,*0.837,0.119 
   218  2:neutral  2:neutral       0.221,*0.407,0.372 
   219  2:neutral  2:neutral       0.16,*0.699,0.141 
   220  2:neutral  2:neutral       0.053,*0.651,0.296 
   221  2:neutral 3:positive   +   0.343,0.288,*0.369 
   222  2:neutral  2:neutral       0.123,*0.534,0.343 
   223  2:neutral  2:neutral       0.089,*0.577,0.335 
   224  2:neutral  2:neutral       0.172,*0.443,0.385 
   225  2:neutral  2:neutral       0.036,*0.836,0.128 
   226  2:neutral  2:neutral       0.055,*0.757,0.188 
   227  2:neutral  2:neutral       0.04,*0.847,0.113 
   228  2:neutral 3:positive   +   0.028,0.477,*0.495 
   229  2:neutral  2:neutral       0.033,*0.642,0.325 
   230  2:neutral 1:negative   +   *0.578,0.235,0.187 
   231  2:neutral  2:neutral       0.057,*0.758,0.185 
   232  2:neutral  2:neutral       0.351,*0.378,0.272 
   233  2:neutral 3:positive   +   0.228,0.374,*0.399 
   234  2:neutral 3:positive   +   0.024,0.397,*0.58 
   235  2:neutral  2:neutral       0.124,*0.689,0.186 
   236  2:neutral 3:positive   +   0.145,0.409,*0.446 
   237  2:neutral 3:positive   +   0.031,0.336,*0.633 
   238  2:neutral  2:neutral       0.231,*0.67,0.099 
   239  2:neutral  2:neutral       0.165,*0.521,0.314 
   240  2:neutral 3:positive   +   0.124,0.282,*0.595 
   241  2:neutral  2:neutral       0.381,*0.477,0.142 
   242  2:neutral  2:neutral       0.094,*0.802,0.104 
   243  2:neutral 3:positive   +   0.046,0.378,*0.576 
   244  2:neutral  2:neutral       0.063,*0.768,0.168 
   245  2:neutral  2:neutral       0.251,*0.524,0.226 
   246  2:neutral 3:positive   +   0.016,0.301,*0.683 
   247  2:neutral  2:neutral       0.012,*0.961,0.027 
   248  2:neutral  2:neutral       0.073,*0.522,0.405 
   249  2:neutral 3:positive   +   0.197,0.261,*0.541 
   250  2:neutral  2:neutral       0.068,*0.722,0.211 
   251  2:neutral  2:neutral       0.064,*0.671,0.265 
   252  2:neutral  2:neutral       0.159,*0.509,0.331 
   253  2:neutral  2:neutral       0.217,*0.652,0.131 
   254  2:neutral  2:neutral       0.122,*0.723,0.155 
   255  2:neutral  2:neutral       0.023,*0.673,0.304 
   256  2:neutral  2:neutral       0.083,*0.541,0.376 
   257  2:neutral  2:neutral       0.107,*0.646,0.247 
   258  2:neutral  2:neutral       0.06,*0.869,0.071 
   259  2:neutral  2:neutral       0.05,*0.62,0.33 
   260  2:neutral  2:neutral       0.048,*0.902,0.05 
   261  2:neutral 3:positive   +   0.017,0.356,*0.627 
   262  2:neutral  2:neutral       0.038,*0.663,0.299 
   263  2:neutral  2:neutral       0.067,*0.595,0.338 
   264  2:neutral  2:neutral       0.061,*0.848,0.091 
   265  2:neutral  2:neutral       0.169,*0.48,0.351 
   266  2:neutral 3:positive   +   0.067,0.462,*0.471 
   267  2:neutral 3:positive   +   0.165,0.262,*0.573 
   268  2:neutral  2:neutral       0.203,*0.589,0.208 
   269  2:neutral  2:neutral       0.207,*0.492,0.301 
   270  2:neutral 3:positive   +   0.208,0.235,*0.557 
   271  2:neutral 1:negative   +   *0.446,0.282,0.272 
   272  2:neutral 3:positive   +   0.23,0.159,*0.61 
   273  2:neutral  2:neutral       0.368,*0.455,0.177 
   274  2:neutral 3:positive   +   0.058,0.463,*0.479 
   275  2:neutral 3:positive   +   0.221,0.174,*0.604 
   276  2:neutral  2:neutral       0.048,*0.875,0.077 
   277  2:neutral  2:neutral       0.013,*0.66,0.327 
   278  2:neutral  2:neutral       0.052,*0.85,0.098 
   279  2:neutral  2:neutral       0.345,*0.346,0.309 
   280  2:neutral 3:positive   +   0.035,0.378,*0.587 
   281  2:neutral  2:neutral       0.143,*0.68,0.177 
   282  2:neutral  2:neutral       0.053,*0.816,0.131 
   283  2:neutral  2:neutral       0.178,*0.54,0.282 
   284  2:neutral  2:neutral       0.039,*0.615,0.346 
   285  2:neutral  2:neutral       0.012,*0.931,0.058 
   286  2:neutral 3:positive   +   0.132,0.416,*0.452 
   287  2:neutral  2:neutral       0.053,*0.871,0.076 
   288  2:neutral  2:neutral       0.092,*0.802,0.106 
   289  2:neutral  2:neutral       0.084,*0.622,0.294 
   290  2:neutral  2:neutral       0.012,*0.574,0.413 
   291  2:neutral  2:neutral       0.159,*0.468,0.373 
   292  2:neutral 1:negative   +   *0.558,0.312,0.13 
   293  2:neutral 3:positive   +   0.052,0.36,*0.588 
   294  2:neutral 3:positive   +   0.18,0.405,*0.415 
   295  2:neutral  2:neutral       0.128,*0.782,0.089 
   296  2:neutral  2:neutral       0.098,*0.646,0.257 
   297  2:neutral 3:positive   +   0.105,0.367,*0.528 
   298  2:neutral  2:neutral       0.133,*0.605,0.261 
   299  2:neutral  2:neutral       0.202,*0.672,0.126 
   300  2:neutral  2:neutral       0.034,*0.887,0.079 
   301  2:neutral  2:neutral       0.06,*0.759,0.181 
   302  2:neutral  2:neutral       0.051,*0.639,0.31 
   303  2:neutral 3:positive   +   0.081,0.275,*0.644 
   304  2:neutral 3:positive   +   0.078,0.353,*0.569 
   305  2:neutral  2:neutral       0.04,*0.753,0.206 
   306  2:neutral  2:neutral       0.13,*0.65,0.219 
   307  2:neutral  2:neutral       0.04,*0.588,0.372 
   308  2:neutral  2:neutral       0.138,*0.854,0.009 
   309  2:neutral 3:positive   +   0.037,0.448,*0.515 
   310  2:neutral  2:neutral       0.041,*0.905,0.054 
   311  2:neutral  2:neutral       0.19,*0.545,0.265 
   312  2:neutral  2:neutral       0.099,*0.59,0.311 
   313  2:neutral  2:neutral       0.135,*0.679,0.187 
   314  2:neutral  2:neutral       0.214,*0.583,0.203 
   315  2:neutral  2:neutral       0.031,*0.608,0.361 
   316  2:neutral 3:positive   +   0.01,0.131,*0.859 
   317  2:neutral  2:neutral       0.13,*0.438,0.433 
   318  2:neutral  2:neutral       0.107,*0.683,0.21 
   319  2:neutral  2:neutral       0.107,*0.52,0.373 
   320  2:neutral  2:neutral       0.196,*0.721,0.083 
   321  2:neutral  2:neutral       0.138,*0.635,0.227 
   322  2:neutral  2:neutral       0.057,*0.824,0.118 
   323  2:neutral  2:neutral       0.095,*0.521,0.384 
   324  2:neutral  2:neutral       0.097,*0.766,0.136 
   325  2:neutral 3:positive   +   0.082,0.444,*0.474 
   326  2:neutral  2:neutral       0.084,*0.704,0.212 
   327  2:neutral 3:positive   +   0.366,0.263,*0.372 
   328  2:neutral 1:negative   +   *0.628,0.188,0.184 
   329  2:neutral  2:neutral       0.186,*0.69,0.124 
   330  2:neutral  2:neutral       0.052,*0.813,0.135 
   331  2:neutral  2:neutral       0.082,*0.505,0.413 
   332  2:neutral  2:neutral       0.164,*0.624,0.212 
   333  2:neutral  2:neutral       0.027,*0.777,0.196 
   334  2:neutral  2:neutral       0.204,*0.431,0.365 
   335  2:neutral  2:neutral       0.13,*0.475,0.396 
   336  2:neutral  2:neutral       0.113,*0.582,0.305 
   337  2:neutral  2:neutral       0.047,*0.845,0.108 
   338  2:neutral  2:neutral       0.071,*0.593,0.337 
   339  2:neutral  2:neutral       0.038,*0.753,0.209 
   340  2:neutral  2:neutral       0.254,*0.601,0.145 
   341  2:neutral  2:neutral       0.068,*0.671,0.261 
   342  2:neutral 3:positive   +   0.049,0.124,*0.828 
   343  2:neutral  2:neutral       0.153,*0.571,0.277 
   344  2:neutral 3:positive   +   0.041,0.427,*0.532 
   345  2:neutral  2:neutral       0.074,*0.69,0.236 
   346  2:neutral  2:neutral       0.098,*0.631,0.271 
   347  2:neutral  2:neutral       0.107,*0.646,0.247 
   348  2:neutral 3:positive   +   0.211,0.38,*0.409 
   349  2:neutral  2:neutral       0.149,*0.653,0.198 
   350  2:neutral  2:neutral       0.07,*0.596,0.334 
   351  2:neutral  2:neutral       0.055,*0.653,0.292 
   352  2:neutral  2:neutral       0.071,*0.646,0.284 
   353  2:neutral  2:neutral       0.286,*0.431,0.282 
   354  2:neutral 1:negative   +   *0.889,0.045,0.067 
   355  2:neutral  2:neutral       0.107,*0.646,0.247 
   356  2:neutral 3:positive   +   0.194,0.281,*0.524 
   357  2:neutral  2:neutral       0.043,*0.583,0.374 
   358  2:neutral  2:neutral       0.145,*0.606,0.249 
   359  2:neutral  2:neutral       0.293,*0.612,0.095 
