Zero Weights processed. Default weights will be used
.
Warning: using -h 0 may be faster
*
optimization finished, #iter = 1994
C = 333.97323967263367
obj = 159190.836914365, rho = -1.1313224166915992
nSV = 2584, nBSV = 1766
Total nSV = 2584
.
Warning: using -h 0 may be faster
*
optimization finished, #iter = 1898
C = 333.29499674897374
obj = 159513.7976091942, rho = -1.208459548434036
nSV = 2573, nBSV = 1760
Total nSV = 2573
.
Warning: using -h 0 may be faster
*
optimization finished, #iter = 1960
C = 353.94038975882313
obj = 173531.5585088008, rho = 1.9198193177971088
nSV = 2608, nBSV = 1750
Total nSV = 2608
.
Warning: using -h 0 may be faster
*
optimization finished, #iter = 1985
C = 348.0738334432612
obj = 167555.87724632892, rho = 3.583979468770847
nSV = 2612, nBSV = 1753
Total nSV = 2612
..
Warning: using -h 0 may be faster
*
optimization finished, #iter = 2023
C = 363.6708855556691
obj = 175737.74555502264, rho = -0.7255905025385107
nSV = 2629, nBSV = 1762
Total nSV = 2629
.
Warning: using -h 0 may be faster
.
Warning: using -h 0 may be faster
*
optimization finished, #iter = 2466
C = 314.7795087862059
obj = 174899.00745772518, rho = -1.6794581733837666
nSV = 3186, nBSV = 2264
.
Warning: using -h 0 may be faster
...
Warning: using -h 0 may be faster
*
optimization finished, #iter = 4512
C = 1270.3107226659058
obj = 1189853.610001349, rho = 5.222416609086962
nSV = 4703, nBSV = 2303
Total nSV = 4703
....
Warning: using -h 0 may be faster
*
optimization finished, #iter = 4439
C = 1366.7781501477668
obj = 1331558.315123369, rho = -91.40046405318601
nSV = 4750, nBSV = 2264
Total nSV = 4750
....
Warning: using -h 0 may be faster
*
optimization finished, #iter = 4427
C = 1308.605639908318
obj = 1258843.162736386, rho = -67.00620305956548
nSV = 4707, nBSV = 2282
Total nSV = 4707
....
Warning: using -h 0 may be faster
*
optimization finished, #iter = 4494
C = 1341.705742686703
obj = 1274615.2355986224, rho = -83.21416086014828
nSV = 4703, nBSV = 2265
Total nSV = 4703
....
Warning: using -h 0 may be faster
*
optimization finished, #iter = 4512
C = 1303.6495986008138
obj = 1232023.5646033122, rho = -68.37482839575082
nSV = 4706, nBSV = 2274
Total nSV = 4706
.
Warning: using -h 0 may be faster
....
Warning: using -h 0 may be faster
*
optimization finished, #iter = 5668
C = 1347.3156958175452
obj = 1480693.6849161636, rho = 7.122083515413528
nSV = 5734, nBSV = 2933
..
Warning: using -h 0 may be faster
*
optimization finished, #iter = 2182
C = 303.30404158279515
obj = 145466.5847176317, rho = -19.49674988229337
nSV = 3002, nBSV = 2078
Total nSV = 3002
..
Warning: using -h 0 may be faster
*
optimization finished, #iter = 2162
C = 317.4988751089977
obj = 154724.7861309959, rho = 5.098147855308377
nSV = 3006, nBSV = 2051
Total nSV = 3006
..
Warning: using -h 0 may be faster
*
optimization finished, #iter = 2082
C = 286.83790211815386
obj = 133229.0803539003, rho = 5.671001333496941
nSV = 3000, nBSV = 2067
Total nSV = 3000
..
Warning: using -h 0 may be faster
*
optimization finished, #iter = 2136
C = 273.31215991505127
obj = 127321.64161013447, rho = 11.606447959356629
nSV = 2965, nBSV = 2069
Total nSV = 2965
..
Warning: using -h 0 may be faster
*
optimization finished, #iter = 2163
C = 284.94446939091955
obj = 132226.75255714322, rho = 10.405653764431664
nSV = 2992, nBSV = 2062
Total nSV = 2992
.
Warning: using -h 0 may be faster
.
Warning: using -h 0 may be faster
*
optimization finished, #iter = 2548
C = 274.59093885553045
obj = 151392.01472883552, rho = 10.965441619738794
nSV = 3651, nBSV = 2653
Total nSV = 8480
.
Warning: using -h 0 may be faster
*
optimization finished, #iter = 1580
C = 347.50331326692105
obj = 142259.84326751693, rho = -14.387754670510699
nSV = 2115, nBSV = 1365
Total nSV = 2115
.
Warning: using -h 0 may be faster
*
optimization finished, #iter = 1600
C = 337.6884995055144
obj = 133523.2802220457, rho = -1.4569059216364943
nSV = 2101, nBSV = 1379
Total nSV = 2101
.
Warning: using -h 0 may be faster
*
optimization finished, #iter = 1534
C = 353.78930661638964
obj = 143760.51143337355, rho = -2.467137517369231
nSV = 2083, nBSV = 1387
Total nSV = 2083
.
Warning: using -h 0 may be faster
*
optimization finished, #iter = 1566
C = 367.9309873805821
obj = 152804.6991163409, rho = 3.895953995590328
nSV = 2115, nBSV = 1357
Total nSV = 2115
.
Warning: using -h 0 may be faster
*
optimization finished, #iter = 1557
C = 355.4983172323611
obj = 143092.78342270918, rho = 16.101913437840928
nSV = 2100, nBSV = 1368
Total nSV = 2100
Line search fails in two-class probability estimates
.
Warning: using -h 0 may be faster
*
optimization finished, #iter = 1955
C = 328.9354290976844
obj = 155221.7742042931, rho = 5.214582694317657
nSV = 2587, nBSV = 1755
...
Warning: using -h 0 may be faster
*
optimization finished, #iter = 3488
C = 1286.536057521607
obj = 1070807.9125246175, rho = -89.28300374832484
nSV = 3833, nBSV = 1761
Total nSV = 3833
.
Warning: using -h 0 may be faster
..
Warning: using -h 0 may be faster
*
optimization finished, #iter = 3524
C = 1333.4671750587736
obj = 1109507.0616637093, rho = -63.314597421693655
nSV = 3828, nBSV = 1752
Total nSV = 3828
...
Warning: using -h 0 may be faster
*
optimization finished, #iter = 3811
C = 1266.0125167077686
obj = 1026820.2732301938, rho = -58.85415341597652
nSV = 3854, nBSV = 1750
Total nSV = 3854
...
Warning: using -h 0 may be faster
*
optimization finished, #iter = 3585
C = 1252.7694100768492
obj = 1014951.8391774286, rho = -55.428728621137715
nSV = 3848, nBSV = 1783
Total nSV = 3848
...
Warning: using -h 0 may be faster
*
optimization finished, #iter = 3671
C = 1307.9529274226063
obj = 1075413.5251530977, rho = -63.42503419693989
nSV = 3840, nBSV = 1743
Total nSV = 3840
....
Warning: using -h 0 may be faster
*.
Warning: using -h 0 may be faster
*
optimization finished, #iter = 4630
C = 1301.5358293784468
obj = 1228540.3003885497, rho = 20.526242288213073
nSV = 4740, nBSV = 2279
.
Warning: using -h 0 may be faster
*
optimization finished, #iter = 1754
C = 324.1595480709591
obj = 136311.1203368083, rho = -21.629852920099296
nSV = 2449, nBSV = 1624
Total nSV = 2449
.
Warning: using -h 0 may be faster
*
optimization finished, #iter = 1713
C = 268.7383068661036
obj = 105645.71909485833, rho = -12.918731210016594
nSV = 2386, nBSV = 1642
Total nSV = 2386
.
Warning: using -h 0 may be faster
*
optimization finished, #iter = 1807
C = 329.82734848461894
obj = 139446.14267268192, rho = -16.774955530951836
nSV = 2447, nBSV = 1587
Total nSV = 2447
.
Warning: using -h 0 may be faster
*
optimization finished, #iter = 1748
C = 347.21417030648115
obj = 149134.70800452965, rho = -16.3510477877317
nSV = 2442, nBSV = 1615
Total nSV = 2442
.
Warning: using -h 0 may be faster
*
optimization finished, #iter = 1762
C = 319.2115902462793
obj = 135105.97379637006, rho = -14.14301911421167
nSV = 2444, nBSV = 1601
Total nSV = 2444
..
Warning: using -h 0 may be faster
*
optimization finished, #iter = 2024
C = 292.87372761701715
obj = 141079.96297532824, rho = 9.745006647821572
nSV = 2978, nBSV = 2083
Total nSV = 6935
.
Warning: using -h 0 may be faster
*
optimization finished, #iter = 1602
C = 318.7041095376098
obj = 122261.38818263839, rho = -7.209469406754814
nSV = 2096, nBSV = 1392
Total nSV = 2096
.
Warning: using -h 0 may be faster
*
optimization finished, #iter = 1657
C = 387.06175056155325
obj = 157930.11041623304, rho = 3.0792356350400394
nSV = 2117, nBSV = 1337
Total nSV = 2117
.
Warning: using -h 0 may be faster
*
optimization finished, #iter = 1622
C = 389.9313851768497
obj = 162495.43274527945, rho = -2.6518492260642357
nSV = 2135, nBSV = 1355
Total nSV = 2135
.
Warning: using -h 0 may be faster
*
optimization finished, #iter = 1657
C = 390.6604435663775
obj = 161255.37397773808, rho = 1.140320343493592
nSV = 2140, nBSV = 1369
Total nSV = 2140
.
Warning: using -h 0 may be faster
*
optimization finished, #iter = 1500
C = 361.44684132922134
obj = 147098.54048574538, rho = 1.9589697918110973
nSV = 2095, nBSV = 1400
Total nSV = 2095
.
Warning: using -h 0 may be faster
*
optimization finished, #iter = 1940
C = 346.7838794609536
obj = 163963.0731332748, rho = -1.7991180314626634
nSV = 2591, nBSV = 1757
.
Warning: using -h 0 may be faster
..
Warning: using -h 0 may be faster
*
optimization finished, #iter = 3716
C = 1228.1935644796692
obj = 988267.5023904194, rho = -53.637046891478775
nSV = 3818, nBSV = 1768
Total nSV = 3818
...
Warning: using -h 0 may be faster
*
optimization finished, #iter = 3892
C = 1316.6963062135094
obj = 1073256.9733452068, rho = -3.439530912884821
nSV = 3915, nBSV = 1720
Total nSV = 3915
...
Warning: using -h 0 may be faster
*
optimization finished, #iter = 3647
C = 1199.8765569867958
obj = 961214.1385550678, rho = 1.8638206403189435
nSV = 3817, nBSV = 1781
Total nSV = 3817
...
Warning: using -h 0 may be faster
*
optimization finished, #iter = 3718
C = 1173.8500879524938
obj = 912703.1195318856, rho = 10.102168944948914
nSV = 3816, nBSV = 1782
Total nSV = 3816
.
Warning: using -h 0 may be faster
..
Warning: using -h 0 may be faster
*
optimization finished, #iter = 3993
C = 1290.7215808564465
obj = 1054550.2649559998, rho = 5.612090454871692
nSV = 3916, nBSV = 1723
Total nSV = 3916
....
Warning: using -h 0 may be faster
*
optimization finished, #iter = 4487
C = 1255.943213169459
obj = 1163447.1864831422, rho = -8.789053791066541
nSV = 4684, nBSV = 2299
.
Warning: using -h 0 may be faster
*
optimization finished, #iter = 1887
C = 354.32427313845386
obj = 156423.20097626888, rho = -21.820992593305494
nSV = 2465, nBSV = 1598
Total nSV = 2465
.
Warning: using -h 0 may be faster
*
optimization finished, #iter = 1785
C = 322.28153365740735
obj = 134577.45297739716, rho = -16.008678992320185
nSV = 2417, nBSV = 1630
Total nSV = 2417
.
Warning: using -h 0 may be faster
*
optimization finished, #iter = 1772
C = 321.86715817642533
obj = 129284.33137448512, rho = -12.583933016005586
nSV = 2439, nBSV = 1615
Total nSV = 2439
.
Warning: using -h 0 may be faster
*
optimization finished, #iter = 1661
C = 311.5419726691514
obj = 128872.80035333964, rho = -21.54141945852957
nSV = 2396, nBSV = 1622
Total nSV = 2396
.
Warning: using -h 0 may be faster
*
optimization finished, #iter = 1709
C = 313.6780271833734
obj = 125250.53637040965, rho = -23.57053129021323
nSV = 2410, nBSV = 1638
Total nSV = 2410
..
Warning: using -h 0 may be faster
*
optimization finished, #iter = 2113
C = 297.4686524829192
obj = 139911.40443399418, rho = 13.395033739737697
nSV = 2996, nBSV = 2080
Total nSV = 6920
...
Warning: using -h 0 may be faster
*
optimization finished, #iter = 3836
C = 1399.2457779985748
obj = 1177187.7882334355, rho = -78.26569069386186
nSV = 3928, nBSV = 1679
Total nSV = 3928
...
Warning: using -h 0 may be faster
*
optimization finished, #iter = 3671
C = 1290.2761802700365
obj = 1040711.3809170875, rho = 18.169621152568986
nSV = 3859, nBSV = 1741
Total nSV = 3859
...
Warning: using -h 0 may be faster
*
optimization finished, #iter = 3685
C = 1295.5304295703831
obj = 1038669.3910284647, rho = 21.5300814207859
nSV = 3854, nBSV = 1746
Total nSV = 3854
...
Warning: using -h 0 may be faster
*
optimization finished, #iter = 3633
C = 1303.5105806548702
obj = 1082104.00611916, rho = 13.263053419558599
nSV = 3878, nBSV = 1734
Total nSV = 3878
...
Warning: using -h 0 may be faster
*
optimization finished, #iter = 3800
C = 1288.6892091558223
obj = 1048656.74887969, rho = 9.946958945507156
nSV = 3899, nBSV = 1729
Total nSV = 3899
.
Warning: using -h 0 may be faster
...
Warning: using -h 0 may be faster
*
optimization finished, #iter = 4586
C = 1363.8737348369875
obj = 1313485.9154205162, rho = -76.63360259546927
nSV = 4722, nBSV = 2258
.
Warning: using -h 0 may be faster
*
optimization finished, #iter = 1740
C = 327.66951075834817
obj = 140357.1165398785, rho = -18.864638334800738
nSV = 2449, nBSV = 1617
Total nSV = 2449
.
Warning: using -h 0 may be faster
*
optimization finished, #iter = 1839
C = 336.84959465929023
obj = 138063.09906038278, rho = -17.437963698289423
nSV = 2479, nBSV = 1590
Total nSV = 2479
.
Warning: using -h 0 may be faster
*
optimization finished, #iter = 1809
C = 357.7856129817749
obj = 156219.01297017216, rho = -15.305234948394052
nSV = 2486, nBSV = 1565
Total nSV = 2486
.
Warning: using -h 0 may be faster
*
optimization finished, #iter = 1841
C = 374.6103692417757
obj = 161473.56678052247, rho = -22.583734173354653
nSV = 2496, nBSV = 1571
Total nSV = 2496
.
Warning: using -h 0 may be faster
*
optimization finished, #iter = 1853
C = 383.12364135804063
obj = 172937.25801167733, rho = -23.18839723425628
nSV = 2480, nBSV = 1568
Total nSV = 2480
..
Warning: using -h 0 may be faster
*
optimization finished, #iter = 2281
C = 339.217550664592
obj = 170514.94688258076, rho = -21.541039643286926
nSV = 3055, nBSV = 2020
.
Warning: using -h 0 may be faster
*
optimization finished, #iter = 1653
C = 368.35223964684286
obj = 152787.65737932874, rho = -4.108510117908171
nSV = 2133, nBSV = 1353
Total nSV = 2133
.
Warning: using -h 0 may be faster
*
optimization finished, #iter = 1721
C = 387.8176699110215
obj = 163476.7418137878, rho = -11.500019034556962
nSV = 2135, nBSV = 1364
Total nSV = 2135
.
Warning: using -h 0 may be faster
*
optimization finished, #iter = 1673
C = 381.4470560557959
obj = 158532.95339516463, rho = -2.5487550137276394
nSV = 2124, nBSV = 1353
Total nSV = 2124
.
Warning: using -h 0 may be faster
*
optimization finished, #iter = 1648
C = 404.44672730999747
obj = 170410.0171222304, rho = -8.278286852399392
nSV = 2147, nBSV = 1368
Total nSV = 2147
.
Warning: using -h 0 may be faster
*
optimization finished, #iter = 1650
C = 383.07111589440694
obj = 160672.91404444163, rho = -6.952519606722253
nSV = 2122, nBSV = 1356
Total nSV = 2122
..*
optimization finished, #iter = 2093
C = 358.4382972086334
obj = 174602.24151334146, rho = -2.474210957357217
nSV = 2638, nBSV = 1731
Total nSV = 6955
.
Warning: using -h 0 may be faster
*
optimization finished, #iter = 1568
C = 357.34461302481856
obj = 143049.5604262674, rho = 0.71682209607679
nSV = 2122, nBSV = 1374
Total nSV = 2122
.
Warning: using -h 0 may be faster
*
optimization finished, #iter = 1562
C = 368.87482772609013
obj = 155886.97267809906, rho = -11.592251470614118
nSV = 2109, nBSV = 1375
Total nSV = 2109
.
Warning: using -h 0 may be faster
*
optimization finished, #iter = 1635
C = 360.75265465946865
obj = 147669.71313653543, rho = -10.796231655212253
nSV = 2121, nBSV = 1379
Total nSV = 2121
.
Warning: using -h 0 may be faster
*
optimization finished, #iter = 1685
C = 410.01519953114666
obj = 177359.14924702264, rho = -12.413382935295704
nSV = 2152, nBSV = 1346
Total nSV = 2152
.
Warning: using -h 0 may be faster
*
optimization finished, #iter = 1642
C = 369.1378342886349
obj = 150572.8552553058, rho = -18.08676441153288
nSV = 2127, nBSV = 1362
Total nSV = 2127
..
Warning: using -h 0 may be faster
*
optimization finished, #iter = 2038
C = 349.6818531909294
obj = 169306.41960227146, rho = -12.098904853659526
nSV = 2602, nBSV = 1744
.
Warning: using -h 0 may be faster
*
optimization finished, #iter = 1696
C = 318.95251545803177
obj = 130326.7849839187, rho = 6.584412861142801
nSV = 2426, nBSV = 1621
Total nSV = 2426
.
Warning: using -h 0 may be faster
*
optimization finished, #iter = 1629
C = 280.4069779060733
obj = 108780.51546567117, rho = 1.3960085534249733
nSV = 2409, nBSV = 1632
Total nSV = 2409
.
Warning: using -h 0 may be faster
*
optimization finished, #iter = 1678
C = 301.9828000500555
obj = 121829.39051471792, rho = 0.6648899806328478
nSV = 2418, nBSV = 1641
Total nSV = 2418
.
Warning: using -h 0 may be faster
*
optimization finished, #iter = 1702
C = 320.0120401501851
obj = 130670.09413368844, rho = -1.2645288177550065
nSV = 2427, nBSV = 1628
Total nSV = 2427
.
Warning: using -h 0 may be faster
*
optimization finished, #iter = 1585
C = 296.4598196025424
obj = 119215.6766369938, rho = 2.5498280143046514
nSV = 2393, nBSV = 1632
Total nSV = 2393
..
Warning: using -h 0 may be faster
*
optimization finished, #iter = 2056
C = 284.6455586242029
obj = 133606.56701272313, rho = 2.631267067993514
nSV = 2953, nBSV = 2097
...
Warning: using -h 0 may be faster
*
optimization finished, #iter = 3498
C = 1251.5420710323776
obj = 1014694.9351989685, rho = 2.1087440521755885
nSV = 3818, nBSV = 1777
Total nSV = 3818
...
Warning: using -h 0 may be faster
*
optimization finished, #iter = 3742
C = 1197.82943992257
obj = 941917.2245197477, rho = -1.521717518719386
nSV = 3845, nBSV = 1772
Total nSV = 3845
...
Warning: using -h 0 may be faster
*
optimization finished, #iter = 3588
C = 1245.138161206985
obj = 1008453.7584343874, rho = -18.73192474177713
nSV = 3801, nBSV = 1774
Total nSV = 3801
...
Warning: using -h 0 may be faster
*
optimization finished, #iter = 3516
C = 1213.198715116094
obj = 973506.8435919718, rho = -8.604528709210156
nSV = 3802, nBSV = 1768
Total nSV = 3802
...
Warning: using -h 0 may be faster
*
optimization finished, #iter = 3678
C = 1313.5550819435623
obj = 1089221.0157569298, rho = -1.592166872663824
nSV = 3858, nBSV = 1757
Total nSV = 3858
....
Warning: using -h 0 may be faster
*
optimization finished, #iter = 4462
C = 1272.6132968294644
obj = 1207108.702318308, rho = 1.8348748330747862
nSV = 4663, nBSV = 2312
Total nSV = 6861
.
Warning: using -h 0 may be faster
*
optimization finished, #iter = 1761
C = 319.0081253782046
obj = 129726.71740415375, rho = -9.306225273647442
nSV = 2446, nBSV = 1591
Total nSV = 2446
.
Warning: using -h 0 may be faster
*
optimization finished, #iter = 1595
C = 268.013620816493
obj = 100759.78330621753, rho = 4.413091665738325
nSV = 2372, nBSV = 1646
Total nSV = 2372
.
Warning: using -h 0 may be faster
*
optimization finished, #iter = 1641
C = 309.59342080930395
obj = 125067.6726937291, rho = 5.016689360371127
nSV = 2426, nBSV = 1632
Total nSV = 2426
.
Warning: using -h 0 may be faster
*
optimization finished, #iter = 1685
C = 277.34395624755405
obj = 108152.23396371244, rho = 4.597678406495949
nSV = 2395, nBSV = 1649
Total nSV = 2395
.
Warning: using -h 0 may be faster
*
optimization finished, #iter = 1519
C = 226.76497161990883
obj = 81306.07665812828, rho = 6.779639102730527
nSV = 2313, nBSV = 1712
Total nSV = 2313
..
Warning: using -h 0 may be faster
*
optimization finished, #iter = 2011
C = 257.43194852415826
obj = 115230.93208383644, rho = 5.4473626919351785
nSV = 2947, nBSV = 2107
.
Warning: using -h 0 may be faster
*
optimization finished, #iter = 1595
C = 375.3506452406678
obj = 151114.60345697397, rho = -5.18373845686604
nSV = 2117, nBSV = 1385
Total nSV = 2117
.
Warning: using -h 0 may be faster
*
optimization finished, #iter = 1612
C = 334.31026979223077
obj = 131781.27912790363, rho = 1.703059255783403
nSV = 2073, nBSV = 1387
Total nSV = 2073
.
Warning: using -h 0 may be faster
*
optimization finished, #iter = 1639
C = 361.53545387434406
obj = 147062.33866347215, rho = -5.129118474619479
nSV = 2107, nBSV = 1374
Total nSV = 2107
.
Warning: using -h 0 may be faster
*
optimization finished, #iter = 1634
C = 364.9327461483086
obj = 148052.41950548618, rho = -2.965026973088807
nSV = 2104, nBSV = 1391
Total nSV = 2104
.
Warning: using -h 0 may be faster
*
optimization finished, #iter = 1620
C = 357.4143268287639
obj = 145572.38764650753, rho = -4.833995567059037
nSV = 2088, nBSV = 1388
Total nSV = 2088
.
Warning: using -h 0 may be faster
*
optimization finished, #iter = 1955
C = 333.8264973939603
obj = 157274.71260872652, rho = -1.9741563102582302
nSV = 2576, nBSV = 1778
...
Warning: using -h 0 may be faster
*
optimization finished, #iter = 3483
C = 1298.9628738780675
obj = 1056586.0032407895, rho = 7.969311812700023
nSV = 3837, nBSV = 1763
Total nSV = 3837
...
Warning: using -h 0 may be faster
*
optimization finished, #iter = 3775
C = 1373.7064713740704
obj = 1155293.7222212662, rho = -50.29742876420786
nSV = 3901, nBSV = 1710
Total nSV = 3901
...
Warning: using -h 0 may be faster
*
optimization finished, #iter = 3646
C = 1307.5863555392796
obj = 1081633.214626669, rho = -54.47964580070122
nSV = 3854, nBSV = 1729
Total nSV = 3854
...
Warning: using -h 0 may be faster
*
optimization finished, #iter = 3840
C = 1338.0570998335986
obj = 1108750.92758765, rho = -47.481859346228305
nSV = 3885, nBSV = 1732
Total nSV = 3885
...
Warning: using -h 0 may be faster
*
optimization finished, #iter = 3645
C = 1323.7561550152095
obj = 1104002.0914960545, rho = -38.8295912883106
nSV = 3898, nBSV = 1735
Total nSV = 3898
....
Warning: using -h 0 may be faster
*
optimization finished, #iter = 4571
C = 1381.2140588398684
obj = 1342679.3782688437, rho = -61.239972602200254
nSV = 4712, nBSV = 2245
Total nSV = 6898


=== Predictions under cross-validation ===

 inst#     actual  predicted error distribution
     1  2:neutral  2:neutral       0.082,*0.592,0.326 
     2  2:neutral  2:neutral       0.019,*0.881,0.099 
     3  2:neutral 3:positive   +   0.05,0.244,*0.706 
     4  2:neutral  2:neutral       0.095,*0.598,0.307 
     5  2:neutral  2:neutral       0.066,*0.774,0.159 
     6  2:neutral 1:negative   +   *0.565,0.392,0.044 
     7  2:neutral 3:positive   +   0.104,0.348,*0.547 
     8  2:neutral  2:neutral       0.06,*0.789,0.151 
     9  2:neutral  2:neutral       0.096,*0.593,0.311 
    10  2:neutral 1:negative   +   *0.75,0.165,0.085 
    11  2:neutral 3:positive   +   0.027,0.25,*0.723 
    12  2:neutral  2:neutral       0.04,*0.805,0.155 
    13  2:neutral  2:neutral       0.024,*0.786,0.19 
    14  2:neutral  2:neutral       0.02,*0.71,0.27 
    15  2:neutral  2:neutral       0.388,*0.411,0.202 
    16  2:neutral  2:neutral       0.015,*0.594,0.391 
    17  2:neutral 3:positive   +   0.334,0.305,*0.36 
    18  2:neutral  2:neutral       0.156,*0.459,0.385 
    19  2:neutral  2:neutral       0.121,*0.714,0.166 
    20  2:neutral  2:neutral       0.055,*0.849,0.097 
    21  2:neutral 3:positive   +   0.353,0.292,*0.356 
    22  2:neutral  2:neutral       0.081,*0.573,0.346 
    23  2:neutral  2:neutral       0.066,*0.721,0.213 
    24  2:neutral  2:neutral       0.055,*0.825,0.12 
    25  2:neutral  2:neutral       0.071,*0.663,0.266 
    26  2:neutral 3:positive   +   0.155,0.282,*0.563 
    27  2:neutral  2:neutral       0.023,*0.855,0.122 
    28  2:neutral 1:negative   +   *0.558,0.321,0.12 
    29  2:neutral  2:neutral       0.021,*0.701,0.278 
    30  2:neutral  2:neutral       0.057,*0.487,0.457 
    31  2:neutral  2:neutral       0.425,*0.51,0.065 
    32  2:neutral 1:negative   +   *0.948,0.04,0.013 
    33  2:neutral  2:neutral       0.024,*0.838,0.138 
    34  2:neutral  2:neutral       0.075,*0.726,0.2 
    35  2:neutral  2:neutral       0.12,*0.805,0.075 
    36  2:neutral  2:neutral       0.022,*0.728,0.25 
    37  2:neutral  2:neutral       0.247,*0.569,0.184 
    38  2:neutral  2:neutral       0.1,*0.68,0.22 
    39  2:neutral  2:neutral       0.027,*0.828,0.145 
    40  2:neutral  2:neutral       0.025,*0.559,0.415 
    41  2:neutral  2:neutral       0.081,*0.758,0.16 
    42  2:neutral  2:neutral       0.04,*0.75,0.21 
    43  2:neutral 3:positive   +   0.15,0.086,*0.763 
    44  2:neutral  2:neutral       0.098,*0.541,0.361 
    45  2:neutral  2:neutral       0.03,*0.867,0.103 
    46  2:neutral  2:neutral       0.014,*0.744,0.243 
    47  2:neutral  2:neutral       0.043,*0.554,0.403 
    48  2:neutral 3:positive   +   0.034,0.143,*0.823 
    49  2:neutral  2:neutral       0.052,*0.87,0.078 
    50  2:neutral  2:neutral       0.033,*0.818,0.15 
    51  2:neutral  2:neutral       0.095,*0.838,0.068 
    52  2:neutral  2:neutral       0.328,*0.454,0.218 
    53  2:neutral  2:neutral       0.314,*0.371,0.314 
    54  2:neutral  2:neutral       0.091,*0.574,0.335 
    55  2:neutral  2:neutral       0.026,*0.852,0.122 
    56  2:neutral  2:neutral       0.035,*0.917,0.048 
    57  2:neutral  2:neutral       0.13,*0.605,0.265 
    58  2:neutral  2:neutral       0.067,*0.579,0.354 
    59  2:neutral  2:neutral       0.109,*0.576,0.315 
    60  2:neutral  2:neutral       0.117,*0.612,0.271 
    61  2:neutral  2:neutral       0.06,*0.747,0.193 
    62  2:neutral  2:neutral       0.071,*0.739,0.191 
    63  2:neutral  2:neutral       0.019,*0.717,0.264 
    64  2:neutral 3:positive   +   0.222,0.365,*0.413 
    65  2:neutral  2:neutral       0.223,*0.688,0.089 
    66  2:neutral 3:positive   +   0.014,0.186,*0.8 
    67  2:neutral 3:positive   +   0.051,0.405,*0.543 
    68  2:neutral  2:neutral       0.254,*0.449,0.297 
    69  2:neutral 3:positive   +   0.033,0.311,*0.656 
    70  2:neutral  2:neutral       0.069,*0.473,0.457 
    71  2:neutral  2:neutral       0.14,*0.751,0.11 
    72  2:neutral 3:positive   +   0.039,0.099,*0.862 
    73  2:neutral  2:neutral       0.165,*0.463,0.372 
    74  2:neutral 3:positive   +   0.072,0.422,*0.507 
    75  2:neutral  2:neutral       0.045,*0.792,0.162 
    76  2:neutral  2:neutral       0.073,*0.517,0.409 
    77  2:neutral  2:neutral       0.157,*0.473,0.37 
    78  2:neutral  2:neutral       0.058,*0.666,0.276 
    79  2:neutral  2:neutral       0.254,*0.615,0.131 
    80  2:neutral  2:neutral       0.072,*0.833,0.095 
    81  2:neutral  2:neutral       0.326,*0.374,0.3 
    82  2:neutral  2:neutral       0.123,*0.816,0.061 
    83  2:neutral 1:negative   +   *0.575,0.082,0.343 
    84  2:neutral 3:positive   +   0.039,0.19,*0.771 
    85  2:neutral  2:neutral       0.259,*0.605,0.135 
    86  2:neutral  2:neutral       0.06,*0.839,0.101 
    87  2:neutral  2:neutral       0.013,*0.559,0.428 
    88  2:neutral  2:neutral       0.028,*0.59,0.381 
    89  2:neutral 1:negative   +   *0.534,0.278,0.188 
    90  2:neutral  2:neutral       0.024,*0.839,0.137 
    91  2:neutral  2:neutral       0.084,*0.598,0.318 
    92  2:neutral  2:neutral       0.121,*0.628,0.251 
    93  2:neutral  2:neutral       0.093,*0.653,0.254 
    94  2:neutral  2:neutral       0.065,*0.553,0.382 
    95  2:neutral 3:positive   +   0.12,0.387,*0.493 
    96  2:neutral  2:neutral       0.087,*0.787,0.127 
    97  2:neutral  2:neutral       0.084,*0.715,0.201 
    98  2:neutral 3:positive   +   0.073,0.291,*0.636 
    99  2:neutral  2:neutral       0.039,*0.821,0.141 
   100  2:neutral  2:neutral       0.088,*0.715,0.196 
   101  2:neutral 3:positive   +   0.296,0.313,*0.391 
   102  2:neutral 3:positive   +   0.059,0.269,*0.672 
   103  2:neutral  2:neutral       0.039,*0.799,0.162 
   104  2:neutral  2:neutral       0.196,*0.521,0.282 
   105  2:neutral  2:neutral       0.077,*0.658,0.265 
   106  2:neutral 3:positive   +   0.1,0.247,*0.653 
   107  2:neutral  2:neutral       0.08,*0.691,0.229 
   108  2:neutral  2:neutral       0.059,*0.819,0.122 
   109  2:neutral  2:neutral       0.014,*0.866,0.12 
   110  2:neutral  2:neutral       0.115,*0.642,0.244 
   111  2:neutral  2:neutral       0.063,*0.51,0.427 
   112  2:neutral  2:neutral       0.011,*0.859,0.13 
   113  2:neutral  2:neutral       0.043,*0.645,0.312 
   114  2:neutral 3:positive   +   0.062,0.32,*0.619 
   115  2:neutral  2:neutral       0.055,*0.695,0.25 
   116  2:neutral  2:neutral       0.232,*0.672,0.096 
   117  2:neutral  2:neutral       0.026,*0.938,0.036 
   118  2:neutral  2:neutral       0.14,*0.555,0.305 
   119  2:neutral  2:neutral       0.035,*0.837,0.127 
   120  2:neutral 3:positive   +   0.064,0.226,*0.71 
   121  2:neutral  2:neutral       0.054,*0.501,0.445 
   122  2:neutral 3:positive   +   0.14,0.225,*0.635 
   123  2:neutral  2:neutral       0.082,*0.849,0.07 
   124  2:neutral  2:neutral       0.076,*0.76,0.164 
   125  2:neutral  2:neutral       0.072,*0.802,0.125 
   126  2:neutral  2:neutral       0.03,*0.521,0.448 
   127  2:neutral  2:neutral       0.033,*0.81,0.158 
   128  2:neutral 3:positive   +   0.037,0.406,*0.557 
   129  2:neutral  2:neutral       0.152,*0.643,0.205 
   130  2:neutral  2:neutral       0.087,*0.688,0.225 
   131  2:neutral 3:positive   +   0.273,0.264,*0.463 
   132  2:neutral  2:neutral       0.054,*0.753,0.193 
   133  2:neutral  2:neutral       0.081,*0.775,0.144 
   134  2:neutral  2:neutral       0.029,*0.741,0.23 
   135  2:neutral  2:neutral       0.019,*0.758,0.223 
   136  2:neutral  2:neutral       0.008,*0.813,0.18 
   137  2:neutral  2:neutral       0.053,*0.786,0.161 
   138  2:neutral 3:positive   +   0.03,0.474,*0.495 
   139  2:neutral  2:neutral       0.186,*0.594,0.22 
   140  2:neutral  2:neutral       0.065,*0.713,0.223 
   141  2:neutral  2:neutral       0.047,*0.767,0.186 
   142  2:neutral  2:neutral       0.112,*0.719,0.168 
   143  2:neutral  2:neutral       0.225,*0.433,0.341 
   144  2:neutral  2:neutral       0.137,*0.75,0.113 
   145  2:neutral 3:positive   +   0.233,0.315,*0.452 
   146  2:neutral  2:neutral       0.211,*0.65,0.138 
   147  2:neutral  2:neutral       0.035,*0.732,0.233 
   148  2:neutral  2:neutral       0.075,*0.821,0.104 
   149  2:neutral 3:positive   +   0.17,0.248,*0.582 
   150  2:neutral  2:neutral       0.064,*0.802,0.133 
   151  2:neutral  2:neutral       0.082,*0.712,0.206 
   152  2:neutral  2:neutral       0.034,*0.876,0.089 
   153  2:neutral  2:neutral       0.032,*0.821,0.148 
   154  2:neutral  2:neutral       0.223,*0.653,0.125 
   155  2:neutral 3:positive   +   0.073,0.364,*0.563 
   156  2:neutral 3:positive   +   0.064,0.447,*0.489 
   157  2:neutral  2:neutral       0.055,*0.624,0.321 
   158  2:neutral  2:neutral       0.037,*0.836,0.128 
   159  2:neutral  2:neutral       0.145,*0.798,0.057 
   160  2:neutral  2:neutral       0.011,*0.621,0.368 
   161  2:neutral  2:neutral       0.202,*0.533,0.266 
   162  2:neutral  2:neutral       0.031,*0.837,0.132 
   163  2:neutral  2:neutral       0.035,*0.691,0.274 
   164  2:neutral  2:neutral       0.102,*0.63,0.268 
   165  2:neutral  2:neutral       0.087,*0.83,0.084 
   166  2:neutral  2:neutral       0.06,*0.727,0.213 
   167  2:neutral  2:neutral       0.066,*0.727,0.207 
   168  2:neutral  2:neutral       0.036,*0.742,0.222 
   169  2:neutral  2:neutral       0.107,*0.519,0.375 
   170  2:neutral  2:neutral       0.052,*0.742,0.207 
   171  2:neutral  2:neutral       0.038,*0.605,0.357 
   172  2:neutral  2:neutral       0.267,*0.523,0.21 
   173  2:neutral 1:negative   +   *0.904,0.071,0.025 
   174  2:neutral  2:neutral       0.1,*0.545,0.355 
   175  2:neutral  2:neutral       0.052,*0.707,0.24 
   176  2:neutral  2:neutral       0.282,*0.567,0.151 
   177  2:neutral  2:neutral       0.047,*0.732,0.221 
   178  2:neutral  2:neutral       0.187,*0.648,0.165 
   179  2:neutral  2:neutral       0.099,*0.732,0.168 
   180  2:neutral  2:neutral       0.046,*0.848,0.106 
   181  2:neutral  2:neutral       0.057,*0.798,0.145 
   182  2:neutral 1:negative   +   *0.877,0.106,0.017 
   183  2:neutral  2:neutral       0.075,*0.685,0.24 
   184  2:neutral 3:positive   +   0.055,0.431,*0.514 
   185  2:neutral  2:neutral       0.053,*0.585,0.362 
   186  2:neutral  2:neutral       0.016,*0.672,0.312 
   187  2:neutral  2:neutral       0.046,*0.561,0.393 
   188  2:neutral 3:positive   +   0.048,0.437,*0.516 
   189  2:neutral 1:negative   +   *0.468,0.441,0.091 
   190  2:neutral  2:neutral       0.441,*0.476,0.083 
   191  2:neutral  2:neutral       0.081,*0.836,0.083 
   192  2:neutral  2:neutral       0.048,*0.798,0.154 
   193  2:neutral  2:neutral       0.011,*0.663,0.325 
   194  2:neutral  2:neutral       0.067,*0.815,0.118 
   195  2:neutral 3:positive   +   0.051,0.459,*0.49 
   196  2:neutral  2:neutral       0.195,*0.711,0.095 
   197  2:neutral  2:neutral       0.071,*0.632,0.297 
   198  2:neutral  2:neutral       0.325,*0.448,0.227 
   199  2:neutral 3:positive   +   0.067,0.252,*0.681 
   200  2:neutral  2:neutral       0.071,*0.6,0.33 
   201  2:neutral  2:neutral       0.063,*0.851,0.086 
   202  2:neutral  2:neutral       0.088,*0.673,0.239 
   203  2:neutral  2:neutral       0.055,*0.551,0.394 
   204  2:neutral  2:neutral       0.023,*0.939,0.039 
   205  2:neutral  2:neutral       0.019,*0.651,0.33 
   206  2:neutral  2:neutral       0.18,*0.536,0.285 
   207  2:neutral 3:positive   +   0.032,0.473,*0.495 
   208  2:neutral  2:neutral       0.039,*0.875,0.086 
   209  2:neutral  2:neutral       0.029,*0.894,0.077 
   210  2:neutral 1:negative   +   *0.386,0.265,0.349 
   211  2:neutral  2:neutral       0.019,*0.682,0.3 
   212  2:neutral  2:neutral       0.03,*0.83,0.141 
   213  2:neutral  2:neutral       0.073,*0.667,0.261 
   214  2:neutral  2:neutral       0.071,*0.739,0.19 
   215  2:neutral  2:neutral       0.374,*0.551,0.075 
   216  2:neutral  2:neutral       0.069,*0.601,0.33 
   217  2:neutral  2:neutral       0.045,*0.848,0.107 
   218  2:neutral  2:neutral       0.226,*0.426,0.347 
   219  2:neutral  2:neutral       0.151,*0.703,0.146 
   220  2:neutral  2:neutral       0.085,*0.69,0.225 
   221  2:neutral 1:negative   +   *0.533,0.255,0.212 
   222  2:neutral 3:positive   +   0.12,0.403,*0.477 
   223  2:neutral  2:neutral       0.031,*0.586,0.383 
   224  2:neutral  2:neutral       0.1,*0.711,0.189 
   225  2:neutral  2:neutral       0.041,*0.83,0.129 
   226  2:neutral  2:neutral       0.078,*0.736,0.186 
   227  2:neutral  2:neutral       0.03,*0.799,0.17 
   228  2:neutral 3:positive   +   0.06,0.351,*0.589 
   229  2:neutral  2:neutral       0.021,*0.685,0.294 
   230  2:neutral 1:negative   +   *0.45,0.302,0.248 
   231  2:neutral  2:neutral       0.081,*0.711,0.208 
   232  2:neutral  2:neutral       0.385,*0.447,0.169 
   233  2:neutral  2:neutral       0.202,*0.53,0.268 
   234  2:neutral  2:neutral       0.052,*0.58,0.367 
   235  2:neutral  2:neutral       0.157,*0.746,0.097 
   236  2:neutral  2:neutral       0.079,*0.549,0.372 
   237  2:neutral  2:neutral       0.05,*0.487,0.463 
   238  2:neutral  2:neutral       0.32,*0.564,0.116 
   239  2:neutral  2:neutral       0.07,*0.727,0.203 
   240  2:neutral  2:neutral       0.077,*0.732,0.191 
   241  2:neutral 1:negative   +   *0.415,0.37,0.215 
   242  2:neutral  2:neutral       0.059,*0.786,0.155 
   243  2:neutral 3:positive   +   0.028,0.288,*0.684 
   244  2:neutral  2:neutral       0.035,*0.761,0.204 
   245  2:neutral  2:neutral       0.12,*0.756,0.124 
   246  2:neutral 3:positive   +   0.018,0.288,*0.695 
   247  2:neutral  2:neutral       0.014,*0.958,0.028 
   248  2:neutral 3:positive   +   0.039,0.373,*0.588 
   249  2:neutral  2:neutral       0.131,*0.493,0.376 
   250  2:neutral  2:neutral       0.042,*0.7,0.257 
   251  2:neutral  2:neutral       0.091,*0.581,0.328 
   252  2:neutral  2:neutral       0.037,*0.52,0.443 
   253  2:neutral  2:neutral       0.098,*0.769,0.133 
   254  2:neutral  2:neutral       0.15,*0.738,0.112 
   255  2:neutral  2:neutral       0.03,*0.835,0.135 
   256  2:neutral  2:neutral       0.098,*0.555,0.347 
   257  2:neutral  2:neutral       0.08,*0.691,0.229 
   258  2:neutral  2:neutral       0.053,*0.903,0.044 
   259  2:neutral  2:neutral       0.123,*0.489,0.388 
   260  2:neutral  2:neutral       0.059,*0.842,0.099 
   261  2:neutral 3:positive   +   0.026,0.325,*0.649 
   262  2:neutral  2:neutral       0.034,*0.813,0.153 
   263  2:neutral  2:neutral       0.059,*0.654,0.286 
   264  2:neutral  2:neutral       0.035,*0.888,0.076 
   265  2:neutral  2:neutral       0.073,*0.638,0.289 
   266  2:neutral  2:neutral       0.032,*0.848,0.121 
   267  2:neutral 3:positive   +   0.098,0.233,*0.669 
   268  2:neutral  2:neutral       0.133,*0.679,0.189 
   269  2:neutral 3:positive   +   0.138,0.413,*0.448 
   270  2:neutral  2:neutral       0.089,*0.666,0.245 
   271  2:neutral 1:negative   +   *0.493,0.261,0.247 
   272  2:neutral  2:neutral       0.054,*0.582,0.364 
   273  2:neutral  2:neutral       0.333,*0.552,0.115 
   274  2:neutral 3:positive   +   0.094,0.431,*0.475 
   275  2:neutral 1:negative   +   *0.681,0.131,0.188 
   276  2:neutral  2:neutral       0.069,*0.803,0.128 
   277  2:neutral  2:neutral       0.009,*0.54,0.451 
   278  2:neutral  2:neutral       0.046,*0.784,0.17 
   279  2:neutral  2:neutral       0.286,*0.401,0.313 
   280  2:neutral  2:neutral       0.028,*0.538,0.434 
   281  2:neutral  2:neutral       0.064,*0.753,0.183 
   282  2:neutral  2:neutral       0.028,*0.861,0.111 
   283  2:neutral 1:negative   +   *0.385,0.274,0.342 
   284  2:neutral  2:neutral       0.065,*0.544,0.391 
   285  2:neutral  2:neutral       0.02,*0.93,0.05 
   286  2:neutral  2:neutral       0.063,*0.548,0.389 
   287  2:neutral  2:neutral       0.042,*0.899,0.059 
   288  2:neutral  2:neutral       0.177,*0.679,0.145 
   289  2:neutral  2:neutral       0.07,*0.73,0.2 
   290  2:neutral  2:neutral       0.016,*0.519,0.465 
   291  2:neutral  2:neutral       0.179,*0.628,0.193 
   292  2:neutral 1:negative   +   *0.679,0.171,0.15 
   293  2:neutral 3:positive   +   0.033,0.333,*0.634 
   294  2:neutral 3:positive   +   0.047,0.467,*0.485 
   295  2:neutral  2:neutral       0.103,*0.848,0.049 
   296  2:neutral  2:neutral       0.054,*0.753,0.193 
   297  2:neutral 3:positive   +   0.137,0.275,*0.587 
   298  2:neutral  2:neutral       0.054,*0.792,0.154 
   299  2:neutral  2:neutral       0.117,*0.741,0.142 
   300  2:neutral  2:neutral       0.044,*0.846,0.111 
   301  2:neutral  2:neutral       0.053,*0.617,0.33 
   302  2:neutral  2:neutral       0.068,*0.795,0.137 
   303  2:neutral 3:positive   +   0.05,0.242,*0.708 
   304  2:neutral  2:neutral       0.162,*0.496,0.343 
   305  2:neutral  2:neutral       0.035,*0.799,0.166 
   306  2:neutral  2:neutral       0.044,*0.675,0.281 
   307  2:neutral  2:neutral       0.024,*0.835,0.141 
   308  2:neutral  2:neutral       0.038,*0.954,0.008 
   309  2:neutral 3:positive   +   0.028,0.178,*0.794 
   310  2:neutral  2:neutral       0.075,*0.886,0.038 
   311  2:neutral  2:neutral       0.141,*0.51,0.349 
   312  2:neutral  2:neutral       0.08,*0.723,0.197 
   313  2:neutral  2:neutral       0.234,*0.662,0.105 
   314  2:neutral  2:neutral       0.159,*0.669,0.172 
   315  2:neutral  2:neutral       0.017,*0.699,0.283 
   316  2:neutral 3:positive   +   0.028,0.394,*0.578 
   317  2:neutral  2:neutral       0.084,*0.706,0.21 
   318  2:neutral  2:neutral       0.06,*0.768,0.171 
   319  2:neutral 3:positive   +   0.101,0.427,*0.472 
   320  2:neutral  2:neutral       0.107,*0.734,0.159 
   321  2:neutral  2:neutral       0.105,*0.736,0.159 
   322  2:neutral  2:neutral       0.034,*0.876,0.09 
   323  2:neutral  2:neutral       0.09,*0.649,0.26 
   324  2:neutral  2:neutral       0.077,*0.79,0.133 
   325  2:neutral  2:neutral       0.03,*0.749,0.22 
   326  2:neutral  2:neutral       0.08,*0.727,0.193 
   327  2:neutral 1:negative   +   *0.746,0.114,0.14 
   328  2:neutral 1:negative   +   *0.574,0.293,0.133 
   329  2:neutral  2:neutral       0.368,*0.465,0.167 
   330  2:neutral  2:neutral       0.025,*0.886,0.089 
   331  2:neutral  2:neutral       0.083,*0.691,0.225 
   332  2:neutral  2:neutral       0.061,*0.805,0.134 
   333  2:neutral  2:neutral       0.022,*0.871,0.107 
   334  2:neutral 3:positive   +   0.358,0.248,*0.394 
   335  2:neutral 3:positive   +   0.019,0.393,*0.588 
   336  2:neutral  2:neutral       0.072,*0.621,0.307 
   337  2:neutral  2:neutral       0.032,*0.881,0.087 
   338  2:neutral  2:neutral       0.094,*0.609,0.297 
   339  2:neutral  2:neutral       0.059,*0.785,0.157 
   340  2:neutral  2:neutral       0.376,*0.452,0.172 
   341  2:neutral  2:neutral       0.059,*0.642,0.298 
   342  2:neutral 3:positive   +   0.149,0.107,*0.744 
   343  2:neutral  2:neutral       0.26,*0.606,0.134 
   344  2:neutral  2:neutral       0.023,*0.603,0.373 
   345  2:neutral  2:neutral       0.014,*0.822,0.164 
   346  2:neutral  2:neutral       0.073,*0.558,0.37 
   347  2:neutral  2:neutral       0.08,*0.691,0.229 
   348  2:neutral  2:neutral       0.153,*0.547,0.3 
   349  2:neutral  2:neutral       0.149,*0.668,0.183 
   350  2:neutral  2:neutral       0.038,*0.768,0.195 
   351  2:neutral  2:neutral       0.03,*0.779,0.191 
   352  2:neutral  2:neutral       0.041,*0.748,0.211 
   353  2:neutral  2:neutral       0.239,*0.514,0.247 
