Zero Weights processed. Default weights will be used
.
Warning: using -h 0 may be faster
*
optimization finished, #iter = 1553
C = 134.3270298011393
obj = 51644.09472262684, rho = 1.884009459620322
nSV = 2660, nBSV = 2236
Total nSV = 2660
.
Warning: using -h 0 may be faster
*
optimization finished, #iter = 1428
C = 127.53076028900625
obj = 47075.58292821231, rho = 2.376746548124494
nSV = 2648, nBSV = 2245
Total nSV = 2648
.
Warning: using -h 0 may be faster
*
optimization finished, #iter = 1460
C = 126.8910032998341
obj = 46685.308710065736, rho = -0.9609405042103368
nSV = 2632, nBSV = 2250
Total nSV = 2632
.
Warning: using -h 0 may be faster
*
optimization finished, #iter = 1457
C = 122.57898714573727
obj = 44892.12776021203, rho = 0.31197371232093407
nSV = 2639, nBSV = 2243
Total nSV = 2639
.
Warning: using -h 0 may be faster
*
optimization finished, #iter = 1552
C = 151.96916147951802
obj = 59027.22489294225, rho = 1.4901990424572074
nSV = 2676, nBSV = 2215
Total nSV = 2676
.
Warning: using -h 0 may be faster
*
optimization finished, #iter = 1938
C = 114.68546707283409
obj = 49580.18733435332, rho = 0.8263834074592334
nSV = 3272, nBSV = 2823
.
Warning: using -h 0 may be faster
..
Warning: using -h 0 may be faster
*
optimization finished, #iter = 3887
C = 742.7930543908865
obj = 658936.7226560027, rho = 12.333302608978062
nSV = 4855, nBSV = 2954
Total nSV = 4855
.
Warning: using -h 0 may be faster
...
Warning: using -h 0 may be faster
*
optimization finished, #iter = 4241
C = 753.2900820788408
obj = 668892.962093769, rho = -36.96098676576604
nSV = 4856, nBSV = 2917
Total nSV = 4856
.
Warning: using -h 0 may be faster
...
Warning: using -h 0 may be faster
*
optimization finished, #iter = 4048
C = 702.9058461676439
obj = 616657.5901015433, rho = -43.15139392759394
nSV = 4846, nBSV = 2927
Total nSV = 4846
.
Warning: using -h 0 may be faster
...
Warning: using -h 0 may be faster
*
optimization finished, #iter = 4145
C = 722.4351328610329
obj = 646875.2885617872, rho = -39.57362884193856
nSV = 4826, nBSV = 2908
Total nSV = 4826
.
Warning: using -h 0 may be faster
...
Warning: using -h 0 may be faster
*
optimization finished, #iter = 4006
C = 686.4272692246963
obj = 590860.034412016, rho = -35.08469360835045
nSV = 4820, nBSV = 2959
Total nSV = 4820
.
Warning: using -h 0 may be faster
...
Warning: using -h 0 may be faster
*
optimization finished, #iter = 4801
C = 713.5459647252045
obj = 738835.6069260892, rho = 19.12346935476501
nSV = 5856, nBSV = 3781
.
Warning: using -h 0 may be faster
*
optimization finished, #iter = 1584
C = 105.11246198560063
obj = 35977.15450653962, rho = -3.0015391204972404
nSV = 3057, nBSV = 2596
Total nSV = 3057
.
Warning: using -h 0 may be faster
*
optimization finished, #iter = 1606
C = 106.97165797161455
obj = 36424.04857833273, rho = -5.749901778457107
nSV = 3063, nBSV = 2590
Total nSV = 3063
.
Warning: using -h 0 may be faster
*
optimization finished, #iter = 1614
C = 101.39848042095596
obj = 34578.03868783913, rho = -7.0576788541721385
nSV = 3060, nBSV = 2593
Total nSV = 3060
.
Warning: using -h 0 may be faster
*
optimization finished, #iter = 1722
C = 116.93949643900412
obj = 41616.900206461796, rho = -6.923431534379248
nSV = 3108, nBSV = 2560
Total nSV = 3108
.
Warning: using -h 0 may be faster
*
optimization finished, #iter = 1530
C = 92.58079576607227
obj = 28945.134584395266, rho = -3.951970744752777
nSV = 3048, nBSV = 2612
Total nSV = 3048
.
Warning: using -h 0 may be faster
*
optimization finished, #iter = 1936
C = 91.3176806813234
obj = 35773.08753086879, rho = 4.87724546384767
nSV = 3783, nBSV = 3282
Total nSV = 8687
.
Warning: using -h 0 may be faster
*
optimization finished, #iter = 1266
C = 150.46478344933232
obj = 48164.87968356578, rho = 3.8269580459826895
nSV = 2156, nBSV = 1754
Total nSV = 2156
.
Warning: using -h 0 may be faster
*
optimization finished, #iter = 1233
C = 145.25628039107718
obj = 45786.07970314954, rho = 4.401399369400268
nSV = 2145, nBSV = 1762
Total nSV = 2145
.
Warning: using -h 0 may be faster
*
optimization finished, #iter = 1255
C = 163.5527449079424
obj = 54577.18553546357, rho = 0.8377449324949638
nSV = 2149, nBSV = 1749
Total nSV = 2149
.
Warning: using -h 0 may be faster
*
optimization finished, #iter = 1227
C = 132.405935059013
obj = 42322.4820080171, rho = 3.778256823048274
nSV = 2129, nBSV = 1770
Total nSV = 2129
.
Warning: using -h 0 may be faster
*
optimization finished, #iter = 1227
C = 139.08844845315917
obj = 44403.47211959153, rho = 0.002439375850889262
nSV = 2140, nBSV = 1764
Total nSV = 2140
.
Warning: using -h 0 may be faster
*
optimization finished, #iter = 1474
C = 127.97920846972475
obj = 47652.653308653025, rho = 2.8914518890115555
nSV = 2648, nBSV = 2231
...
Warning: using -h 0 may be faster
*
optimization finished, #iter = 3361
C = 727.3075938485925
obj = 547818.6234776147, rho = -45.77383360382352
nSV = 3962, nBSV = 2277
Total nSV = 3962
...
Warning: using -h 0 may be faster
*
optimization finished, #iter = 3163
C = 733.162321632198
obj = 557535.1091525845, rho = 10.889356024332338
nSV = 3937, nBSV = 2290
Total nSV = 3937
...
Warning: using -h 0 may be faster
*
optimization finished, #iter = 3299
C = 734.0135212448312
obj = 566771.5530162597, rho = 16.275347875293637
nSV = 3939, nBSV = 2278
Total nSV = 3939
...
Warning: using -h 0 may be faster
*
optimization finished, #iter = 3118
C = 685.7009831456801
obj = 512881.5978711964, rho = 15.563980877037721
nSV = 3911, nBSV = 2288
Total nSV = 3911
...
Warning: using -h 0 may be faster
*
optimization finished, #iter = 3296
C = 741.5660357604561
obj = 575621.1284914528, rho = 23.942760342415735
nSV = 3989, nBSV = 2254
Total nSV = 3989
.
Warning: using -h 0 may be faster
...
Warning: using -h 0 may be faster
*
optimization finished, #iter = 4055
C = 702.3296733709363
obj = 611301.0567393913, rho = 19.857574990338815
nSV = 4853, nBSV = 2916
.
Warning: using -h 0 may be faster
*
optimization finished, #iter = 1310
C = 113.13942599202001
obj = 33049.559277658074, rho = 3.57884696610084
nSV = 2475, nBSV = 2058
Total nSV = 2475
.
Warning: using -h 0 may be faster
*
optimization finished, #iter = 1309
C = 125.74253407850561
obj = 38261.26339758327, rho = 2.3351126979436496
nSV = 2484, nBSV = 2045
Total nSV = 2484
.
Warning: using -h 0 may be faster
*
optimization finished, #iter = 1275
C = 116.28341776407667
obj = 34431.169564303505, rho = 1.7616957167310596
nSV = 2465, nBSV = 2033
Total nSV = 2465
.
Warning: using -h 0 may be faster
*
optimization finished, #iter = 1300
C = 126.15491266038188
obj = 38419.9253862943, rho = 4.8147215298983035
nSV = 2488, nBSV = 2029
Total nSV = 2488
.
Warning: using -h 0 may be faster
*
optimization finished, #iter = 1318
C = 127.83634924453801
obj = 39547.54691184186, rho = 1.031939423693326
nSV = 2491, nBSV = 2029
Total nSV = 2491
.
Warning: using -h 0 may be faster
*
optimization finished, #iter = 1606
C = 107.21328233337607
obj = 37184.27099337718, rho = 3.8333079344029457
nSV = 3058, nBSV = 2587
Total nSV = 7092
.
Warning: using -h 0 may be faster
*
optimization finished, #iter = 1255
C = 171.1571360909092
obj = 58682.5425366155, rho = -1.164492183739023
nSV = 2162, nBSV = 1745
Total nSV = 2162
.
Warning: using -h 0 may be faster
*
optimization finished, #iter = 1220
C = 140.72599244100408
obj = 44538.45327177038, rho = 1.487640629884821
nSV = 2156, nBSV = 1753
Total nSV = 2156
.
Warning: using -h 0 may be faster
*
optimization finished, #iter = 1269
C = 171.2472153844538
obj = 56254.39890008309, rho = -1.6812110821737918
nSV = 2172, nBSV = 1747
Total nSV = 2172
.
Warning: using -h 0 may be faster
*
optimization finished, #iter = 1263
C = 142.03716522211647
obj = 45656.44468134705, rho = -1.1434476186855584
nSV = 2148, nBSV = 1762
Total nSV = 2148
.
Warning: using -h 0 may be faster
*
optimization finished, #iter = 1247
C = 150.69221522285181
obj = 48058.61676811173, rho = 2.543796688819243
nSV = 2148, nBSV = 1760
Total nSV = 2148
.
Warning: using -h 0 may be faster
*
optimization finished, #iter = 1515
C = 134.75231974992144
obj = 50203.38267916947, rho = 0.06711393342381629
nSV = 2655, nBSV = 2219
...
Warning: using -h 0 may be faster
*
optimization finished, #iter = 3086
C = 716.6083671641495
obj = 547090.8550152483, rho = -1.4860301355981815
nSV = 3911, nBSV = 2274
Total nSV = 3911
...
Warning: using -h 0 may be faster
*
optimization finished, #iter = 3290
C = 763.418295475248
obj = 593146.279417976, rho = 19.925493696590472
nSV = 3928, nBSV = 2256
Total nSV = 3928
...
Warning: using -h 0 may be faster
*
optimization finished, #iter = 3199
C = 717.0414239913403
obj = 542388.3214354005, rho = 3.9739545038908908
nSV = 3914, nBSV = 2303
Total nSV = 3914
...
Warning: using -h 0 may be faster
*
optimization finished, #iter = 3046
C = 704.1962602998383
obj = 536867.4467366135, rho = 9.455760562473282
nSV = 3928, nBSV = 2308
Total nSV = 3928
...
Warning: using -h 0 may be faster
*
optimization finished, #iter = 3201
C = 746.8415319820655
obj = 585929.9449650239, rho = 24.919005735526433
nSV = 3935, nBSV = 2280
Total nSV = 3935
.
Warning: using -h 0 may be faster
..
Warning: using -h 0 may be faster
*
optimization finished, #iter = 3976
C = 714.1374907356375
obj = 634403.5737363007, rho = 14.383824315856595
nSV = 4830, nBSV = 2924
.
Warning: using -h 0 may be faster
*
optimization finished, #iter = 1370
C = 117.20113502561192
obj = 33692.97360971412, rho = -6.17400639142504
nSV = 2472, nBSV = 2044
Total nSV = 2472
.
Warning: using -h 0 may be faster
*
optimization finished, #iter = 1372
C = 141.66895053659783
obj = 44699.46057054791, rho = -6.460043064267672
nSV = 2527, nBSV = 2002
Total nSV = 2527
.
Warning: using -h 0 may be faster
*
optimization finished, #iter = 1404
C = 136.48940585615324
obj = 42635.939147524434, rho = -4.382255395676077
nSV = 2508, nBSV = 2014
Total nSV = 2508
.
Warning: using -h 0 may be faster
*
optimization finished, #iter = 1298
C = 100.37941069387358
obj = 27332.502832625563, rho = -4.391065030802343
nSV = 2470, nBSV = 2056
Total nSV = 2470
.
Warning: using -h 0 may be faster
*
optimization finished, #iter = 1288
C = 110.52086873144596
obj = 31674.977181215778, rho = -5.074493083444693
nSV = 2475, nBSV = 2040
Total nSV = 2475
.
Warning: using -h 0 may be faster
*
optimization finished, #iter = 1520
C = 106.76010743919892
obj = 36495.036885603906, rho = 4.6626719069520375
nSV = 3056, nBSV = 2599
Total nSV = 7083
...
Warning: using -h 0 may be faster
*
optimization finished, #iter = 3325
C = 742.8187702460866
obj = 561755.231298872, rho = -32.79567127203273
nSV = 3982, nBSV = 2270
Total nSV = 3982
...
Warning: using -h 0 may be faster
*
optimization finished, #iter = 3244
C = 770.9973849619653
obj = 604937.4976007107, rho = -36.85147771650417
nSV = 3987, nBSV = 2232
Total nSV = 3987
...
Warning: using -h 0 may be faster
*
optimization finished, #iter = 3196
C = 709.7876220824679
obj = 533382.2632962341, rho = -39.85144195492233
nSV = 3923, nBSV = 2269
Total nSV = 3923
...
Warning: using -h 0 may be faster
*
optimization finished, #iter = 3222
C = 776.0231006761157
obj = 601109.6487798586, rho = -50.14944005185377
nSV = 3941, nBSV = 2243
Total nSV = 3941
...
Warning: using -h 0 may be faster
*
optimization finished, #iter = 3255
C = 798.4995888863757
obj = 621888.840299593, rho = -39.047412500918625
nSV = 3954, nBSV = 2253
Total nSV = 3954
.
Warning: using -h 0 may be faster
...
Warning: using -h 0 may be faster
*
optimization finished, #iter = 4135
C = 742.5318236614111
obj = 657704.2353575256, rho = -41.494171513316495
nSV = 4860, nBSV = 2915
.
Warning: using -h 0 may be faster
*
optimization finished, #iter = 1353
C = 129.28983401816836
obj = 38809.66604687687, rho = -4.754627179826874
nSV = 2501, nBSV = 2034
Total nSV = 2501
.
Warning: using -h 0 may be faster
*
optimization finished, #iter = 1336
C = 128.12084540142695
obj = 37755.439609190995, rho = 5.36020136300935
nSV = 2506, nBSV = 2026
Total nSV = 2506
.
Warning: using -h 0 may be faster
*
optimization finished, #iter = 1531
C = 173.9845661863455
obj = 61690.07365368527, rho = 6.1254910990097216
nSV = 2582, nBSV = 1959
Total nSV = 2582
.
Warning: using -h 0 may be faster
*
optimization finished, #iter = 1293
C = 128.23427182908065
obj = 37702.15601452857, rho = 4.771283135282771
nSV = 2504, nBSV = 2039
Total nSV = 2504
.
Warning: using -h 0 may be faster
*
optimization finished, #iter = 1371
C = 140.08207474796322
obj = 43134.52792504741, rho = 2.4291659067029765
nSV = 2515, nBSV = 1990
Total nSV = 2515
.
Warning: using -h 0 may be faster
*
optimization finished, #iter = 1615
C = 125.34429435323528
obj = 45217.71589617573, rho = -7.919503502811991
nSV = 3099, nBSV = 2553
.
Warning: using -h 0 may be faster
*
optimization finished, #iter = 1267
C = 138.8347952333854
obj = 44526.20253889192, rho = -1.4572131757855087
nSV = 2139, nBSV = 1760
Total nSV = 2139
.
Warning: using -h 0 may be faster
*
optimization finished, #iter = 1331
C = 181.97575226913386
obj = 62784.53502812701, rho = -4.010649570133974
nSV = 2190, nBSV = 1712
Total nSV = 2190
.
Warning: using -h 0 may be faster
*
optimization finished, #iter = 1281
C = 178.26623897863564
obj = 60281.2174283567, rho = -5.026720045840825
nSV = 2185, nBSV = 1724
Total nSV = 2185
.
Warning: using -h 0 may be faster
*
optimization finished, #iter = 1222
C = 155.28315579913837
obj = 51693.92934386981, rho = -1.860859167811102
nSV = 2150, nBSV = 1746
Total nSV = 2150
.
Warning: using -h 0 may be faster
*
optimization finished, #iter = 1196
C = 139.4324618757984
obj = 43559.83749481712, rho = -3.0558991784642435
nSV = 2145, nBSV = 1763
Total nSV = 2145
.
Warning: using -h 0 may be faster
*
optimization finished, #iter = 1553
C = 138.58213083728853
obj = 52678.78038796478, rho = 0.9229305860066096
nSV = 2672, nBSV = 2223
Total nSV = 7128
.
Warning: using -h 0 may be faster
*
optimization finished, #iter = 1253
C = 152.58953595162535
obj = 49498.17484036782, rho = 0.6221514463689435
nSV = 2151, nBSV = 1756
Total nSV = 2151
.
Warning: using -h 0 may be faster
*
optimization finished, #iter = 1190
C = 135.93427329502993
obj = 41664.106686634, rho = 2.632173756211881
nSV = 2140, nBSV = 1767
Total nSV = 2140
.
Warning: using -h 0 may be faster
*
optimization finished, #iter = 1227
C = 156.22393142534997
obj = 50812.61926321272, rho = 1.9578784964582077
nSV = 2164, nBSV = 1754
Total nSV = 2164
.
Warning: using -h 0 may be faster
*
optimization finished, #iter = 1251
C = 140.0271764737416
obj = 44297.21009507232, rho = 5.055044128339628
nSV = 2139, nBSV = 1770
Total nSV = 2139
.
Warning: using -h 0 may be faster
*
optimization finished, #iter = 1243
C = 153.43811530194893
obj = 49978.81848810297, rho = -0.035118138784412285
nSV = 2144, nBSV = 1763
Total nSV = 2144
.
Warning: using -h 0 may be faster
*
optimization finished, #iter = 1497
C = 129.17542663527684
obj = 47360.58964000692, rho = -3.3714566801630266
nSV = 2643, nBSV = 2228
.
Warning: using -h 0 may be faster
*
optimization finished, #iter = 1362
C = 125.44947531639879
obj = 38363.42349546783, rho = -4.157545774341809
nSV = 2493, nBSV = 2039
Total nSV = 2493
.
Warning: using -h 0 may be faster
*
optimization finished, #iter = 1215
C = 104.34056025855787
obj = 29576.843975634732, rho = -4.7298356311819445
nSV = 2449, nBSV = 2081
Total nSV = 2449
.
Warning: using -h 0 may be faster
*
optimization finished, #iter = 1308
C = 122.77828352620834
obj = 36281.05721178466, rho = -6.346601692714545
nSV = 2489, nBSV = 2044
Total nSV = 2489
.
Warning: using -h 0 may be faster
*
optimization finished, #iter = 1236
C = 103.48840838653643
obj = 28906.294793293597, rho = -5.061151594163352
nSV = 2463, nBSV = 2059
Total nSV = 2463
.
Warning: using -h 0 may be faster
*
optimization finished, #iter = 1272
C = 108.11544955750901
obj = 30127.18156300484, rho = -2.7001990941312113
nSV = 2482, nBSV = 2048
Total nSV = 2482
.
Warning: using -h 0 may be faster
*
optimization finished, #iter = 1543
C = 98.58978110343364
obj = 32771.8673174329, rho = 4.021900798802394
nSV = 3044, nBSV = 2612
...
Warning: using -h 0 may be faster
*
optimization finished, #iter = 3210
C = 705.8552736425345
obj = 537055.1522653112, rho = -49.98909089298876
nSV = 3955, nBSV = 2282
Total nSV = 3955
...
Warning: using -h 0 may be faster
*
optimization finished, #iter = 3150
C = 715.3169192061896
obj = 552556.7987119236, rho = -39.26228974065966
nSV = 3896, nBSV = 2275
Total nSV = 3896
...
Warning: using -h 0 may be faster
*
optimization finished, #iter = 3301
C = 671.538238814014
obj = 496104.28945250745, rho = -19.56095227856267
nSV = 3927, nBSV = 2294
Total nSV = 3927
...
Warning: using -h 0 may be faster
*
optimization finished, #iter = 3397
C = 737.7554671851373
obj = 560098.2322664426, rho = -33.10900184547095
nSV = 3988, nBSV = 2261
Total nSV = 3988
...
Warning: using -h 0 may be faster
*
optimization finished, #iter = 3350
C = 720.6833592389308
obj = 549647.8798878033, rho = -25.463102478819515
nSV = 3949, nBSV = 2279
Total nSV = 3949
.
Warning: using -h 0 may be faster
...
Warning: using -h 0 may be faster
*
optimization finished, #iter = 4030
C = 688.9451967672782
obj = 599864.6487077315, rho = 12.549671124861431
nSV = 4818, nBSV = 2933
Total nSV = 7054
.
Warning: using -h 0 may be faster
*
optimization finished, #iter = 1201
C = 80.87360895804792
obj = 20234.932711411006, rho = -2.5782459195831264
nSV = 2425, nBSV = 2089
Total nSV = 2425
.
Warning: using -h 0 may be faster
*
optimization finished, #iter = 1246
C = 99.06127042573584
obj = 26097.887356963543, rho = -4.533887042785017
nSV = 2469, nBSV = 2063
Total nSV = 2469
.
Warning: using -h 0 may be faster
*
optimization finished, #iter = 1312
C = 113.64595266093254
obj = 33319.87707028654, rho = -3.8022138355432
nSV = 2481, nBSV = 2054
Total nSV = 2481
.
Warning: using -h 0 may be faster
*
optimization finished, #iter = 1287
C = 105.2820520301324
obj = 29573.784540332468, rho = -2.529636704666928
nSV = 2469, nBSV = 2054
Total nSV = 2469
.
Warning: using -h 0 may be faster
*
optimization finished, #iter = 1271
C = 105.2508935768941
obj = 29330.10452793036, rho = -2.344505625227412
nSV = 2466, nBSV = 2066
Total nSV = 2466
.
Warning: using -h 0 may be faster
*
optimization finished, #iter = 1516
C = 87.48165109050692
obj = 27602.743367283136, rho = 3.2738303964174107
nSV = 3034, nBSV = 2621
.
Warning: using -h 0 may be faster
*
optimization finished, #iter = 1311
C = 156.80143580526632
obj = 50992.976635262414, rho = -1.2922785861209998
nSV = 2155, nBSV = 1734
Total nSV = 2155
.
Warning: using -h 0 may be faster
*
optimization finished, #iter = 1276
C = 140.7642072407197
obj = 44243.91826366982, rho = 1.8930110588461284
nSV = 2144, nBSV = 1744
Total nSV = 2144
.
Warning: using -h 0 may be faster
*
optimization finished, #iter = 1327
C = 140.48355704306937
obj = 45664.141672310754, rho = -0.5974165018342555
nSV = 2148, nBSV = 1763
Total nSV = 2148
.
Warning: using -h 0 may be faster
*
optimization finished, #iter = 1290
C = 151.7755365575624
obj = 48148.64145093586, rho = 0.04221488327684493
nSV = 2147, nBSV = 1755
Total nSV = 2147
.
Warning: using -h 0 may be faster
*
optimization finished, #iter = 1217
C = 138.0195506962298
obj = 42731.988167529846, rho = -0.21526399032028437
nSV = 2117, nBSV = 1777
Total nSV = 2117
.
Warning: using -h 0 may be faster
*
optimization finished, #iter = 1500
C = 128.53229053100682
obj = 47224.96463363168, rho = -0.7272594216128175
nSV = 2630, nBSV = 2240
...
Warning: using -h 0 may be faster
*
optimization finished, #iter = 3174
C = 740.8511486515836
obj = 562804.6411639749, rho = 11.645592117237156
nSV = 3938, nBSV = 2290
Total nSV = 3938
...
Warning: using -h 0 may be faster
*
optimization finished, #iter = 3319
C = 778.7875022564501
obj = 612799.947227078, rho = -24.317454668125322
nSV = 3976, nBSV = 2251
Total nSV = 3976
...
Warning: using -h 0 may be faster
*
optimization finished, #iter = 3340
C = 776.1995521675472
obj = 597182.5441533155, rho = -28.81409964597551
nSV = 3987, nBSV = 2257
Total nSV = 3987
...
Warning: using -h 0 may be faster
*
optimization finished, #iter = 3273
C = 756.3479957982775
obj = 592280.8211205603, rho = -13.052469366768673
nSV = 3983, nBSV = 2277
Total nSV = 3983
...
Warning: using -h 0 may be faster
*
optimization finished, #iter = 3264
C = 823.242503392902
obj = 668026.5813803672, rho = -50.200426331235306
nSV = 3938, nBSV = 2266
Total nSV = 3938
.
Warning: using -h 0 may be faster
..
Warning: using -h 0 may be faster
*
optimization finished, #iter = 3905
C = 766.4465912057192
obj = 699990.2517563637, rho = -37.68204530166916
nSV = 4818, nBSV = 2946
Total nSV = 7058


=== Predictions under cross-validation ===

 inst#     actual  predicted error distribution
     1  2:neutral  2:neutral       0.115,*0.76,0.125 
     2  2:neutral  2:neutral       0.046,*0.815,0.139 
     3  2:neutral 3:positive   +   0.061,0.376,*0.563 
     4  2:neutral  2:neutral       0.085,*0.584,0.331 
     5  2:neutral  2:neutral       0.077,*0.756,0.167 
     6  2:neutral 1:negative   +   *0.516,0.43,0.054 
     7  2:neutral  2:neutral       0.14,*0.552,0.308 
     8  2:neutral  2:neutral       0.08,*0.737,0.183 
     9  2:neutral  2:neutral       0.085,*0.678,0.237 
    10  2:neutral 1:negative   +   *0.574,0.257,0.169 
    11  2:neutral 3:positive   +   0.028,0.366,*0.606 
    12  2:neutral  2:neutral       0.044,*0.748,0.208 
    13  2:neutral  2:neutral       0.022,*0.844,0.134 
    14  2:neutral  2:neutral       0.024,*0.588,0.388 
    15  2:neutral 1:negative   +   *0.489,0.345,0.166 
    16  2:neutral  2:neutral       0.022,*0.781,0.198 
    17  2:neutral 1:negative   +   *0.378,0.328,0.293 
    18  2:neutral  2:neutral       0.154,*0.584,0.262 
    19  2:neutral  2:neutral       0.147,*0.731,0.122 
    20  2:neutral  2:neutral       0.09,*0.859,0.051 
    21  2:neutral 1:negative   +   *0.533,0.153,0.314 
    22  2:neutral  2:neutral       0.089,*0.531,0.379 
    23  2:neutral  2:neutral       0.086,*0.708,0.206 
    24  2:neutral  2:neutral       0.059,*0.875,0.066 
    25  2:neutral  2:neutral       0.055,*0.719,0.226 
    26  2:neutral 3:positive   +   0.043,0.243,*0.714 
    27  2:neutral  2:neutral       0.026,*0.932,0.042 
    28  2:neutral 1:negative   +   *0.733,0.21,0.057 
    29  2:neutral  2:neutral       0.019,*0.764,0.217 
    30  2:neutral 3:positive   +   0.048,0.404,*0.547 
    31  2:neutral  2:neutral       0.407,*0.516,0.077 
    32  2:neutral 1:negative   +   *0.928,0.054,0.018 
    33  2:neutral  2:neutral       0.031,*0.897,0.072 
    34  2:neutral  2:neutral       0.103,*0.745,0.153 
    35  2:neutral  2:neutral       0.25,*0.664,0.086 
    36  2:neutral 3:positive   +   0.048,0.459,*0.494 
    37  2:neutral  2:neutral       0.16,*0.624,0.216 
    38  2:neutral  2:neutral       0.108,*0.741,0.15 
    39  2:neutral  2:neutral       0.057,*0.761,0.182 
    40  2:neutral  2:neutral       0.031,*0.739,0.23 
    41  2:neutral  2:neutral       0.084,*0.783,0.134 
    42  2:neutral  2:neutral       0.093,*0.702,0.205 
    43  2:neutral 3:positive   +   0.169,0.087,*0.743 
    44  2:neutral  2:neutral       0.076,*0.51,0.414 
    45  2:neutral  2:neutral       0.052,*0.855,0.092 
    46  2:neutral  2:neutral       0.042,*0.709,0.249 
    47  2:neutral  2:neutral       0.064,*0.618,0.318 
    48  2:neutral 3:positive   +   0.02,0.097,*0.883 
    49  2:neutral  2:neutral       0.119,*0.818,0.062 
    50  2:neutral  2:neutral       0.031,*0.801,0.167 
    51  2:neutral  2:neutral       0.093,*0.846,0.06 
    52  2:neutral  2:neutral       0.341,*0.492,0.167 
    53  2:neutral  2:neutral       0.356,*0.416,0.229 
    54  2:neutral  2:neutral       0.111,*0.56,0.33 
    55  2:neutral  2:neutral       0.026,*0.832,0.142 
    56  2:neutral  2:neutral       0.027,*0.916,0.057 
    57  2:neutral  2:neutral       0.235,*0.518,0.247 
    58  2:neutral  2:neutral       0.084,*0.649,0.267 
    59  2:neutral  2:neutral       0.105,*0.668,0.227 
    60  2:neutral  2:neutral       0.17,*0.624,0.206 
    61  2:neutral  2:neutral       0.059,*0.819,0.121 
    62  2:neutral  2:neutral       0.061,*0.67,0.268 
    63  2:neutral  2:neutral       0.029,*0.612,0.359 
    64  2:neutral  2:neutral       0.361,*0.445,0.194 
    65  2:neutral  2:neutral       0.211,*0.687,0.102 
    66  2:neutral 3:positive   +   0.015,0.216,*0.768 
    67  2:neutral  2:neutral       0.027,*0.585,0.388 
    68  2:neutral  2:neutral       0.252,*0.546,0.202 
    69  2:neutral 3:positive   +   0.03,0.258,*0.712 
    70  2:neutral 3:positive   +   0.06,0.462,*0.477 
    71  2:neutral  2:neutral       0.179,*0.679,0.142 
    72  2:neutral 3:positive   +   0.032,0.137,*0.831 
    73  2:neutral  2:neutral       0.171,*0.602,0.226 
    74  2:neutral  2:neutral       0.109,*0.494,0.396 
    75  2:neutral  2:neutral       0.04,*0.831,0.129 
    76  2:neutral  2:neutral       0.052,*0.516,0.432 
    77  2:neutral  2:neutral       0.207,*0.476,0.317 
    78  2:neutral  2:neutral       0.081,*0.717,0.202 
    79  2:neutral  2:neutral       0.16,*0.721,0.12 
    80  2:neutral  2:neutral       0.049,*0.784,0.167 
    81  2:neutral  2:neutral       0.367,*0.405,0.228 
    82  2:neutral  2:neutral       0.12,*0.821,0.059 
    83  2:neutral 1:negative   +   *0.548,0.105,0.347 
    84  2:neutral 3:positive   +   0.026,0.25,*0.723 
    85  2:neutral  2:neutral       0.181,*0.535,0.284 
    86  2:neutral  2:neutral       0.092,*0.84,0.069 
    87  2:neutral  2:neutral       0.012,*0.602,0.386 
    88  2:neutral  2:neutral       0.05,*0.839,0.111 
    89  2:neutral  2:neutral       0.341,*0.442,0.218 
    90  2:neutral  2:neutral       0.042,*0.769,0.189 
    91  2:neutral  2:neutral       0.093,*0.721,0.186 
    92  2:neutral  2:neutral       0.117,*0.747,0.136 
    93  2:neutral  2:neutral       0.109,*0.638,0.253 
    94  2:neutral  2:neutral       0.058,*0.665,0.277 
    95  2:neutral  2:neutral       0.161,*0.468,0.371 
    96  2:neutral  2:neutral       0.172,*0.705,0.123 
    97  2:neutral  2:neutral       0.076,*0.783,0.14 
    98  2:neutral 3:positive   +   0.084,0.421,*0.494 
    99  2:neutral  2:neutral       0.054,*0.837,0.109 
   100  2:neutral  2:neutral       0.071,*0.658,0.271 
   101  2:neutral 3:positive   +   0.226,0.213,*0.561 
   102  2:neutral 3:positive   +   0.062,0.261,*0.677 
   103  2:neutral  2:neutral       0.036,*0.81,0.155 
   104  2:neutral  2:neutral       0.196,*0.612,0.192 
   105  2:neutral  2:neutral       0.06,*0.626,0.314 
   106  2:neutral 3:positive   +   0.194,0.383,*0.423 
   107  2:neutral  2:neutral       0.086,*0.708,0.206 
   108  2:neutral  2:neutral       0.024,*0.919,0.058 
   109  2:neutral  2:neutral       0.02,*0.872,0.108 
   110  2:neutral  2:neutral       0.09,*0.714,0.196 
   111  2:neutral  2:neutral       0.062,*0.641,0.297 
   112  2:neutral  2:neutral       0.019,*0.857,0.124 
   113  2:neutral  2:neutral       0.037,*0.571,0.393 
   114  2:neutral 3:positive   +   0.055,0.313,*0.631 
   115  2:neutral  2:neutral       0.064,*0.717,0.219 
   116  2:neutral  2:neutral       0.294,*0.442,0.264 
   117  2:neutral  2:neutral       0.045,*0.908,0.048 
   118  2:neutral  2:neutral       0.141,*0.517,0.342 
   119  2:neutral  2:neutral       0.036,*0.895,0.069 
   120  2:neutral 3:positive   +   0.083,0.348,*0.569 
   121  2:neutral  2:neutral       0.045,*0.542,0.413 
   122  2:neutral 3:positive   +   0.108,0.26,*0.632 
   123  2:neutral  2:neutral       0.076,*0.834,0.09 
   124  2:neutral  2:neutral       0.097,*0.712,0.191 
   125  2:neutral  2:neutral       0.072,*0.73,0.198 
   126  2:neutral 3:positive   +   0.037,0.442,*0.521 
   127  2:neutral  2:neutral       0.036,*0.875,0.089 
   128  2:neutral 3:positive   +   0.058,0.419,*0.523 
   129  2:neutral  2:neutral       0.121,*0.788,0.091 
   130  2:neutral  2:neutral       0.153,*0.605,0.241 
   131  2:neutral 3:positive   +   0.138,0.347,*0.516 
   132  2:neutral  2:neutral       0.068,*0.731,0.201 
   133  2:neutral  2:neutral       0.041,*0.828,0.131 
   134  2:neutral  2:neutral       0.03,*0.885,0.084 
   135  2:neutral  2:neutral       0.031,*0.823,0.146 
   136  2:neutral  2:neutral       0.013,*0.845,0.142 
   137  2:neutral  2:neutral       0.052,*0.799,0.15 
   138  2:neutral 3:positive   +   0.046,0.3,*0.654 
   139  2:neutral  2:neutral       0.257,*0.528,0.215 
   140  2:neutral  2:neutral       0.076,*0.81,0.114 
   141  2:neutral  2:neutral       0.048,*0.797,0.155 
   142  2:neutral  2:neutral       0.111,*0.705,0.184 
   143  2:neutral  2:neutral       0.171,*0.441,0.388 
   144  2:neutral  2:neutral       0.173,*0.674,0.153 
   145  2:neutral 3:positive   +   0.138,0.318,*0.544 
   146  2:neutral  2:neutral       0.086,*0.785,0.129 
   147  2:neutral  2:neutral       0.038,*0.752,0.21 
   148  2:neutral  2:neutral       0.055,*0.774,0.171 
   149  2:neutral 3:positive   +   0.145,0.364,*0.491 
   150  2:neutral  2:neutral       0.085,*0.821,0.094 
   151  2:neutral  2:neutral       0.047,*0.612,0.341 
   152  2:neutral  2:neutral       0.044,*0.862,0.095 
   153  2:neutral  2:neutral       0.037,*0.859,0.104 
   154  2:neutral  2:neutral       0.3,*0.61,0.09 
   155  2:neutral 3:positive   +   0.065,0.397,*0.538 
   156  2:neutral  2:neutral       0.072,*0.493,0.435 
   157  2:neutral  2:neutral       0.063,*0.57,0.367 
   158  2:neutral  2:neutral       0.055,*0.76,0.185 
   159  2:neutral  2:neutral       0.171,*0.771,0.058 
   160  2:neutral  2:neutral       0.021,*0.725,0.254 
   161  2:neutral  2:neutral       0.197,*0.525,0.277 
   162  2:neutral  2:neutral       0.025,*0.858,0.117 
   163  2:neutral  2:neutral       0.052,*0.728,0.22 
   164  2:neutral  2:neutral       0.112,*0.723,0.165 
   165  2:neutral  2:neutral       0.096,*0.846,0.059 
   166  2:neutral  2:neutral       0.078,*0.705,0.217 
   167  2:neutral  2:neutral       0.059,*0.704,0.236 
   168  2:neutral  2:neutral       0.057,*0.783,0.16 
   169  2:neutral  2:neutral       0.097,*0.686,0.216 
   170  2:neutral  2:neutral       0.047,*0.768,0.186 
   171  2:neutral  2:neutral       0.079,*0.655,0.266 
   172  2:neutral  2:neutral       0.458,*0.469,0.073 
   173  2:neutral 1:negative   +   *0.909,0.072,0.019 
   174  2:neutral  2:neutral       0.076,*0.628,0.296 
   175  2:neutral  2:neutral       0.155,*0.68,0.165 
   176  2:neutral  2:neutral       0.233,*0.594,0.173 
   177  2:neutral  2:neutral       0.035,*0.78,0.185 
   178  2:neutral  2:neutral       0.188,*0.627,0.185 
   179  2:neutral  2:neutral       0.048,*0.795,0.157 
   180  2:neutral  2:neutral       0.044,*0.816,0.14 
   181  2:neutral  2:neutral       0.067,*0.849,0.084 
   182  2:neutral 1:negative   +   *0.887,0.1,0.014 
   183  2:neutral  2:neutral       0.08,*0.706,0.214 
   184  2:neutral 3:positive   +   0.054,0.286,*0.66 
   185  2:neutral  2:neutral       0.097,*0.678,0.225 
   186  2:neutral  2:neutral       0.022,*0.734,0.245 
   187  2:neutral  2:neutral       0.054,*0.514,0.432 
   188  2:neutral 3:positive   +   0.046,0.421,*0.534 
   189  2:neutral  2:neutral       0.201,*0.672,0.127 
   190  2:neutral  2:neutral       0.282,*0.64,0.078 
   191  2:neutral  2:neutral       0.084,*0.797,0.119 
   192  2:neutral  2:neutral       0.057,*0.757,0.186 
   193  2:neutral  2:neutral       0.018,*0.58,0.403 
   194  2:neutral  2:neutral       0.046,*0.863,0.091 
   195  2:neutral  2:neutral       0.063,*0.527,0.41 
   196  2:neutral  2:neutral       0.379,*0.548,0.073 
   197  2:neutral  2:neutral       0.09,*0.679,0.232 
   198  2:neutral  2:neutral       0.32,*0.439,0.241 
   199  2:neutral 3:positive   +   0.092,0.289,*0.62 
   200  2:neutral  2:neutral       0.057,*0.742,0.201 
   201  2:neutral  2:neutral       0.115,*0.819,0.065 
   202  2:neutral  2:neutral       0.121,*0.67,0.209 
   203  2:neutral  2:neutral       0.097,*0.47,0.433 
   204  2:neutral  2:neutral       0.055,*0.909,0.037 
   205  2:neutral  2:neutral       0.035,*0.721,0.243 
   206  2:neutral  2:neutral       0.143,*0.601,0.256 
   207  2:neutral  2:neutral       0.094,*0.629,0.277 
   208  2:neutral  2:neutral       0.075,*0.778,0.147 
   209  2:neutral  2:neutral       0.037,*0.854,0.109 
   210  2:neutral 1:negative   +   *0.44,0.283,0.277 
   211  2:neutral  2:neutral       0.031,*0.709,0.26 
   212  2:neutral  2:neutral       0.042,*0.846,0.112 
   213  2:neutral  2:neutral       0.125,*0.728,0.147 
   214  2:neutral  2:neutral       0.072,*0.753,0.175 
   215  2:neutral 1:negative   +   *0.443,0.426,0.131 
   216  2:neutral  2:neutral       0.041,*0.632,0.327 
   217  2:neutral  2:neutral       0.058,*0.868,0.075 
   218  2:neutral  2:neutral       0.298,*0.438,0.264 
   219  2:neutral  2:neutral       0.132,*0.789,0.079 
   220  2:neutral  2:neutral       0.076,*0.811,0.113 
   221  2:neutral 1:negative   +   *0.638,0.202,0.16 
   222  2:neutral 3:positive   +   0.096,0.411,*0.493 
   223  2:neutral  2:neutral       0.073,*0.71,0.216 
   224  2:neutral  2:neutral       0.135,*0.769,0.096 
   225  2:neutral  2:neutral       0.084,*0.8,0.116 
   226  2:neutral  2:neutral       0.047,*0.63,0.323 
   227  2:neutral  2:neutral       0.046,*0.802,0.152 
   228  2:neutral 3:positive   +   0.037,0.278,*0.685 
   229  2:neutral  2:neutral       0.016,*0.701,0.283 
   230  2:neutral 1:negative   +   *0.347,0.329,0.323 
   231  2:neutral  2:neutral       0.115,*0.6,0.285 
   232  2:neutral  2:neutral       0.337,*0.414,0.249 
   233  2:neutral  2:neutral       0.169,*0.617,0.214 
   234  2:neutral  2:neutral       0.026,*0.487,0.487 
   235  2:neutral  2:neutral       0.156,*0.727,0.117 
   236  2:neutral  2:neutral       0.098,*0.612,0.29 
   237  2:neutral  2:neutral       0.047,*0.541,0.411 
   238  2:neutral 1:negative   +   *0.494,0.429,0.077 
   239  2:neutral  2:neutral       0.041,*0.51,0.449 
   240  2:neutral  2:neutral       0.086,*0.729,0.185 
   241  2:neutral 1:negative   +   *0.47,0.416,0.114 
   242  2:neutral  2:neutral       0.071,*0.78,0.149 
   243  2:neutral 3:positive   +   0.044,0.351,*0.606 
   244  2:neutral  2:neutral       0.053,*0.828,0.119 
   245  2:neutral  2:neutral       0.111,*0.756,0.133 
   246  2:neutral 3:positive   +   0.024,0.3,*0.676 
   247  2:neutral  2:neutral       0.024,*0.948,0.027 
   248  2:neutral 3:positive   +   0.05,0.199,*0.751 
   249  2:neutral  2:neutral       0.1,*0.529,0.37 
   250  2:neutral  2:neutral       0.038,*0.8,0.162 
   251  2:neutral 3:positive   +   0.116,0.414,*0.47 
   252  2:neutral  2:neutral       0.065,*0.765,0.17 
   253  2:neutral  2:neutral       0.121,*0.77,0.109 
   254  2:neutral  2:neutral       0.161,*0.728,0.111 
   255  2:neutral  2:neutral       0.016,*0.826,0.157 
   256  2:neutral  2:neutral       0.112,*0.58,0.308 
   257  2:neutral  2:neutral       0.086,*0.708,0.206 
   258  2:neutral  2:neutral       0.095,*0.834,0.071 
   259  2:neutral  2:neutral       0.078,*0.554,0.368 
   260  2:neutral  2:neutral       0.063,*0.808,0.129 
   261  2:neutral 3:positive   +   0.045,0.346,*0.609 
   262  2:neutral  2:neutral       0.031,*0.863,0.106 
   263  2:neutral  2:neutral       0.077,*0.716,0.207 
   264  2:neutral  2:neutral       0.038,*0.913,0.049 
   265  2:neutral  2:neutral       0.067,*0.643,0.29 
   266  2:neutral  2:neutral       0.03,*0.742,0.227 
   267  2:neutral 3:positive   +   0.045,0.195,*0.76 
   268  2:neutral  2:neutral       0.071,*0.84,0.088 
   269  2:neutral  2:neutral       0.13,*0.502,0.369 
   270  2:neutral  2:neutral       0.159,*0.601,0.24 
   271  2:neutral 1:negative   +   *0.647,0.243,0.11 
   272  2:neutral 3:positive   +   0.064,0.142,*0.795 
   273  2:neutral  2:neutral       0.314,*0.575,0.111 
   274  2:neutral 3:positive   +   0.099,0.349,*0.552 
   275  2:neutral 1:negative   +   *0.539,0.16,0.301 
   276  2:neutral  2:neutral       0.06,*0.835,0.105 
   277  2:neutral  2:neutral       0.021,*0.678,0.301 
   278  2:neutral  2:neutral       0.058,*0.852,0.09 
   279  2:neutral  2:neutral       0.308,*0.442,0.25 
   280  2:neutral 3:positive   +   0.018,0.397,*0.585 
   281  2:neutral  2:neutral       0.066,*0.775,0.159 
   282  2:neutral  2:neutral       0.03,*0.903,0.067 
   283  2:neutral 1:negative   +   *0.48,0.3,0.219 
   284  2:neutral  2:neutral       0.076,*0.672,0.251 
   285  2:neutral  2:neutral       0.031,*0.921,0.048 
   286  2:neutral  2:neutral       0.048,*0.601,0.351 
   287  2:neutral  2:neutral       0.038,*0.919,0.043 
   288  2:neutral  2:neutral       0.196,*0.685,0.119 
   289  2:neutral  2:neutral       0.065,*0.748,0.187 
   290  2:neutral  2:neutral       0.018,*0.603,0.379 
   291  2:neutral  2:neutral       0.148,*0.565,0.287 
   292  2:neutral 1:negative   +   *0.714,0.186,0.1 
   293  2:neutral 3:positive   +   0.016,0.27,*0.715 
   294  2:neutral  2:neutral       0.048,*0.619,0.333 
   295  2:neutral  2:neutral       0.154,*0.777,0.069 
   296  2:neutral  2:neutral       0.068,*0.731,0.201 
   297  2:neutral 3:positive   +   0.1,0.414,*0.485 
   298  2:neutral  2:neutral       0.058,*0.662,0.28 
   299  2:neutral  2:neutral       0.1,*0.755,0.145 
   300  2:neutral  2:neutral       0.073,*0.842,0.085 
   301  2:neutral  2:neutral       0.091,*0.657,0.252 
   302  2:neutral  2:neutral       0.079,*0.651,0.27 
   303  2:neutral 3:positive   +   0.052,0.298,*0.649 
   304  2:neutral  2:neutral       0.262,*0.402,0.336 
   305  2:neutral  2:neutral       0.031,*0.856,0.113 
   306  2:neutral  2:neutral       0.057,*0.771,0.172 
   307  2:neutral  2:neutral       0.042,*0.767,0.191 
   308  2:neutral  2:neutral       0.027,*0.959,0.015 
   309  2:neutral 3:positive   +   0.049,0.215,*0.736 
   310  2:neutral  2:neutral       0.058,*0.909,0.034 
   311  2:neutral  2:neutral       0.106,*0.597,0.298 
   312  2:neutral  2:neutral       0.103,*0.65,0.246 
   313  2:neutral  2:neutral       0.219,*0.635,0.146 
   314  2:neutral  2:neutral       0.287,*0.553,0.16 
   315  2:neutral  2:neutral       0.021,*0.724,0.255 
   316  2:neutral 3:positive   +   0.023,0.238,*0.74 
   317  2:neutral  2:neutral       0.052,*0.746,0.202 
   318  2:neutral  2:neutral       0.067,*0.812,0.121 
   319  2:neutral  2:neutral       0.087,*0.568,0.344 
   320  2:neutral  2:neutral       0.064,*0.818,0.118 
   321  2:neutral  2:neutral       0.072,*0.82,0.109 
   322  2:neutral  2:neutral       0.054,*0.846,0.101 
   323  2:neutral  2:neutral       0.095,*0.705,0.2 
   324  2:neutral  2:neutral       0.105,*0.788,0.107 
   325  2:neutral  2:neutral       0.042,*0.816,0.142 
   326  2:neutral  2:neutral       0.052,*0.794,0.154 
   327  2:neutral 1:negative   +   *0.649,0.12,0.231 
   328  2:neutral  2:neutral       0.394,*0.505,0.101 
   329  2:neutral  2:neutral       0.334,*0.417,0.25 
   330  2:neutral  2:neutral       0.028,*0.872,0.1 
   331  2:neutral 3:positive   +   0.052,0.24,*0.708 
   332  2:neutral  2:neutral       0.098,*0.767,0.135 
   333  2:neutral  2:neutral       0.033,*0.777,0.189 
   334  2:neutral 3:positive   +   0.172,0.292,*0.537 
   335  2:neutral  2:neutral       0.02,*0.675,0.305 
   336  2:neutral  2:neutral       0.077,*0.648,0.275 
   337  2:neutral  2:neutral       0.045,*0.844,0.111 
   338  2:neutral  2:neutral       0.142,*0.601,0.257 
   339  2:neutral  2:neutral       0.066,*0.774,0.16 
   340  2:neutral  2:neutral       0.308,*0.548,0.144 
   341  2:neutral  2:neutral       0.067,*0.738,0.195 
   342  2:neutral 3:positive   +   0.173,0.151,*0.676 
   343  2:neutral  2:neutral       0.305,*0.449,0.246 
   344  2:neutral  2:neutral       0.024,*0.638,0.339 
   345  2:neutral  2:neutral       0.021,*0.849,0.13 
   346  2:neutral  2:neutral       0.063,*0.604,0.333 
   347  2:neutral  2:neutral       0.086,*0.708,0.206 
   348  2:neutral  2:neutral       0.171,*0.621,0.208 
   349  2:neutral  2:neutral       0.129,*0.735,0.135 
   350  2:neutral  2:neutral       0.035,*0.694,0.271 
   351  2:neutral  2:neutral       0.048,*0.81,0.141 
   352  2:neutral  2:neutral       0.059,*0.825,0.116 
   353  2:neutral  2:neutral       0.196,*0.539,0.265 
