Zero Weights processed. Default weights will be used
.
Warning: using -h 0 may be faster
*
optimization finished, #iter = 1253
C = 36.269264852818715
obj = 10003.500611181811, rho = -1.6879248848003596
nSV = 2800, nBSV = 2603
Total nSV = 2800
.
Warning: using -h 0 may be faster
*
optimization finished, #iter = 1417
C = 53.39295604628587
obj = 16948.44842929869, rho = 5.294103557212678
nSV = 2847, nBSV = 2565
Total nSV = 2847
.
Warning: using -h 0 may be faster
*
optimization finished, #iter = 1291
C = 43.170342462058265
obj = 12814.322833393562, rho = 2.0580488873289795
nSV = 2819, nBSV = 2588
Total nSV = 2819
.
Warning: using -h 0 may be faster
*
optimization finished, #iter = 1320
C = 43.88403559276015
obj = 13206.402456917187, rho = 3.1413716868372243
nSV = 2828, nBSV = 2584
Total nSV = 2828
.
Warning: using -h 0 may be faster
*
optimization finished, #iter = 1235
C = 37.37628367148197
obj = 10168.610606356871, rho = 1.7501078506352818
nSV = 2809, nBSV = 2608
Total nSV = 2809
.
Warning: using -h 0 may be faster
*.
Warning: using -h 0 may be faster
*
optimization finished, #iter = 1720
C = 35.499205258664325
obj = 12118.135445455575, rho = 2.668321711903154
nSV = 3503, nBSV = 3256
.
Warning: using -h 0 may be faster
...
Warning: using -h 0 may be faster
*
optimization finished, #iter = 4462
C = 386.4712147401421
obj = 289685.6155188765, rho = 21.276618248517632
nSV = 5071, nBSV = 3531
Total nSV = 5071
.
Warning: using -h 0 may be faster
...
Warning: using -h 0 may be faster
*
optimization finished, #iter = 4548
C = 402.8009344078772
obj = 303218.8371861948, rho = 16.660096890175602
nSV = 5051, nBSV = 3513
Total nSV = 5051
.
Warning: using -h 0 may be faster
...
Warning: using -h 0 may be faster
*
optimization finished, #iter = 4476
C = 386.5911564766475
obj = 293475.5548692328, rho = 13.627430227471699
nSV = 5061, nBSV = 3550
Total nSV = 5061
.
Warning: using -h 0 may be faster
...
Warning: using -h 0 may be faster
*
optimization finished, #iter = 4518
C = 388.01773958128524
obj = 294531.6316235923, rho = 13.17448149215572
nSV = 5038, nBSV = 3523
Total nSV = 5038
.
Warning: using -h 0 may be faster
...
Warning: using -h 0 may be faster
*
optimization finished, #iter = 4659
C = 381.6960998959003
obj = 287544.1307319129, rho = 13.427557913227231
nSV = 5071, nBSV = 3525
Total nSV = 5071
..
Warning: using -h 0 may be faster
...
Warning: using -h 0 may be faster
*
optimization finished, #iter = 5356
C = 365.119660666563
obj = 314195.2255057806, rho = 19.148329035835783
nSV = 6209, nBSV = 4487
.
Warning: using -h 0 may be faster
*
optimization finished, #iter = 1181
C = 8.433140939349013
obj = 1257.0164473481993, rho = -0.301987531082568
nSV = 3208, nBSV = 3062
Total nSV = 3208
.
Warning: using -h 0 may be faster
*
optimization finished, #iter = 1146
C = 8.286960512883134
obj = 1230.9037385274903, rho = -1.0461018839268579
nSV = 3198, nBSV = 3073
Total nSV = 3198
.
Warning: using -h 0 may be faster
*
optimization finished, #iter = 1180
C = 0.0
obj = 0.0, rho = NaN
nSV = 0, nBSV = 0
Total nSV = 0
.
Warning: using -h 0 may be faster
*
optimization finished, #iter = 1135
C = 0.0
obj = 0.0, rho = NaN
nSV = 0, nBSV = 0
Total nSV = 0
.
Warning: using -h 0 may be faster
*
optimization finished, #iter = 1181
C = 10.003367604772322
obj = 1700.2823272260528, rho = -0.8386396823348461
nSV = 3196, nBSV = 3079
Total nSV = 3196
Line search fails in two-class probability estimates
.
Warning: using -h 0 may be faster
*
optimization finished, #iter = 1418
C = 6.398217295656209
obj = 1079.0990620419257, rho = 0.7502912842079295
nSV = 3988, nBSV = 3856
Total nSV = 9210
.*
optimization finished, #iter = 1075
C = 45.409553695901415
obj = 11305.382551720233, rho = 3.778806568013826
nSV = 2276, nBSV = 2063
Total nSV = 2276
.
Warning: using -h 0 may be faster
*
optimization finished, #iter = 1076
C = 55.043781864291994
obj = 14230.645289319593, rho = 2.911501019244057
nSV = 2281, nBSV = 2048
Total nSV = 2281
.*
optimization finished, #iter = 1068
C = 42.81534919680764
obj = 10488.678732667586, rho = 3.2919223066227272
nSV = 2282, nBSV = 2058
Total nSV = 2282
.*
optimization finished, #iter = 1074
C = 48.8262758124902
obj = 12295.079770105442, rho = 2.9415510375723937
nSV = 2292, nBSV = 2056
Total nSV = 2292
.
Warning: using -h 0 may be faster
*
optimization finished, #iter = 1078
C = 53.24987346550241
obj = 13108.925542024226, rho = 3.456556544728665
nSV = 2291, nBSV = 2050
Total nSV = 2291
.
Warning: using -h 0 may be faster
*
optimization finished, #iter = 1324
C = 40.80261285876741
obj = 11841.902700656134, rho = 3.1752320713042135
nSV = 2829, nBSV = 2592
.
Warning: using -h 0 may be faster
..
Warning: using -h 0 may be faster
*
optimization finished, #iter = 3655
C = 429.20390565682084
obj = 290515.7561438867, rho = 12.758231524417045
nSV = 4134, nBSV = 2734
Total nSV = 4134
.
Warning: using -h 0 may be faster
..
Warning: using -h 0 may be faster
*
optimization finished, #iter = 3508
C = 424.5101361005989
obj = 288768.9954528078, rho = 21.583096192276123
nSV = 4132, nBSV = 2721
Total nSV = 4132
.
Warning: using -h 0 may be faster
..
Warning: using -h 0 may be faster
*
optimization finished, #iter = 3677
C = 401.9512911990142
obj = 267875.81227310386, rho = 19.598120641737886
nSV = 4111, nBSV = 2750
Total nSV = 4111
.
Warning: using -h 0 may be faster
..
Warning: using -h 0 may be faster
*
optimization finished, #iter = 3401
C = 382.5634217075479
obj = 250455.19191533825, rho = 13.337758716578577
nSV = 4084, nBSV = 2782
Total nSV = 4084
.
Warning: using -h 0 may be faster
..
Warning: using -h 0 may be faster
*
optimization finished, #iter = 3440
C = 402.6064908870252
obj = 265604.21042012284, rho = 15.437923871240258
nSV = 4089, nBSV = 2779
Total nSV = 4089
.
Warning: using -h 0 may be faster
...
Warning: using -h 0 may be faster
*
optimization finished, #iter = 4308
C = 384.27163280013133
obj = 293306.5199423207, rho = 18.702275419926906
nSV = 5065, nBSV = 3510
.
Warning: using -h 0 may be faster
*
optimization finished, #iter = 1039
C = 19.08797089082687
obj = 3451.962647900673, rho = -1.4306527879610755
nSV = 2596, nBSV = 2428
Total nSV = 2596
*
optimization finished, #iter = 931
C = 0.0
obj = 0.0, rho = NaN
nSV = 0, nBSV = 0
Total nSV = 0
.*
optimization finished, #iter = 1006
C = 12.184586580796712
obj = 1737.638469867864, rho = -1.219990929827935
nSV = 2580, nBSV = 2443
Total nSV = 2580
*
optimization finished, #iter = 966
C = 0.0
obj = 0.0, rho = NaN
nSV = 0, nBSV = 0
Total nSV = 0
*
optimization finished, #iter = 921
C = 0.0
obj = 0.0, rho = NaN
nSV = 0, nBSV = 0
Total nSV = 0
Line search fails in two-class probability estimates
.
Warning: using -h 0 may be faster
*
optimization finished, #iter = 1191
C = 8.2802033299399
obj = 1143.2411080741235, rho = 1.0024516715360434
nSV = 3207, nBSV = 3073
Total nSV = 7453
.
Warning: using -h 0 may be faster
*
optimization finished, #iter = 1142
C = 50.86466694537044
obj = 12989.771617192235, rho = 2.827975796341419
nSV = 2279, nBSV = 2048
Total nSV = 2279
.
Warning: using -h 0 may be faster
*
optimization finished, #iter = 1099
C = 57.16285400712486
obj = 15095.878826414091, rho = 1.87439650505883
nSV = 2277, nBSV = 2049
Total nSV = 2277
.
Warning: using -h 0 may be faster
*
optimization finished, #iter = 1084
C = 52.75841473434285
obj = 12932.699460616082, rho = 1.7795226467083844
nSV = 2276, nBSV = 2060
Total nSV = 2276
.*
optimization finished, #iter = 1065
C = 46.514965956837536
obj = 10983.744138869864, rho = 2.057468095665061
nSV = 2280, nBSV = 2050
Total nSV = 2280
.*
optimization finished, #iter = 1084
C = 50.801392216324906
obj = 12860.096742344624, rho = 3.1266842647466486
nSV = 2277, nBSV = 2045
Total nSV = 2277
.
Warning: using -h 0 may be faster
*
optimization finished, #iter = 1293
C = 43.93369267435576
obj = 12914.747818447937, rho = 2.7203371686358353
nSV = 2816, nBSV = 2594
.
Warning: using -h 0 may be faster
..
Warning: using -h 0 may be faster
*
optimization finished, #iter = 3625
C = 387.1415571366618
obj = 253864.9929124745, rho = 10.118248643549725
nSV = 4102, nBSV = 2752
Total nSV = 4102
.
Warning: using -h 0 may be faster
..
Warning: using -h 0 may be faster
*
optimization finished, #iter = 3432
C = 381.31417580819056
obj = 250846.05415383278, rho = 17.121868115164638
nSV = 4096, nBSV = 2778
Total nSV = 4096
.
Warning: using -h 0 may be faster
..
Warning: using -h 0 may be faster
*
optimization finished, #iter = 3573
C = 434.45124157521434
obj = 296334.1169036325, rho = 14.55915299593604
nSV = 4134, nBSV = 2756
Total nSV = 4134
.
Warning: using -h 0 may be faster
..
Warning: using -h 0 may be faster
*
optimization finished, #iter = 3558
C = 395.5657288630606
obj = 262204.532161317, rho = 16.224029030669776
nSV = 4118, nBSV = 2758
Total nSV = 4118
.
Warning: using -h 0 may be faster
..
Warning: using -h 0 may be faster
*
optimization finished, #iter = 3479
C = 380.504487909518
obj = 242141.25051390086, rho = 16.05721416707238
nSV = 4109, nBSV = 2755
Total nSV = 4109
.
Warning: using -h 0 may be faster
...
Warning: using -h 0 may be faster
*
optimization finished, #iter = 4467
C = 371.0725113389344
obj = 277743.3820693199, rho = 15.946776670270047
nSV = 5051, nBSV = 3498
*
optimization finished, #iter = 899
C = 0.0
obj = 0.0, rho = NaN
nSV = 0, nBSV = 0
Total nSV = 0
*
optimization finished, #iter = 959
C = 11.822974747530692
obj = 1469.546776980547, rho = -1.1653816272070248
nSV = 2564, nBSV = 2455
Total nSV = 2564
.
Warning: using -h 0 may be faster
*
optimization finished, #iter = 1009
C = 16.84394460862697
obj = 2666.9027411418474, rho = -1.9775364576440637
nSV = 2574, nBSV = 2441
Total nSV = 2574
*
optimization finished, #iter = 966
C = 9.413235943452893
obj = 1109.5884059635187, rho = -0.8242246073824822
nSV = 2574, nBSV = 2454
Total nSV = 2574
*
optimization finished, #iter = 979
C = 11.262883792237815
obj = 1428.0952691281734, rho = -1.1192760806657533
nSV = 2575, nBSV = 2443
Total nSV = 2575
Line search fails in two-class probability estimates
.
Warning: using -h 0 may be faster
*
optimization finished, #iter = 1175
C = 7.99209871198621
obj = 1121.3760239449668, rho = 1.0294638492256896
nSV = 3198, nBSV = 3078
Total nSV = 7407
.
Warning: using -h 0 may be faster
..
Warning: using -h 0 may be faster
*
optimization finished, #iter = 3581
C = 385.56923124891273
obj = 251351.1998663536, rho = -27.24341372833443
nSV = 4092, nBSV = 2763
Total nSV = 4092
.
Warning: using -h 0 may be faster
..
Warning: using -h 0 may be faster
*
optimization finished, #iter = 3697
C = 485.5857811616857
obj = 339847.43442844134, rho = 11.501328559627753
nSV = 4159, nBSV = 2688
Total nSV = 4159
.
Warning: using -h 0 may be faster
..
Warning: using -h 0 may be faster
*
optimization finished, #iter = 3726
C = 437.5099799102833
obj = 296185.4882324048, rho = 19.996832896989652
nSV = 4151, nBSV = 2727
Total nSV = 4151
.
Warning: using -h 0 may be faster
..
Warning: using -h 0 may be faster
*
optimization finished, #iter = 3565
C = 447.1335484692689
obj = 303028.3803958634, rho = 20.22384523685526
nSV = 4142, nBSV = 2735
Total nSV = 4142
.
Warning: using -h 0 may be faster
..
Warning: using -h 0 may be faster
*
optimization finished, #iter = 3680
C = 418.99718194990993
obj = 274990.0550922019, rho = 21.149929185585354
nSV = 4151, nBSV = 2726
Total nSV = 4151
.
Warning: using -h 0 may be faster
...
Warning: using -h 0 may be faster
*
optimization finished, #iter = 4401
C = 411.20114692970344
obj = 316453.97909822915, rho = -33.46632745561233
nSV = 5097, nBSV = 3511
*
optimization finished, #iter = 966
C = 12.379703378434225
obj = 1625.4774581141319, rho = -1.3508714695831956
nSV = 2582, nBSV = 2450
Total nSV = 2582
*
optimization finished, #iter = 991
C = 17.01331281725438
obj = 2379.883150602557, rho = -0.9347634119193688
nSV = 2583, nBSV = 2432
Total nSV = 2583
*
optimization finished, #iter = 935
C = 0.0
obj = 0.0, rho = NaN
nSV = 0, nBSV = 0
Total nSV = 0
*
optimization finished, #iter = 963
C = 8.062325934080098
obj = 676.8690001759044, rho = -0.8831346955836303
nSV = 2576, nBSV = 2450
Total nSV = 2576
*
optimization finished, #iter = 976
C = 10.869670766533604
obj = 1283.5720273686272, rho = -1.0310971483886928
nSV = 2587, nBSV = 2439
Total nSV = 2587
Line search fails in two-class probability estimates
.
Warning: using -h 0 may be faster
*
optimization finished, #iter = 1175
C = 9.579944164378823
obj = 1357.6699281372391, rho = -0.9891318943215874
nSV = 3211, nBSV = 3071
.
Warning: using -h 0 may be faster
*
optimization finished, #iter = 1210
C = 63.892241889682275
obj = 17335.09205323725, rho = -1.7653516131465865
nSV = 2307, nBSV = 2025
Total nSV = 2307
.
Warning: using -h 0 may be faster
*
optimization finished, #iter = 1090
C = 47.686792293619895
obj = 11984.347065954078, rho = 1.795832480781252
nSV = 2280, nBSV = 2059
Total nSV = 2280
.
Warning: using -h 0 may be faster
*
optimization finished, #iter = 1064
C = 45.173061527939716
obj = 10958.55421665966, rho = 1.0350227911683083
nSV = 2276, nBSV = 2053
Total nSV = 2276
.*
optimization finished, #iter = 1102
C = 56.64083991399729
obj = 14391.187453886858, rho = 2.7590081485520117
nSV = 2293, nBSV = 2035
Total nSV = 2293
.
Warning: using -h 0 may be faster
*
optimization finished, #iter = 1119
C = 62.64597688924401
obj = 17110.0272049053, rho = 3.4345030751442414
nSV = 2298, nBSV = 2033
Total nSV = 2298
.
Warning: using -h 0 may be faster
*
optimization finished, #iter = 1389
C = 46.25143238421931
obj = 13922.94142097352, rho = 1.8932007014120442
nSV = 2846, nBSV = 2572
Total nSV = 7458
.
Warning: using -h 0 may be faster
*
optimization finished, #iter = 1085
C = 55.328298622407395
obj = 14154.029031137632, rho = 3.6728313812096642
nSV = 2279, nBSV = 2048
Total nSV = 2279
.
Warning: using -h 0 may be faster
*
optimization finished, #iter = 1116
C = 45.287978502299225
obj = 10675.506671756355, rho = 1.7654148439864794
nSV = 2266, nBSV = 2062
Total nSV = 2266
.*
optimization finished, #iter = 1017
C = 40.79594443343579
obj = 9270.350427031985, rho = 2.0078024574124287
nSV = 2263, nBSV = 2079
Total nSV = 2263
.
Warning: using -h 0 may be faster
*
optimization finished, #iter = 1110
C = 56.30438638753376
obj = 14816.846175873143, rho = 3.099921449507419
nSV = 2281, nBSV = 2060
Total nSV = 2281
.
Warning: using -h 0 may be faster
*
optimization finished, #iter = 1082
C = 53.59523554136176
obj = 13582.94110773923, rho = 1.5447419722410711
nSV = 2280, nBSV = 2046
Total nSV = 2280
.
Warning: using -h 0 may be faster
*
optimization finished, #iter = 1347
C = 42.33570457701293
obj = 12207.6057813165, rho = -2.8941769807647106
nSV = 2817, nBSV = 2583
*
optimization finished, #iter = 989
C = 12.041208372974387
obj = 1810.266199854505, rho = -0.9518334883751312
nSV = 2586, nBSV = 2446
Total nSV = 2586
*
optimization finished, #iter = 980
C = 9.68807058079683
obj = 1072.8995778120552, rho = -0.8517321067891626
nSV = 2582, nBSV = 2442
Total nSV = 2582
*
optimization finished, #iter = 931
C = 0.0
obj = 0.0, rho = NaN
nSV = 0, nBSV = 0
Total nSV = 0
*
optimization finished, #iter = 969
C = 0.0
obj = 0.0, rho = NaN
nSV = 0, nBSV = 0
Total nSV = 0
*
optimization finished, #iter = 970
C = 12.847430275861877
obj = 1796.0859330880864, rho = -1.0208375727209793
nSV = 2576, nBSV = 2445
Total nSV = 2576
Line search fails in two-class probability estimates
.
Warning: using -h 0 may be faster
*
optimization finished, #iter = 1168
C = 6.790691756582201
obj = 921.5159819769679, rho = 0.638265707223362
nSV = 3195, nBSV = 3071
.
Warning: using -h 0 may be faster
..
Warning: using -h 0 may be faster
*
optimization finished, #iter = 3418
C = 399.78110933560157
obj = 273695.1885412537, rho = -33.06175856534043
nSV = 4132, nBSV = 2779
Total nSV = 4132
.
Warning: using -h 0 may be faster
..
Warning: using -h 0 may be faster
*
optimization finished, #iter = 3547
C = 398.54622577614714
obj = 264547.9898087314, rho = 15.824707399605634
nSV = 4120, nBSV = 2783
Total nSV = 4120
.
Warning: using -h 0 may be faster
..
Warning: using -h 0 may be faster
*
optimization finished, #iter = 3589
C = 391.05257637388155
obj = 255590.63231596636, rho = 12.556765453079501
nSV = 4101, nBSV = 2781
Total nSV = 4101
.
Warning: using -h 0 may be faster
..
Warning: using -h 0 may be faster
*
optimization finished, #iter = 3606
C = 385.7029980940021
obj = 250991.2826685085, rho = 14.52455958867888
nSV = 4106, nBSV = 2742
Total nSV = 4106
.
Warning: using -h 0 may be faster
..
Warning: using -h 0 may be faster
*
optimization finished, #iter = 3688
C = 399.99426979327274
obj = 261441.81793898137, rho = 15.747902937764897
nSV = 4100, nBSV = 2737
Total nSV = 4100
.
Warning: using -h 0 may be faster
...
Warning: using -h 0 may be faster
*
optimization finished, #iter = 4313
C = 370.6476294949351
obj = 277828.85158531496, rho = 19.931848030908064
nSV = 5033, nBSV = 3556
Total nSV = 7375
*
optimization finished, #iter = 936
C = 7.841895492729868
obj = 923.5888323273989, rho = 0.5506258549297716
nSV = 2564, nBSV = 2450
Total nSV = 2564
*
optimization finished, #iter = 955
C = 5.899359476160782
obj = 516.9739642375379, rho = -0.4117212665024956
nSV = 2566, nBSV = 2461
Total nSV = 2566
*
optimization finished, #iter = 918
C = 0.0
obj = 0.0, rho = NaN
nSV = 0, nBSV = 0
Total nSV = 0
*
optimization finished, #iter = 933
C = 8.669068165945056
obj = 1110.50034516166, rho = -0.41218300425349047
nSV = 2567, nBSV = 2463
Total nSV = 2567
*
optimization finished, #iter = 990
C = 12.859403849920772
obj = 1949.3346081156444, rho = -0.05323372516844247
nSV = 2566, nBSV = 2447
Total nSV = 2566
Line search fails in two-class probability estimates
.
Warning: using -h 0 may be faster
*
optimization finished, #iter = 1175
C = 6.684675758896683
obj = 956.9447837415042, rho = 0.33924511195476775
nSV = 3189, nBSV = 3083
.*
optimization finished, #iter = 1071
C = 54.33262878040208
obj = 14017.109464381476, rho = 2.5579325619627444
nSV = 2276, nBSV = 2054
Total nSV = 2276
.*
optimization finished, #iter = 1075
C = 44.98580389576909
obj = 10529.728377660986, rho = 1.1861550166045869
nSV = 2274, nBSV = 2062
Total nSV = 2274
*
optimization finished, #iter = 996
C = 36.232594009923005
obj = 7968.482812233367, rho = 1.0598598235027024
nSV = 2256, nBSV = 2078
Total nSV = 2256
.*
optimization finished, #iter = 1027
C = 45.434062342669904
obj = 10924.690145419161, rho = 1.6951871592049905
nSV = 2269, nBSV = 2057
Total nSV = 2269
.
Warning: using -h 0 may be faster
*
optimization finished, #iter = 1080
C = 52.77813094407148
obj = 13135.18933800954, rho = 2.4729128737291357
nSV = 2279, nBSV = 2059
Total nSV = 2279
.
Warning: using -h 0 may be faster
*
optimization finished, #iter = 1293
C = 39.48254248209511
obj = 11143.303137829185, rho = -1.9166526585144799
nSV = 2824, nBSV = 2605
.
Warning: using -h 0 may be faster
..
Warning: using -h 0 may be faster
*
optimization finished, #iter = 3485
C = 421.50393434410074
obj = 279578.8499373932, rho = -18.864672865655315
nSV = 4164, nBSV = 2756
Total nSV = 4164
.
Warning: using -h 0 may be faster
..
Warning: using -h 0 may be faster
*
optimization finished, #iter = 3466
C = 411.0560185234502
obj = 275623.87520542723, rho = 11.304144154724085
nSV = 4120, nBSV = 2739
Total nSV = 4120
.
Warning: using -h 0 may be faster
..
Warning: using -h 0 may be faster
*
optimization finished, #iter = 3548
C = 475.64883549001024
obj = 335879.5200710021, rho = 4.86224960506216
nSV = 4148, nBSV = 2717
Total nSV = 4148
.
Warning: using -h 0 may be faster
..
Warning: using -h 0 may be faster
*
optimization finished, #iter = 3564
C = 411.6596884191818
obj = 273331.45781070937, rho = 3.743577833095261
nSV = 4112, nBSV = 2741
Total nSV = 4112
...
Warning: using -h 0 may be faster
*
optimization finished, #iter = 3575
C = 430.21608667086736
obj = 288904.2521759621, rho = -0.8745262256663274
nSV = 4154, nBSV = 2740
Total nSV = 4154
.
Warning: using -h 0 may be faster
...
Warning: using -h 0 may be faster
*
optimization finished, #iter = 4468
C = 408.7767955442488
obj = 316159.3433772065, rho = -18.313044074282036
nSV = 5079, nBSV = 3497
Total nSV = 7454


=== Predictions under cross-validation ===

 inst#     actual  predicted error distribution
     1  2:neutral  2:neutral       0.131,*0.577,0.292 
     2  2:neutral  2:neutral       0.139,*0.718,0.143 
     3  2:neutral 3:positive   +   0.08,0.312,*0.608 
     4  2:neutral  2:neutral       0.11,*0.47,0.42 
     5  2:neutral  2:neutral       0.134,*0.615,0.251 
     6  2:neutral  2:neutral       0.24,*0.686,0.074 
     7  2:neutral  2:neutral       0.149,*0.595,0.256 
     8  2:neutral  2:neutral       0.136,*0.689,0.175 
     9  2:neutral  2:neutral       0.14,*0.625,0.235 
    10  2:neutral  2:neutral       0.245,*0.628,0.127 
    11  2:neutral 3:positive   +   0.079,0.283,*0.638 
    12  2:neutral  2:neutral       0.114,*0.662,0.224 
    13  2:neutral  2:neutral       0.132,*0.703,0.164 
    14  2:neutral  2:neutral       0.11,*0.622,0.268 
    15  2:neutral  2:neutral       0.232,*0.508,0.261 
    16  2:neutral  2:neutral       0.089,*0.58,0.332 
    17  2:neutral 3:positive   +   0.182,0.392,*0.427 
    18  2:neutral  2:neutral       0.201,*0.485,0.314 
    19  2:neutral  2:neutral       0.213,*0.684,0.103 
    20  2:neutral  2:neutral       0.197,*0.719,0.084 
    21  2:neutral  2:neutral       0.278,*0.391,0.331 
    22  2:neutral 3:positive   +   0.139,0.41,*0.452 
    23  2:neutral  2:neutral       0.141,*0.664,0.194 
    24  2:neutral  2:neutral       0.13,*0.689,0.181 
    25  2:neutral  2:neutral       0.138,*0.649,0.214 
    26  2:neutral  2:neutral       0.139,*0.502,0.36 
    27  2:neutral  2:neutral       0.131,*0.748,0.122 
    28  2:neutral  2:neutral       0.262,*0.612,0.125 
    29  2:neutral  2:neutral       0.108,*0.621,0.27 
    30  2:neutral  2:neutral       0.114,*0.518,0.368 
    31  2:neutral  2:neutral       0.231,*0.679,0.089 
    32  2:neutral  2:neutral       0.245,*0.697,0.058 
    33  2:neutral  2:neutral       0.126,*0.72,0.155 
    34  2:neutral  2:neutral       0.161,*0.672,0.167 
    35  2:neutral  2:neutral       0.222,*0.695,0.083 
    36  2:neutral  2:neutral       0.109,*0.599,0.292 
    37  2:neutral  2:neutral       0.2,*0.599,0.201 
    38  2:neutral  2:neutral       0.153,*0.625,0.222 
    39  2:neutral  2:neutral       0.138,*0.712,0.15 
    40  2:neutral  2:neutral       0.097,*0.595,0.308 
    41  2:neutral  2:neutral       0.134,*0.66,0.206 
    42  2:neutral  2:neutral       0.129,*0.687,0.184 
    43  2:neutral 3:positive   +   0.161,0.136,*0.703 
    44  2:neutral  2:neutral       0.131,*0.538,0.331 
    45  2:neutral  2:neutral       0.135,*0.744,0.121 
    46  2:neutral  2:neutral       0.12,*0.737,0.142 
    47  2:neutral  2:neutral       0.124,*0.576,0.3 
    48  2:neutral 3:positive   +   0.01,0.023,*0.968 
    49  2:neutral  2:neutral       0.205,*0.665,0.129 
    50  2:neutral  2:neutral       0.127,*0.689,0.184 
    51  2:neutral  2:neutral       0.175,*0.733,0.091 
    52  2:neutral  2:neutral       0.199,*0.654,0.147 
    53  2:neutral  2:neutral       0.207,*0.519,0.274 
    54  2:neutral  2:neutral       0.148,*0.572,0.28 
    55  2:neutral  2:neutral       0.119,*0.617,0.264 
    56  2:neutral  2:neutral       0.133,*0.734,0.133 
    57  2:neutral  2:neutral       0.163,*0.66,0.177 
    58  2:neutral  2:neutral       0.142,*0.629,0.229 
    59  2:neutral  2:neutral       0.157,*0.593,0.251 
    60  2:neutral  2:neutral       0.218,*0.62,0.162 
    61  2:neutral  2:neutral       0.147,*0.704,0.149 
    62  2:neutral  2:neutral       0.121,*0.611,0.269 
    63  2:neutral  2:neutral       0.114,*0.702,0.184 
    64  2:neutral  2:neutral       0.235,*0.633,0.132 
    65  2:neutral  2:neutral       0.219,*0.701,0.081 
    66  2:neutral 3:positive   +   0.032,0.16,*0.809 
    67  2:neutral  2:neutral       0.105,*0.627,0.268 
    68  2:neutral  2:neutral       0.19,*0.54,0.27 
    69  2:neutral 3:positive   +   0.048,0.231,*0.721 
    70  2:neutral  2:neutral       0.101,*0.488,0.411 
    71  2:neutral  2:neutral       0.173,*0.659,0.168 
    72  2:neutral 3:positive   +   0.042,0.16,*0.797 
    73  2:neutral  2:neutral       0.163,*0.527,0.309 
    74  2:neutral  2:neutral       0.122,*0.452,0.426 
    75  2:neutral  2:neutral       0.118,*0.67,0.212 
    76  2:neutral  2:neutral       0.116,*0.576,0.308 
    77  2:neutral  2:neutral       0.178,*0.427,0.394 
    78  2:neutral  2:neutral       0.122,*0.651,0.227 
    79  2:neutral  2:neutral       0.175,*0.715,0.11 
    80  2:neutral  2:neutral       0.176,*0.728,0.097 
    81  2:neutral  2:neutral       0.243,*0.439,0.318 
    82  2:neutral  2:neutral       0.185,*0.737,0.078 
    83  2:neutral 3:positive   +   0.302,0.183,*0.515 
    84  2:neutral 3:positive   +   0.054,0.1,*0.845 
    85  2:neutral  2:neutral       0.183,*0.594,0.223 
    86  2:neutral  2:neutral       0.142,*0.697,0.161 
    87  2:neutral  2:neutral       0.077,*0.511,0.413 
    88  2:neutral  2:neutral       0.11,*0.618,0.271 
    89  2:neutral  2:neutral       0.205,*0.561,0.234 
    90  2:neutral  2:neutral       0.128,*0.733,0.139 
    91  2:neutral  2:neutral       0.126,*0.647,0.227 
    92  2:neutral  2:neutral       0.169,*0.604,0.228 
    93  2:neutral  2:neutral       0.147,*0.639,0.214 
    94  2:neutral 3:positive   +   0.101,0.437,*0.462 
    95  2:neutral  2:neutral       0.208,*0.557,0.235 
    96  2:neutral  2:neutral       0.201,*0.635,0.164 
    97  2:neutral  2:neutral       0.15,*0.699,0.151 
    98  2:neutral 3:positive   +   0.121,0.371,*0.508 
    99  2:neutral  2:neutral       0.144,*0.722,0.134 
   100  2:neutral  2:neutral       0.159,*0.647,0.194 
   101  2:neutral  2:neutral       0.204,*0.636,0.16 
   102  2:neutral 3:positive   +   0.068,0.18,*0.752 
   103  2:neutral  2:neutral       0.13,*0.639,0.231 
   104  2:neutral  2:neutral       0.151,*0.519,0.33 
   105  2:neutral  2:neutral       0.131,*0.624,0.245 
   106  2:neutral 3:positive   +   0.188,0.382,*0.431 
   107  2:neutral  2:neutral       0.139,*0.641,0.221 
   108  2:neutral  2:neutral       0.161,*0.754,0.085 
   109  2:neutral  2:neutral       0.125,*0.689,0.186 
   110  2:neutral  2:neutral       0.156,*0.744,0.1 
   111  2:neutral  2:neutral       0.105,*0.515,0.38 
   112  2:neutral  2:neutral       0.126,*0.766,0.108 
   113  2:neutral  2:neutral       0.103,*0.528,0.369 
   114  2:neutral 3:positive   +   0.066,0.217,*0.718 
   115  2:neutral  2:neutral       0.135,*0.662,0.204 
   116  2:neutral  2:neutral       0.245,*0.633,0.122 
   117  2:neutral  2:neutral       0.171,*0.742,0.088 
   118  2:neutral  2:neutral       0.153,*0.644,0.203 
   119  2:neutral  2:neutral       0.124,*0.667,0.209 
   120  2:neutral 3:positive   +   0.096,0.294,*0.61 
   121  2:neutral  2:neutral       0.098,*0.502,0.401 
   122  2:neutral 3:positive   +   0.124,0.285,*0.591 
   123  2:neutral  2:neutral       0.183,*0.655,0.163 
   124  2:neutral  2:neutral       0.125,*0.644,0.231 
   125  2:neutral  2:neutral       0.133,*0.594,0.273 
   126  2:neutral 3:positive   +   0.063,0.323,*0.614 
   127  2:neutral  2:neutral       0.136,*0.717,0.147 
   128  2:neutral  2:neutral       0.102,*0.493,0.405 
   129  2:neutral  2:neutral       0.153,*0.639,0.208 
   130  2:neutral  2:neutral       0.161,*0.555,0.284 
   131  2:neutral 3:positive   +   0.091,0.31,*0.598 
   132  2:neutral  2:neutral       0.138,*0.668,0.194 
   133  2:neutral  2:neutral       0.14,*0.768,0.092 
   134  2:neutral  2:neutral       0.125,*0.695,0.179 
   135  2:neutral  2:neutral       0.097,*0.626,0.277 
   136  2:neutral  2:neutral       0.094,*0.622,0.284 
   137  2:neutral  2:neutral       0.156,*0.654,0.19 
   138  2:neutral 3:positive   +   0.06,0.21,*0.73 
   139  2:neutral  2:neutral       0.219,*0.58,0.201 
   140  2:neutral  2:neutral       0.098,*0.478,0.424 
   141  2:neutral  2:neutral       0.155,*0.663,0.182 
   142  2:neutral  2:neutral       0.157,*0.72,0.123 
   143  2:neutral 3:positive   +   0.112,0.323,*0.565 
   144  2:neutral  2:neutral       0.201,*0.678,0.121 
   145  2:neutral  2:neutral       0.167,*0.442,0.391 
   146  2:neutral  2:neutral       0.15,*0.725,0.125 
   147  2:neutral  2:neutral       0.131,*0.69,0.178 
   148  2:neutral  2:neutral       0.147,*0.688,0.165 
   149  2:neutral 3:positive   +   0.133,0.277,*0.59 
   150  2:neutral  2:neutral       0.141,*0.705,0.154 
   151  2:neutral  2:neutral       0.15,*0.689,0.161 
   152  2:neutral  2:neutral       0.146,*0.755,0.1 
   153  2:neutral  2:neutral       0.131,*0.742,0.127 
   154  2:neutral  2:neutral       0.216,*0.653,0.131 
   155  2:neutral 3:positive   +   0.154,0.421,*0.424 
   156  2:neutral  2:neutral       0.122,*0.512,0.365 
   157  2:neutral  2:neutral       0.146,*0.567,0.288 
   158  2:neutral  2:neutral       0.129,*0.719,0.152 
   159  2:neutral  2:neutral       0.235,*0.703,0.062 
   160  2:neutral  2:neutral       0.101,*0.563,0.336 
   161  2:neutral  2:neutral       0.141,*0.47,0.389 
   162  2:neutral  2:neutral       0.137,*0.746,0.117 
   163  2:neutral  2:neutral       0.12,*0.632,0.248 
   164  2:neutral  2:neutral       0.132,*0.584,0.284 
   165  2:neutral  2:neutral       0.161,*0.709,0.13 
   166  2:neutral  2:neutral       0.152,*0.669,0.179 
   167  2:neutral  2:neutral       0.122,*0.584,0.294 
   168  2:neutral  2:neutral       0.116,*0.622,0.262 
   169  2:neutral  2:neutral       0.126,*0.542,0.332 
   170  2:neutral  2:neutral       0.136,*0.731,0.133 
   171  2:neutral  2:neutral       0.151,*0.551,0.298 
   172  2:neutral  2:neutral       0.242,*0.536,0.221 
   173  2:neutral  2:neutral       0.257,*0.637,0.107 
   174  2:neutral  2:neutral       0.14,*0.463,0.397 
   175  2:neutral  2:neutral       0.154,*0.673,0.173 
   176  2:neutral  2:neutral       0.2,*0.6,0.2 
   177  2:neutral  2:neutral       0.146,*0.715,0.14 
   178  2:neutral  2:neutral       0.178,*0.597,0.225 
   179  2:neutral  2:neutral       0.147,*0.655,0.198 
   180  2:neutral  2:neutral       0.132,*0.665,0.202 
   181  2:neutral  2:neutral       0.185,*0.693,0.122 
   182  2:neutral  2:neutral       0.246,*0.687,0.066 
   183  2:neutral  2:neutral       0.14,*0.648,0.212 
   184  2:neutral 3:positive   +   0.085,0.308,*0.606 
   185  2:neutral  2:neutral       0.12,*0.541,0.339 
   186  2:neutral  2:neutral       0.132,*0.735,0.133 
   187  2:neutral  2:neutral       0.115,*0.515,0.37 
   188  2:neutral 3:positive   +   0.089,0.417,*0.494 
   189  2:neutral  2:neutral       0.181,*0.708,0.111 
   190  2:neutral  2:neutral       0.213,*0.628,0.159 
   191  2:neutral  2:neutral       0.154,*0.696,0.15 
   192  2:neutral  2:neutral       0.132,*0.654,0.214 
   193  2:neutral  2:neutral       0.084,*0.546,0.369 
   194  2:neutral  2:neutral       0.139,*0.637,0.225 
   195  2:neutral  2:neutral       0.114,*0.663,0.223 
   196  2:neutral  2:neutral       0.249,*0.626,0.125 
   197  2:neutral 3:positive   +   0.071,0.39,*0.54 
   198  2:neutral  2:neutral       0.179,*0.461,0.36 
   199  2:neutral 3:positive   +   0.094,0.238,*0.668 
   200  2:neutral  2:neutral       0.136,*0.707,0.157 
   201  2:neutral  2:neutral       0.2,*0.669,0.131 
   202  2:neutral  2:neutral       0.178,*0.558,0.264 
   203  2:neutral  2:neutral       0.111,*0.512,0.377 
   204  2:neutral  2:neutral       0.142,*0.75,0.108 
   205  2:neutral  2:neutral       0.114,*0.69,0.196 
   206  2:neutral  2:neutral       0.143,*0.618,0.239 
   207  2:neutral 3:positive   +   0.095,0.418,*0.487 
   208  2:neutral  2:neutral       0.157,*0.739,0.104 
   209  2:neutral  2:neutral       0.141,*0.763,0.095 
   210  2:neutral  2:neutral       0.215,*0.428,0.357 
   211  2:neutral  2:neutral       0.099,*0.593,0.308 
   212  2:neutral  2:neutral       0.141,*0.693,0.166 
   213  2:neutral  2:neutral       0.145,*0.556,0.299 
   214  2:neutral  2:neutral       0.139,*0.644,0.216 
   215  2:neutral  2:neutral       0.243,*0.703,0.054 
   216  2:neutral  2:neutral       0.136,*0.616,0.248 
   217  2:neutral  2:neutral       0.142,*0.74,0.118 
   218  2:neutral  2:neutral       0.228,*0.575,0.197 
   219  2:neutral  2:neutral       0.174,*0.481,0.344 
   220  2:neutral  2:neutral       0.145,*0.7,0.155 
   221  2:neutral  2:neutral       0.248,*0.617,0.134 
   222  2:neutral 3:positive   +   0.126,0.352,*0.522 
   223  2:neutral  2:neutral       0.094,*0.58,0.325 
   224  2:neutral  2:neutral       0.153,*0.742,0.105 
   225  2:neutral  2:neutral       0.16,*0.695,0.145 
   226  2:neutral  2:neutral       0.139,*0.642,0.22 
   227  2:neutral  2:neutral       0.115,*0.698,0.187 
   228  2:neutral 3:positive   +   0.076,0.258,*0.665 
   229  2:neutral  2:neutral       0.114,*0.658,0.228 
   230  2:neutral  2:neutral       0.172,*0.505,0.323 
   231  2:neutral  2:neutral       0.148,*0.596,0.256 
   232  2:neutral  2:neutral       0.224,*0.627,0.149 
   233  2:neutral  2:neutral       0.189,*0.614,0.197 
   234  2:neutral  2:neutral       0.133,*0.564,0.303 
   235  2:neutral  2:neutral       0.173,*0.682,0.146 
   236  2:neutral  2:neutral       0.139,*0.498,0.363 
   237  2:neutral  2:neutral       0.18,*0.609,0.211 
   238  2:neutral  2:neutral       0.243,*0.664,0.092 
   239  2:neutral  2:neutral       0.129,*0.623,0.248 
   240  2:neutral  2:neutral       0.162,*0.668,0.17 
   241  2:neutral  2:neutral       0.206,*0.508,0.286 
   242  2:neutral  2:neutral       0.132,*0.614,0.254 
   243  2:neutral 3:positive   +   0.069,0.321,*0.61 
   244  2:neutral  2:neutral       0.136,*0.692,0.171 
   245  2:neutral  2:neutral       0.169,*0.691,0.14 
   246  2:neutral 3:positive   +   0.081,0.408,*0.511 
   247  2:neutral  2:neutral       0.152,*0.781,0.067 
   248  2:neutral 3:positive   +   0.064,0.223,*0.713 
   249  2:neutral  2:neutral       0.164,*0.482,0.354 
   250  2:neutral  2:neutral       0.129,*0.661,0.21 
   251  2:neutral 3:positive   +   0.122,0.336,*0.542 
   252  2:neutral  2:neutral       0.119,*0.45,0.431 
   253  2:neutral  2:neutral       0.101,*0.473,0.426 
   254  2:neutral  2:neutral       0.184,*0.655,0.161 
   255  2:neutral  2:neutral       0.133,*0.735,0.132 
   256  2:neutral  2:neutral       0.146,*0.541,0.313 
   257  2:neutral  2:neutral       0.139,*0.641,0.221 
   258  2:neutral  2:neutral       0.171,*0.724,0.104 
   259  2:neutral  2:neutral       0.146,*0.607,0.246 
   260  2:neutral  2:neutral       0.16,*0.754,0.087 
   261  2:neutral 3:positive   +   0.115,0.387,*0.498 
   262  2:neutral  2:neutral       0.15,*0.735,0.115 
   263  2:neutral  2:neutral       0.127,*0.606,0.268 
   264  2:neutral  2:neutral       0.153,*0.749,0.099 
   265  2:neutral  2:neutral       0.103,*0.558,0.34 
   266  2:neutral  2:neutral       0.14,*0.721,0.138 
   267  2:neutral 3:positive   +   0.094,0.248,*0.657 
   268  2:neutral  2:neutral       0.165,*0.745,0.09 
   269  2:neutral 3:positive   +   0.098,0.338,*0.564 
   270  2:neutral  2:neutral       0.182,*0.556,0.262 
   271  2:neutral  2:neutral       0.26,*0.574,0.166 
   272  2:neutral  2:neutral       0.129,*0.591,0.28 
   273  2:neutral  2:neutral       0.228,*0.657,0.115 
   274  2:neutral 3:positive   +   0.107,0.347,*0.546 
   275  2:neutral  2:neutral       0.263,*0.422,0.315 
   276  2:neutral  2:neutral       0.144,*0.608,0.248 
   277  2:neutral  2:neutral       0.082,*0.489,0.429 
   278  2:neutral  2:neutral       0.121,*0.636,0.243 
   279  2:neutral  2:neutral       0.22,*0.465,0.315 
   280  2:neutral  2:neutral       0.108,*0.612,0.28 
   281  2:neutral  2:neutral       0.144,*0.663,0.193 
   282  2:neutral  2:neutral       0.128,*0.764,0.109 
   283  2:neutral  2:neutral       0.252,*0.381,0.367 
   284  2:neutral  2:neutral       0.119,*0.515,0.366 
   285  2:neutral  2:neutral       0.133,*0.749,0.118 
   286  2:neutral  2:neutral       0.108,*0.625,0.267 
   287  2:neutral  2:neutral       0.158,*0.731,0.111 
   288  2:neutral  2:neutral       0.217,*0.655,0.127 
   289  2:neutral  2:neutral       0.16,*0.69,0.15 
   290  2:neutral 3:positive   +   0.065,0.373,*0.562 
   291  2:neutral  2:neutral       0.16,*0.667,0.173 
   292  2:neutral  2:neutral       0.317,*0.478,0.205 
   293  2:neutral 3:positive   +   0.025,0.107,*0.868 
   294  2:neutral  2:neutral       0.087,*0.474,0.438 
   295  2:neutral  2:neutral       0.229,*0.714,0.057 
   296  2:neutral  2:neutral       0.138,*0.668,0.194 
   297  2:neutral  2:neutral       0.138,*0.471,0.391 
   298  2:neutral  2:neutral       0.101,*0.591,0.309 
   299  2:neutral  2:neutral       0.152,*0.683,0.165 
   300  2:neutral  2:neutral       0.165,*0.707,0.127 
   301  2:neutral  2:neutral       0.144,*0.528,0.328 
   302  2:neutral  2:neutral       0.149,*0.675,0.176 
   303  2:neutral 3:positive   +   0.062,0.217,*0.721 
   304  2:neutral  2:neutral       0.186,*0.474,0.34 
   305  2:neutral  2:neutral       0.132,*0.756,0.111 
   306  2:neutral  2:neutral       0.112,*0.62,0.267 
   307  2:neutral  2:neutral       0.149,*0.75,0.101 
   308  2:neutral  2:neutral       0.183,*0.756,0.061 
   309  2:neutral 3:positive   +   0.046,0.133,*0.821 
   310  2:neutral  2:neutral       0.176,*0.754,0.071 
   311  2:neutral  2:neutral       0.149,*0.619,0.232 
   312  2:neutral  2:neutral       0.179,*0.629,0.192 
   313  2:neutral  2:neutral       0.163,*0.632,0.206 
   314  2:neutral  2:neutral       0.197,*0.592,0.211 
   315  2:neutral  2:neutral       0.119,*0.707,0.174 
   316  2:neutral 3:positive   +   0.068,0.44,*0.492 
   317  2:neutral  2:neutral       0.119,*0.687,0.194 
   318  2:neutral  2:neutral       0.143,*0.708,0.149 
   319  2:neutral  2:neutral       0.156,*0.496,0.348 
   320  2:neutral  2:neutral       0.152,*0.744,0.104 
   321  2:neutral  2:neutral       0.148,*0.752,0.099 
   322  2:neutral  2:neutral       0.129,*0.711,0.16 
   323  2:neutral  2:neutral       0.153,*0.575,0.272 
   324  2:neutral  2:neutral       0.146,*0.7,0.155 
   325  2:neutral  2:neutral       0.146,*0.712,0.142 
   326  2:neutral  2:neutral       0.132,*0.669,0.199 
   327  2:neutral 3:positive   +   0.337,0.19,*0.473 
   328  2:neutral  2:neutral       0.209,*0.668,0.122 
   329  2:neutral  2:neutral       0.21,*0.544,0.245 
   330  2:neutral  2:neutral       0.138,*0.763,0.099 
   331  2:neutral  2:neutral       0.131,*0.568,0.301 
   332  2:neutral  2:neutral       0.15,*0.708,0.142 
   333  2:neutral  2:neutral       0.133,*0.724,0.144 
   334  2:neutral 3:positive   +   0.216,0.349,*0.435 
   335  2:neutral 3:positive   +   0.067,0.37,*0.564 
   336  2:neutral  2:neutral       0.131,*0.602,0.267 
   337  2:neutral  2:neutral       0.121,*0.585,0.294 
   338  2:neutral  2:neutral       0.201,*0.448,0.35 
   339  2:neutral  2:neutral       0.142,*0.647,0.211 
   340  2:neutral  2:neutral       0.193,*0.579,0.228 
   341  2:neutral  2:neutral       0.123,*0.553,0.324 
   342  2:neutral 3:positive   +   0.161,0.159,*0.681 
   343  2:neutral  2:neutral       0.215,*0.611,0.174 
   344  2:neutral  2:neutral       0.115,*0.682,0.203 
   345  2:neutral  2:neutral       0.119,*0.765,0.116 
   346  2:neutral  2:neutral       0.129,*0.553,0.317 
   347  2:neutral  2:neutral       0.139,*0.641,0.221 
   348  2:neutral  2:neutral       0.191,*0.568,0.24 
   349  2:neutral  2:neutral       0.149,*0.645,0.207 
   350  2:neutral  2:neutral       0.139,*0.74,0.121 
   351  2:neutral  2:neutral       0.118,*0.684,0.197 
   352  2:neutral  2:neutral       0.125,*0.726,0.148 
   353  2:neutral  2:neutral       0.114,*0.563,0.323 
   354  2:neutral  2:neutral       0.317,*0.44,0.243 
   355  2:neutral  2:neutral       0.138,*0.67,0.192 
   356  2:neutral  2:neutral       0.184,*0.49,0.326 
   357  2:neutral  2:neutral       0.122,*0.583,0.295 
   358  2:neutral 3:positive   +   0.07,0.41,*0.52 
   359  2:neutral  2:neutral       0.243,*0.708,0.049 
   360  2:neutral  2:neutral       0.173,*0.739,0.087 
   361  2:neutral  2:neutral       0.13,*0.742,0.127 
   362  2:neutral  2:neutral       0.317,*0.397,0.287 
   363  2:neutral  2:neutral       0.187,*0.721,0.092 
