Zero Weights processed. Default weights will be used
..
Warning: using -h 0 may be faster
*
optimization finished, #iter = 2640
C = 920.9519530312033
obj = 455813.8745004249, rho = -2.774829874688499
nSV = 2385, nBSV = 988
Total nSV = 2385
..
Warning: using -h 0 may be faster
*
optimization finished, #iter = 2548
C = 1019.6801674142438
obj = 530779.3096349745, rho = -22.089413092108973
nSV = 2397, nBSV = 990
Total nSV = 2397
..
Warning: using -h 0 may be faster
*
optimization finished, #iter = 2654
C = 949.7220020896269
obj = 484804.19954453275, rho = -28.103082761983238
nSV = 2410, nBSV = 974
Total nSV = 2410
..
Warning: using -h 0 may be faster
*
optimization finished, #iter = 2458
C = 854.4754523919358
obj = 427816.7944085054, rho = -16.547790672858106
nSV = 2319, nBSV = 1010
Total nSV = 2319
..
Warning: using -h 0 may be faster
*
optimization finished, #iter = 2628
C = 933.2084757070751
obj = 484265.5399849969, rho = -21.617619354868626
nSV = 2363, nBSV = 971
Total nSV = 2363
Line search fails in two-class probability estimates
...
Warning: using -h 0 may be faster
*
optimization finished, #iter = 3163
C = 965.3547013120433
obj = 586587.6625031639, rho = -11.074347374756469
nSV = 2888, nBSV = 1301
....
Warning: using -h 0 may be faster
*
optimization finished, #iter = 4834
C = 2839.4330507266827
obj = 2604306.9600372096, rho = 1.2775675275145282
nSV = 4148, nBSV = 1334
Total nSV = 4148
....
Warning: using -h 0 may be faster
*
optimization finished, #iter = 4801
C = 2687.3132572438635
obj = 2477928.5462661763, rho = -137.87675449709783
nSV = 4168, nBSV = 1305
Total nSV = 4168
.
Warning: using -h 0 may be faster
....
Warning: using -h 0 may be faster
*
optimization finished, #iter = 5050
C = 2872.2576610780798
obj = 2624739.9140870506, rho = -143.49334817302866
nSV = 4184, nBSV = 1308
Total nSV = 4184
....
Warning: using -h 0 may be faster
*
optimization finished, #iter = 4582
C = 2724.8592263634346
obj = 2500440.226344268, rho = -127.63900116961716
nSV = 4141, nBSV = 1350
Total nSV = 4141
....
Warning: using -h 0 may be faster
*
optimization finished, #iter = 4745
C = 2737.9050078631976
obj = 2546578.191364966, rho = -129.63724309130632
nSV = 4215, nBSV = 1306
Total nSV = 4215
.....
Warning: using -h 0 may be faster
*
optimization finished, #iter = 5772
C = 2973.416261105582
obj = 3226862.3056383263, rho = 8.586267546466447
nSV = 5039, nBSV = 1740
..
Warning: using -h 0 may be faster
*
optimization finished, #iter = 2945
C = 870.1192711477772
obj = 472582.609020197, rho = -26.68676424546349
nSV = 2761, nBSV = 1175
Total nSV = 2761
..
Warning: using -h 0 may be faster
*
optimization finished, #iter = 2798
C = 979.275213251995
obj = 545940.4935540783, rho = -40.00303607658917
nSV = 2775, nBSV = 1161
Total nSV = 2775
..
Warning: using -h 0 may be faster
*
optimization finished, #iter = 2867
C = 938.8222201879377
obj = 524541.2954151331, rho = -40.951643364665934
nSV = 2802, nBSV = 1157
Total nSV = 2802
..
Warning: using -h 0 may be faster
*
optimization finished, #iter = 2915
C = 959.885210348255
obj = 549888.9891200736, rho = -40.649132150243695
nSV = 2809, nBSV = 1135
Total nSV = 2809
..
Warning: using -h 0 may be faster
*
optimization finished, #iter = 2932
C = 1041.5034309494101
obj = 594546.6794212548, rho = -51.00219031274107
nSV = 2813, nBSV = 1121
Total nSV = 2813
.
Warning: using -h 0 may be faster
..
Warning: using -h 0 may be faster
*
optimization finished, #iter = 3482
C = 973.7194607630015
obj = 637071.5291829025, rho = 3.052524398591303
nSV = 3373, nBSV = 1507
Total nSV = 7809
..
Warning: using -h 0 may be faster
*
optimization finished, #iter = 2052
C = 908.4138485350354
obj = 385789.4743862281, rho = -24.8581730250659
nSV = 1948, nBSV = 761
Total nSV = 1948
..
Warning: using -h 0 may be faster
*
optimization finished, #iter = 2018
C = 939.5412859136444
obj = 401061.86682585074, rho = -27.42313423037132
nSV = 1940, nBSV = 760
Total nSV = 1940
..
Warning: using -h 0 may be faster
*
optimization finished, #iter = 2087
C = 896.5615552973245
obj = 381299.7724898905, rho = -27.912003491299274
nSV = 1955, nBSV = 771
Total nSV = 1955
..
Warning: using -h 0 may be faster
*
optimization finished, #iter = 2142
C = 879.4494651961783
obj = 370159.75262335123, rho = -32.65398089361257
nSV = 1972, nBSV = 770
Total nSV = 1972
..
Warning: using -h 0 may be faster
*
optimization finished, #iter = 2224
C = 871.2807691369611
obj = 371013.11786649906, rho = -18.591027546543167
nSV = 1964, nBSV = 763
Total nSV = 1964
..
Warning: using -h 0 may be faster
*
optimization finished, #iter = 2597
C = 913.4821658230815
obj = 455395.92257792474, rho = -8.95873916136948
nSV = 2393, nBSV = 991
....
Warning: using -h 0 may be faster
*
optimization finished, #iter = 4038
C = 2291.2902794209613
obj = 1672365.3226113447, rho = -5.897126620367946
nSV = 3422, nBSV = 982
Total nSV = 3422
...
Warning: using -h 0 may be faster
*
optimization finished, #iter = 3800
C = 2516.337580399933
obj = 1977829.4128241607, rho = -0.36834059737323815
nSV = 3451, nBSV = 993
Total nSV = 3451
...
Warning: using -h 0 may be faster
*
optimization finished, #iter = 3685
C = 2529.1127877717327
obj = 1964708.7783818955, rho = -6.00221840230689
nSV = 3392, nBSV = 1017
Total nSV = 3392
...
Warning: using -h 0 may be faster
*
optimization finished, #iter = 3719
C = 2542.1154332533933
obj = 1986040.8021982575, rho = -6.583333257508701
nSV = 3431, nBSV = 1004
Total nSV = 3431
...
Warning: using -h 0 may be faster
*
optimization finished, #iter = 3771
C = 2498.2263417944687
obj = 1894536.567153576, rho = -17.953387477473637
nSV = 3426, nBSV = 1017
Total nSV = 3426
....
Warning: using -h 0 may be faster
*
optimization finished, #iter = 4930
C = 2717.6655866353635
obj = 2444564.650827755, rho = 11.758876660060366
nSV = 4156, nBSV = 1313
..
Warning: using -h 0 may be faster
*
optimization finished, #iter = 2402
C = 905.7253368631427
obj = 429562.1495649972, rho = 16.740114740832215
nSV = 2304, nBSV = 871
Total nSV = 2304
..
Warning: using -h 0 may be faster
*
optimization finished, #iter = 2135
C = 905.1879273776104
obj = 441502.0858662877, rho = -37.19565838249521
nSV = 2261, nBSV = 894
Total nSV = 2261
..
Warning: using -h 0 may be faster
*
optimization finished, #iter = 2343
C = 944.3951356436713
obj = 467411.5541653701, rho = -47.63633574727949
nSV = 2268, nBSV = 873
Total nSV = 2268
..
Warning: using -h 0 may be faster
*
optimization finished, #iter = 2277
C = 902.7270349107417
obj = 433761.23657232587, rho = -36.45715302891959
nSV = 2224, nBSV = 906
Total nSV = 2224
..
Warning: using -h 0 may be faster
*
optimization finished, #iter = 2302
C = 933.8346311944293
obj = 451631.7541347659, rho = -30.384087617024022
nSV = 2262, nBSV = 885
Total nSV = 2262
..
Warning: using -h 0 may be faster
*
optimization finished, #iter = 2987
C = 926.3862042512968
obj = 518295.2728122102, rho = 7.370195407581298
nSV = 2743, nBSV = 1131
Total nSV = 6363
..
Warning: using -h 0 may be faster
*
optimization finished, #iter = 2066
C = 837.115394560839
obj = 352391.6997299506, rho = -23.042847426720304
nSV = 1926, nBSV = 785
Total nSV = 1926
..
Warning: using -h 0 may be faster
*
optimization finished, #iter = 2091
C = 1035.4610169877321
obj = 449905.1886361132, rho = -3.4004360712636093
nSV = 1987, nBSV = 765
Total nSV = 1987
..
Warning: using -h 0 may be faster
*
optimization finished, #iter = 2040
C = 952.2052722767003
obj = 407094.33525384293, rho = -11.783293230828539
nSV = 1985, nBSV = 770
Total nSV = 1985
..
Warning: using -h 0 may be faster
*
optimization finished, #iter = 2030
C = 921.909738993977
obj = 390264.7092674767, rho = -2.075363208220299
nSV = 1978, nBSV = 767
Total nSV = 1978
..
Warning: using -h 0 may be faster
*
optimization finished, #iter = 2174
C = 943.3662442882365
obj = 402567.1409369847, rho = -1.9344037075923952
nSV = 1985, nBSV = 751
Total nSV = 1985
..
Warning: using -h 0 may be faster
*
optimization finished, #iter = 2554
C = 955.4546270727087
obj = 477114.51968340465, rho = -5.210161033224475
nSV = 2363, nBSV = 994
...
Warning: using -h 0 may be faster
*
optimization finished, #iter = 3806
C = 2433.260673511865
obj = 1851201.684797764, rho = -1.9947416214102895
nSV = 3401, nBSV = 1002
Total nSV = 3401
....
Warning: using -h 0 may be faster
*
optimization finished, #iter = 4073
C = 2725.944280868841
obj = 2078639.454762462, rho = -35.33860024298757
nSV = 3482, nBSV = 966
Total nSV = 3482
...
Warning: using -h 0 may be faster
*
optimization finished, #iter = 3781
C = 2361.0350317722714
obj = 1773611.3588447731, rho = -4.297960003220323
nSV = 3379, nBSV = 976
Total nSV = 3379
...
Warning: using -h 0 may be faster
*
optimization finished, #iter = 3387
C = 2350.2224240577266
obj = 1812227.9433715541, rho = -34.5125299110799
nSV = 3299, nBSV = 1044
Total nSV = 3299
...
Warning: using -h 0 may be faster
*
optimization finished, #iter = 3774
C = 2480.306553321962
obj = 1909336.0369733076, rho = -16.486378051720408
nSV = 3378, nBSV = 1029
Total nSV = 3378
....
Warning: using -h 0 may be faster
*
optimization finished, #iter = 4646
C = 2723.9585232236113
obj = 2496412.629638357, rho = -26.633246778001993
nSV = 4132, nBSV = 1328
..
Warning: using -h 0 may be faster
*
optimization finished, #iter = 2331
C = 925.793906756013
obj = 438635.86177789705, rho = -39.901244706317016
nSV = 2272, nBSV = 882
Total nSV = 2272
..
Warning: using -h 0 may be faster
*
optimization finished, #iter = 2392
C = 985.511738809113
obj = 471517.2484898588, rho = -43.980493583521806
nSV = 2316, nBSV = 857
Total nSV = 2316
..
Warning: using -h 0 may be faster
*
optimization finished, #iter = 2275
C = 902.6551768292078
obj = 440956.73600852484, rho = -38.094554506570645
nSV = 2278, nBSV = 886
Total nSV = 2278
..
Warning: using -h 0 may be faster
*
optimization finished, #iter = 2399
C = 982.1441440964476
obj = 479599.867688259, rho = -44.01292629561306
nSV = 2302, nBSV = 864
Total nSV = 2302
..
Warning: using -h 0 may be faster
*
optimization finished, #iter = 2436
C = 964.3872489044224
obj = 458480.0223322264, rho = -50.615977381627594
nSV = 2309, nBSV = 872
Total nSV = 2309
..
Warning: using -h 0 may be faster
*
optimization finished, #iter = 2729
C = 956.4468483357161
obj = 535544.9271764015, rho = 6.147744484414885
nSV = 2732, nBSV = 1176
Total nSV = 6318
...
Warning: using -h 0 may be faster
*
optimization finished, #iter = 3707
C = 2595.2200594109436
obj = 2067284.2928142129, rho = -119.12144195351614
nSV = 3440, nBSV = 959
Total nSV = 3440
....
Warning: using -h 0 may be faster
*
optimization finished, #iter = 4248
C = 2491.079314337385
obj = 1875993.5282956352, rho = 30.22757785830403
nSV = 3466, nBSV = 959
Total nSV = 3466
...
Warning: using -h 0 may be faster
*
optimization finished, #iter = 3906
C = 2626.0066822371145
obj = 2043656.2416058222, rho = -5.898335917637461
nSV = 3491, nBSV = 971
Total nSV = 3491
...
Warning: using -h 0 may be faster
*
optimization finished, #iter = 3830
C = 2518.968656704386
obj = 1962295.587885805, rho = 19.330447491424206
nSV = 3437, nBSV = 978
Total nSV = 3437
...
Warning: using -h 0 may be faster
*
optimization finished, #iter = 3777
C = 2468.1658876371507
obj = 1903451.1504284514, rho = 8.987542296594857
nSV = 3456, nBSV = 998
Total nSV = 3456
....
Warning: using -h 0 may be faster
*
optimization finished, #iter = 4585
C = 2739.015749405116
obj = 2556708.3551257844, rho = -147.85685890850255
nSV = 4134, nBSV = 1339
..
Warning: using -h 0 may be faster
*
optimization finished, #iter = 2492
C = 1032.417654155642
obj = 503564.04161518905, rho = -51.86435577893378
nSV = 2320, nBSV = 854
Total nSV = 2320
..
Warning: using -h 0 may be faster
*
optimization finished, #iter = 2301
C = 990.3532935920364
obj = 475303.15724443673, rho = 12.153645236673825
nSV = 2281, nBSV = 884
Total nSV = 2281
..
Warning: using -h 0 may be faster
*
optimization finished, #iter = 2281
C = 926.2764181605999
obj = 442030.7643142291, rho = 2.602649836822304
nSV = 2267, nBSV = 876
Total nSV = 2267
..
Warning: using -h 0 may be faster
*
optimization finished, #iter = 2268
C = 951.1078948457091
obj = 452867.6136616337, rho = 7.232301625607987
nSV = 2251, nBSV = 890
Total nSV = 2251
..
Warning: using -h 0 may be faster
*
optimization finished, #iter = 2497
C = 1055.6050487949576
obj = 518961.96997599566, rho = 5.123775936800802
nSV = 2347, nBSV = 835
Total nSV = 2347
..
Warning: using -h 0 may be faster
*
optimization finished, #iter = 2896
C = 1027.5124779162243
obj = 593474.588921215, rho = -52.39783415098445
nSV = 2786, nBSV = 1127
..
Warning: using -h 0 may be faster
*
optimization finished, #iter = 2099
C = 926.3062677230306
obj = 394357.8301493983, rho = -13.365518398781747
nSV = 1975, nBSV = 754
Total nSV = 1975
..
Warning: using -h 0 may be faster
*
optimization finished, #iter = 2010
C = 871.4699746608469
obj = 372049.8395894931, rho = -10.235918456184018
nSV = 1955, nBSV = 754
Total nSV = 1955
..
Warning: using -h 0 may be faster
*
optimization finished, #iter = 2093
C = 919.7462312185335
obj = 390532.54434032197, rho = -7.317287268553563
nSV = 1972, nBSV = 752
Total nSV = 1972
..
Warning: using -h 0 may be faster
*
optimization finished, #iter = 2097
C = 958.6620430577285
obj = 418366.06465417024, rho = -18.147033183369143
nSV = 1996, nBSV = 749
Total nSV = 1996
..
Warning: using -h 0 may be faster
*
optimization finished, #iter = 2041
C = 894.3224445202248
obj = 388109.75372618786, rho = -12.002792092672014
nSV = 1960, nBSV = 756
Total nSV = 1960
..
Warning: using -h 0 may be faster
*
optimization finished, #iter = 2670
C = 934.8513621680588
obj = 476753.1202592375, rho = -18.72998299713803
nSV = 2389, nBSV = 995
Total nSV = 6365
..
Warning: using -h 0 may be faster
*
optimization finished, #iter = 2127
C = 875.5707394766634
obj = 368274.73337440495, rho = -6.67774104575945
nSV = 1972, nBSV = 783
Total nSV = 1972
..
Warning: using -h 0 may be faster
*
optimization finished, #iter = 2120
C = 945.7442331362508
obj = 417421.9445941332, rho = 5.709018503776679
nSV = 1976, nBSV = 726
Total nSV = 1976
..
Warning: using -h 0 may be faster
*
optimization finished, #iter = 2207
C = 955.3270578748507
obj = 421471.9978097361, rho = 3.0062802640451802
nSV = 2007, nBSV = 738
Total nSV = 2007
..
Warning: using -h 0 may be faster
*
optimization finished, #iter = 2050
C = 975.7070384970432
obj = 431644.4022866707, rho = -0.4140052378677033
nSV = 1977, nBSV = 744
Total nSV = 1977
..
Warning: using -h 0 may be faster
*
optimization finished, #iter = 2126
C = 899.6508958673722
obj = 384511.5145486459, rho = -4.967362079196291
nSV = 1956, nBSV = 745
Total nSV = 1956
..
Warning: using -h 0 may be faster
*
optimization finished, #iter = 2588
C = 952.943746701417
obj = 491101.5429480376, rho = -35.96121086211505
nSV = 2375, nBSV = 976
..
Warning: using -h 0 may be faster
*
optimization finished, #iter = 2307
C = 943.5603849250839
obj = 444135.3821850371, rho = -42.11449864463126
nSV = 2285, nBSV = 886
Total nSV = 2285
..
Warning: using -h 0 may be faster
*
optimization finished, #iter = 2504
C = 928.1961172923046
obj = 435835.94817325514, rho = -20.559833173111382
nSV = 2285, nBSV = 858
Total nSV = 2285
..
Warning: using -h 0 may be faster
*
optimization finished, #iter = 2553
C = 930.9514266034759
obj = 448952.36112345004, rho = -18.648488747766095
nSV = 2279, nBSV = 869
Total nSV = 2279
..
Warning: using -h 0 may be faster
*
optimization finished, #iter = 2206
C = 907.392742304034
obj = 430266.49086180155, rho = -20.181952155757912
nSV = 2276, nBSV = 879
Total nSV = 2276
..
Warning: using -h 0 may be faster
*
optimization finished, #iter = 2282
C = 935.3700486196338
obj = 446601.75884874834, rho = -27.68325340681237
nSV = 2282, nBSV = 891
Total nSV = 2282
...
Warning: using -h 0 may be faster
*
optimization finished, #iter = 3151
C = 952.3240629214685
obj = 524993.5342563698, rho = -3.9824270013570384
nSV = 2803, nBSV = 1133
...
Warning: using -h 0 may be faster
*
optimization finished, #iter = 3879
C = 2484.108499675015
obj = 1876695.1003519155, rho = -116.30014402345667
nSV = 3440, nBSV = 1026
Total nSV = 3440
...
Warning: using -h 0 may be faster
*
optimization finished, #iter = 3503
C = 2335.3398001611235
obj = 1822926.0602821829, rho = -104.97894232272193
nSV = 3395, nBSV = 1020
Total nSV = 3395
...
Warning: using -h 0 may be faster
*
optimization finished, #iter = 3760
C = 2479.025616626754
obj = 1960846.3130065636, rho = -117.63408355164222
nSV = 3401, nBSV = 1018
Total nSV = 3401
...
Warning: using -h 0 may be faster
*
optimization finished, #iter = 3834
C = 2559.6534205130506
obj = 1982445.4326144985, rho = -107.5332345043526
nSV = 3429, nBSV = 998
Total nSV = 3429
...
Warning: using -h 0 may be faster
*
optimization finished, #iter = 3611
C = 2506.695807005814
obj = 1994412.3561700054, rho = -131.98528969177053
nSV = 3361, nBSV = 1007
Total nSV = 3361
....
Warning: using -h 0 may be faster
*.
Warning: using -h 0 may be faster
*
optimization finished, #iter = 4727
C = 2654.4740864502382
obj = 2413828.6712221075, rho = 11.015709272160166
nSV = 4135, nBSV = 1323
Total nSV = 6394
..
Warning: using -h 0 may be faster
*
optimization finished, #iter = 2143
C = 877.4398423814234
obj = 413971.13005710486, rho = -0.8013921382276348
nSV = 2182, nBSV = 918
Total nSV = 2182
..
Warning: using -h 0 may be faster
*
optimization finished, #iter = 2334
C = 839.0372229465507
obj = 387751.39940613735, rho = -23.681634776840024
nSV = 2251, nBSV = 923
Total nSV = 2251
..
Warning: using -h 0 may be faster
*
optimization finished, #iter = 2382
C = 921.5008422986876
obj = 428004.7184176761, rho = -30.063827031702214
nSV = 2291, nBSV = 881
Total nSV = 2291
..
Warning: using -h 0 may be faster
*
optimization finished, #iter = 2211
C = 897.0587506488772
obj = 418903.67064863705, rho = -33.260263049244195
nSV = 2259, nBSV = 904
Total nSV = 2259
..
Warning: using -h 0 may be faster
*
optimization finished, #iter = 2251
C = 918.9134334969474
obj = 431364.6351017965, rho = -26.641168028981927
nSV = 2233, nBSV = 898
Total nSV = 2233
..
Warning: using -h 0 may be faster
*
optimization finished, #iter = 2770
C = 899.2698411592955
obj = 491507.99751899124, rho = 3.6911834184148717
nSV = 2733, nBSV = 1174
.
Warning: using -h 0 may be faster
*
optimization finished, #iter = 1963
C = 914.9944469878974
obj = 394147.46783676225, rho = -15.405093780383677
nSV = 1920, nBSV = 772
Total nSV = 1920
..
Warning: using -h 0 may be faster
*
optimization finished, #iter = 2127
C = 935.5008649346998
obj = 397847.0777255136, rho = -9.826812207372084
nSV = 1974, nBSV = 749
Total nSV = 1974
..*
optimization finished, #iter = 2099
C = 921.7087892298636
obj = 399210.529986017, rho = -10.989130014131883
nSV = 1943, nBSV = 730
Total nSV = 1943
..
Warning: using -h 0 may be faster
*
optimization finished, #iter = 2021
C = 885.0149683167149
obj = 376504.98797295266, rho = -19.66323697172457
nSV = 1917, nBSV = 769
Total nSV = 1917
..
Warning: using -h 0 may be faster
*
optimization finished, #iter = 2139
C = 950.3991545334792
obj = 411045.7428594693, rho = -23.566883592477705
nSV = 1947, nBSV = 745
Total nSV = 1947
..
Warning: using -h 0 may be faster
*
optimization finished, #iter = 2585
C = 948.8248598076759
obj = 483714.9136259758, rho = -18.125491128486996
nSV = 2359, nBSV = 986
...
Warning: using -h 0 may be faster
*
optimization finished, #iter = 3720
C = 2484.1570542547074
obj = 1923498.682244183, rho = -27.49682247557465
nSV = 3382, nBSV = 986
Total nSV = 3382
...
Warning: using -h 0 may be faster
*.
Warning: using -h 0 may be faster
*
optimization finished, #iter = 3747
C = 2588.9124773338526
obj = 2004196.0909756406, rho = -15.53390852361842
nSV = 3396, nBSV = 1006
Total nSV = 3396
...
Warning: using -h 0 may be faster
*
optimization finished, #iter = 3589
C = 2511.709952826502
obj = 1921653.1217056578, rho = -26.53033547899385
nSV = 3385, nBSV = 1003
Total nSV = 3385
...
Warning: using -h 0 may be faster
*
optimization finished, #iter = 3687
C = 2590.008315700817
obj = 1984638.3250806262, rho = -3.765041052908408
nSV = 3407, nBSV = 1010
Total nSV = 3407
...
Warning: using -h 0 may be faster
*
optimization finished, #iter = 3636
C = 2548.3845302445425
obj = 1988815.0517093714, rho = -17.34776203532248
nSV = 3433, nBSV = 994
Total nSV = 3433
....
Warning: using -h 0 may be faster
*
optimization finished, #iter = 4507
C = 2719.8315651090356
obj = 2509889.871961659, rho = -111.01215900363131
nSV = 4126, nBSV = 1304
Total nSV = 6364


=== Predictions under cross-validation ===

 inst#     actual  predicted error distribution
     1  2:neutral  2:neutral       0.178,*0.623,0.199 
     2  2:neutral  2:neutral       0.018,*0.845,0.137 
     3  2:neutral 3:positive   +   0.225,0.265,*0.51 
     4  2:neutral  2:neutral       0.152,*0.547,0.301 
     5  2:neutral  2:neutral       0.047,*0.672,0.28 
     6  2:neutral 1:negative   +   *0.64,0.296,0.064 
     7  2:neutral  2:neutral       0.034,*0.514,0.452 
     8  2:neutral  2:neutral       0.066,*0.872,0.062 
     9  2:neutral  2:neutral       0.117,*0.52,0.364 
    10  2:neutral 1:negative   +   *0.584,0.204,0.212 
    11  2:neutral 3:positive   +   0.023,0.406,*0.572 
    12  2:neutral  2:neutral       0.072,*0.723,0.205 
    13  2:neutral  2:neutral       0.04,*0.702,0.258 
    14  2:neutral  2:neutral       0.027,*0.728,0.245 
    15  2:neutral  2:neutral       0.297,*0.462,0.24 
    16  2:neutral  2:neutral       0.024,*0.566,0.411 
    17  2:neutral 3:positive   +   0.342,0.315,*0.344 
    18  2:neutral  2:neutral       0.241,*0.391,0.368 
    19  2:neutral  2:neutral       0.159,*0.681,0.161 
    20  2:neutral  2:neutral       0.025,*0.914,0.061 
    21  2:neutral  2:neutral       0.167,*0.424,0.409 
    22  2:neutral 3:positive   +   0.095,0.351,*0.555 
    23  2:neutral  2:neutral       0.086,*0.635,0.278 
    24  2:neutral  2:neutral       0.049,*0.64,0.311 
    25  2:neutral  2:neutral       0.088,*0.61,0.302 
    26  2:neutral  2:neutral       0.332,*0.475,0.193 
    27  2:neutral  2:neutral       0.026,*0.687,0.287 
    28  2:neutral  2:neutral       0.286,*0.374,0.34 
    29  2:neutral  2:neutral       0.036,*0.639,0.324 
    30  2:neutral 3:positive   +   0.042,0.434,*0.524 
    31  2:neutral  2:neutral       0.368,*0.464,0.168 
    32  2:neutral 1:negative   +   *0.953,0.031,0.016 
    33  2:neutral  2:neutral       0.021,*0.728,0.252 
    34  2:neutral  2:neutral       0.099,*0.609,0.292 
    35  2:neutral  2:neutral       0.123,*0.734,0.143 
    36  2:neutral  2:neutral       0.009,*0.908,0.083 
    37  2:neutral  2:neutral       0.348,*0.478,0.174 
    38  2:neutral  2:neutral       0.123,*0.714,0.164 
    39  2:neutral  2:neutral       0.054,*0.739,0.207 
    40  2:neutral  2:neutral       0.024,*0.543,0.432 
    41  2:neutral  2:neutral       0.087,*0.66,0.254 
    42  2:neutral  2:neutral       0.021,*0.649,0.33 
    43  2:neutral 3:positive   +   0.453,0.074,*0.472 
    44  2:neutral  2:neutral       0.116,*0.517,0.367 
    45  2:neutral  2:neutral       0.033,*0.887,0.081 
    46  2:neutral  2:neutral       0.017,*0.756,0.227 
    47  2:neutral  2:neutral       0.04,*0.586,0.375 
    48  2:neutral 3:positive   +   0.027,0.11,*0.862 
    49  2:neutral  2:neutral       0.08,*0.78,0.14 
    50  2:neutral  2:neutral       0.098,*0.705,0.197 
    51  2:neutral  2:neutral       0.163,*0.779,0.058 
    52  2:neutral  2:neutral       0.229,*0.531,0.241 
    53  2:neutral  2:neutral       0.271,*0.457,0.272 
    54  2:neutral  2:neutral       0.092,*0.502,0.406 
    55  2:neutral  2:neutral       0.047,*0.637,0.315 
    56  2:neutral  2:neutral       0.112,*0.693,0.195 
    57  2:neutral  2:neutral       0.096,*0.61,0.294 
    58  2:neutral  2:neutral       0.073,*0.481,0.446 
    59  2:neutral  2:neutral       0.135,*0.465,0.4 
    60  2:neutral  2:neutral       0.062,*0.713,0.224 
    61  2:neutral  2:neutral       0.119,*0.782,0.099 
    62  2:neutral  2:neutral       0.167,*0.49,0.344 
    63  2:neutral  2:neutral       0.033,*0.728,0.239 
    64  2:neutral  2:neutral       0.148,*0.508,0.344 
    65  2:neutral  2:neutral       0.273,*0.609,0.118 
    66  2:neutral 3:positive   +   0.091,0.167,*0.742 
    67  2:neutral  2:neutral       0.073,*0.546,0.382 
    68  2:neutral  2:neutral       0.171,*0.474,0.355 
    69  2:neutral 3:positive   +   0.041,0.282,*0.677 
    70  2:neutral 3:positive   +   0.094,0.406,*0.5 
    71  2:neutral  2:neutral       0.121,*0.759,0.121 
    72  2:neutral 3:positive   +   0.041,0.16,*0.799 
    73  2:neutral 3:positive   +   0.127,0.24,*0.633 
    74  2:neutral  2:neutral       0.067,*0.492,0.441 
    75  2:neutral  2:neutral       0.068,*0.715,0.218 
    76  2:neutral  2:neutral       0.104,*0.554,0.342 
    77  2:neutral  2:neutral       0.064,*0.473,0.463 
    78  2:neutral  2:neutral       0.063,*0.566,0.371 
    79  2:neutral  2:neutral       0.378,*0.478,0.145 
    80  2:neutral  2:neutral       0.072,*0.849,0.079 
    81  2:neutral 1:negative   +   *0.449,0.24,0.312 
    82  2:neutral  2:neutral       0.094,*0.856,0.05 
    83  2:neutral 1:negative   +   *0.616,0.102,0.281 
    84  2:neutral 3:positive   +   0.022,0.134,*0.844 
    85  2:neutral  2:neutral       0.38,*0.518,0.102 
    86  2:neutral  2:neutral       0.045,*0.806,0.15 
    87  2:neutral 3:positive   +   0.018,0.459,*0.523 
    88  2:neutral  2:neutral       0.027,*0.514,0.459 
    89  2:neutral 1:negative   +   *0.415,0.269,0.316 
    90  2:neutral  2:neutral       0.026,*0.758,0.216 
    91  2:neutral  2:neutral       0.06,*0.691,0.249 
    92  2:neutral  2:neutral       0.13,*0.686,0.185 
    93  2:neutral  2:neutral       0.084,*0.6,0.316 
    94  2:neutral  2:neutral       0.049,*0.491,0.46 
    95  2:neutral 3:positive   +   0.14,0.343,*0.518 
    96  2:neutral  2:neutral       0.052,*0.787,0.161 
    97  2:neutral  2:neutral       0.101,*0.685,0.214 
    98  2:neutral 3:positive   +   0.082,0.316,*0.602 
    99  2:neutral  2:neutral       0.08,*0.735,0.185 
   100  2:neutral  2:neutral       0.091,*0.737,0.173 
   101  2:neutral  2:neutral       0.164,*0.599,0.237 
   102  2:neutral 3:positive   +   0.137,0.318,*0.545 
   103  2:neutral  2:neutral       0.071,*0.638,0.291 
   104  2:neutral  2:neutral       0.151,*0.57,0.279 
   105  2:neutral  2:neutral       0.082,*0.644,0.274 
   106  2:neutral 3:positive   +   0.142,0.289,*0.569 
   107  2:neutral  2:neutral       0.097,*0.603,0.301 
   108  2:neutral  2:neutral       0.069,*0.87,0.061 
   109  2:neutral  2:neutral       0.013,*0.797,0.19 
   110  2:neutral  2:neutral       0.093,*0.762,0.145 
   111  2:neutral 3:positive   +   0.071,0.409,*0.52 
   112  2:neutral  2:neutral       0.009,*0.806,0.185 
   113  2:neutral  2:neutral       0.037,*0.545,0.418 
   114  2:neutral 3:positive   +   0.109,0.3,*0.591 
   115  2:neutral  2:neutral       0.049,*0.53,0.421 
   116  2:neutral  2:neutral       0.099,*0.777,0.124 
   117  2:neutral  2:neutral       0.038,*0.867,0.095 
   118  2:neutral  2:neutral       0.066,*0.664,0.27 
   119  2:neutral  2:neutral       0.043,*0.795,0.162 
   120  2:neutral 3:positive   +   0.049,0.314,*0.637 
   121  2:neutral  2:neutral       0.077,*0.571,0.351 
   122  2:neutral 3:positive   +   0.104,0.327,*0.569 
   123  2:neutral  2:neutral       0.083,*0.831,0.087 
   124  2:neutral  2:neutral       0.087,*0.584,0.329 
   125  2:neutral  2:neutral       0.17,*0.707,0.123 
   126  2:neutral 3:positive   +   0.04,0.345,*0.615 
   127  2:neutral  2:neutral       0.023,*0.862,0.115 
   128  2:neutral 3:positive   +   0.027,0.423,*0.55 
   129  2:neutral  2:neutral       0.114,*0.689,0.196 
   130  2:neutral 3:positive   +   0.094,0.417,*0.488 
   131  2:neutral  2:neutral       0.289,*0.453,0.258 
   132  2:neutral  2:neutral       0.081,*0.63,0.289 
   133  2:neutral  2:neutral       0.06,*0.829,0.111 
   134  2:neutral  2:neutral       0.021,*0.718,0.261 
   135  2:neutral  2:neutral       0.02,*0.668,0.312 
   136  2:neutral  2:neutral       0.01,*0.625,0.365 
   137  2:neutral  2:neutral       0.143,*0.646,0.211 
   138  2:neutral 3:positive   +   0.09,0.452,*0.458 
   139  2:neutral  2:neutral       0.184,*0.681,0.135 
   140  2:neutral  2:neutral       0.078,*0.531,0.39 
   141  2:neutral  2:neutral       0.036,*0.815,0.15 
   142  2:neutral  2:neutral       0.256,*0.578,0.166 
   143  2:neutral  2:neutral       0.191,*0.452,0.357 
   144  2:neutral  2:neutral       0.176,*0.643,0.181 
   145  2:neutral 3:positive   +   0.242,0.307,*0.451 
   146  2:neutral  2:neutral       0.251,*0.642,0.107 
   147  2:neutral  2:neutral       0.028,*0.752,0.22 
   148  2:neutral  2:neutral       0.159,*0.592,0.249 
   149  2:neutral 3:positive   +   0.114,0.338,*0.548 
   150  2:neutral  2:neutral       0.085,*0.735,0.18 
   151  2:neutral  2:neutral       0.056,*0.867,0.077 
   152  2:neutral  2:neutral       0.017,*0.921,0.062 
   153  2:neutral  2:neutral       0.018,*0.855,0.127 
   154  2:neutral  2:neutral       0.222,*0.585,0.194 
   155  2:neutral  2:neutral       0.14,*0.481,0.378 
   156  2:neutral 3:positive   +   0.113,0.206,*0.681 
   157  2:neutral  2:neutral       0.052,*0.681,0.267 
   158  2:neutral  2:neutral       0.055,*0.796,0.149 
   159  2:neutral  2:neutral       0.067,*0.877,0.056 
   160  2:neutral  2:neutral       0.021,*0.605,0.373 
   161  2:neutral  2:neutral       0.132,*0.489,0.379 
   162  2:neutral  2:neutral       0.018,*0.929,0.054 
   163  2:neutral  2:neutral       0.017,*0.785,0.198 
   164  2:neutral  2:neutral       0.134,*0.576,0.289 
   165  2:neutral  2:neutral       0.066,*0.743,0.191 
   166  2:neutral  2:neutral       0.082,*0.726,0.191 
   167  2:neutral 3:positive   +   0.084,0.395,*0.522 
   168  2:neutral  2:neutral       0.03,*0.78,0.189 
   169  2:neutral  2:neutral       0.111,*0.533,0.356 
   170  2:neutral  2:neutral       0.14,*0.758,0.103 
   171  2:neutral 3:positive   +   0.091,0.304,*0.605 
   172  2:neutral 3:positive   +   0.208,0.374,*0.418 
   173  2:neutral 1:negative   +   *0.733,0.229,0.038 
   174  2:neutral  2:neutral       0.089,*0.472,0.439 
   175  2:neutral  2:neutral       0.064,*0.643,0.293 
   176  2:neutral  2:neutral       0.315,*0.522,0.163 
   177  2:neutral  2:neutral       0.045,*0.858,0.097 
   178  2:neutral  2:neutral       0.344,*0.527,0.128 
   179  2:neutral  2:neutral       0.14,*0.476,0.384 
   180  2:neutral  2:neutral       0.048,*0.736,0.216 
   181  2:neutral  2:neutral       0.09,*0.746,0.165 
   182  2:neutral 1:negative   +   *0.784,0.174,0.042 
   183  2:neutral  2:neutral       0.071,*0.702,0.228 
   184  2:neutral 3:positive   +   0.065,0.385,*0.55 
   185  2:neutral  2:neutral       0.066,*0.603,0.331 
   186  2:neutral  2:neutral       0.028,*0.811,0.161 
   187  2:neutral  2:neutral       0.062,*0.544,0.394 
   188  2:neutral 3:positive   +   0.075,0.42,*0.505 
   189  2:neutral 1:negative   +   *0.475,0.421,0.104 
   190  2:neutral 1:negative   +   *0.443,0.418,0.138 
   191  2:neutral  2:neutral       0.164,*0.606,0.229 
   192  2:neutral  2:neutral       0.057,*0.744,0.198 
   193  2:neutral  2:neutral       0.013,*0.723,0.265 
   194  2:neutral  2:neutral       0.101,*0.682,0.217 
   195  2:neutral 3:positive   +   0.053,0.452,*0.495 
   196  2:neutral  2:neutral       0.118,*0.727,0.155 
   197  2:neutral 3:positive   +   0.069,0.464,*0.468 
   198  2:neutral  2:neutral       0.239,*0.446,0.315 
   199  2:neutral 3:positive   +   0.073,0.251,*0.676 
   200  2:neutral  2:neutral       0.027,*0.755,0.218 
   201  2:neutral  2:neutral       0.083,*0.837,0.08 
   202  2:neutral  2:neutral       0.129,*0.615,0.256 
   203  2:neutral 3:positive   +   0.035,0.445,*0.52 
   204  2:neutral  2:neutral       0.025,*0.924,0.051 
   205  2:neutral  2:neutral       0.012,*0.661,0.327 
   206  2:neutral  2:neutral       0.169,*0.599,0.232 
   207  2:neutral  2:neutral       0.061,*0.485,0.454 
   208  2:neutral  2:neutral       0.022,*0.788,0.19 
   209  2:neutral  2:neutral       0.024,*0.894,0.082 
   210  2:neutral 3:positive   +   0.273,0.325,*0.402 
   211  2:neutral  2:neutral       0.03,*0.796,0.174 
   212  2:neutral  2:neutral       0.039,*0.88,0.082 
   213  2:neutral  2:neutral       0.056,*0.474,0.47 
   214  2:neutral  2:neutral       0.036,*0.587,0.377 
   215  2:neutral  2:neutral       0.319,*0.554,0.127 
   216  2:neutral  2:neutral       0.064,*0.496,0.44 
   217  2:neutral  2:neutral       0.048,*0.764,0.188 
   218  2:neutral  2:neutral       0.218,*0.425,0.357 
   219  2:neutral  2:neutral       0.039,*0.565,0.396 
   220  2:neutral  2:neutral       0.08,*0.522,0.398 
   221  2:neutral 1:negative   +   *0.449,0.285,0.266 
   222  2:neutral 3:positive   +   0.117,0.388,*0.495 
   223  2:neutral  2:neutral       0.036,*0.521,0.443 
   224  2:neutral  2:neutral       0.087,*0.784,0.129 
   225  2:neutral  2:neutral       0.059,*0.833,0.108 
   226  2:neutral  2:neutral       0.066,*0.767,0.167 
   227  2:neutral  2:neutral       0.052,*0.806,0.142 
   228  2:neutral 3:positive   +   0.037,0.248,*0.715 
   229  2:neutral 3:positive   +   0.021,0.338,*0.642 
   230  2:neutral 1:negative   +   *0.465,0.252,0.283 
   231  2:neutral  2:neutral       0.047,*0.855,0.098 
   232  2:neutral  2:neutral       0.361,*0.38,0.258 
   233  2:neutral  2:neutral       0.21,*0.453,0.337 
   234  2:neutral  2:neutral       0.051,*0.623,0.326 
   235  2:neutral  2:neutral       0.211,*0.662,0.128 
   236  2:neutral  2:neutral       0.088,*0.488,0.424 
   237  2:neutral 3:positive   +   0.039,0.4,*0.561 
   238  2:neutral  2:neutral       0.164,*0.711,0.124 
   239  2:neutral 3:positive   +   0.064,0.382,*0.555 
   240  2:neutral  2:neutral       0.068,*0.722,0.209 
   241  2:neutral 1:negative   +   *0.347,0.334,0.32 
   242  2:neutral  2:neutral       0.058,*0.572,0.37 
   243  2:neutral 3:positive   +   0.036,0.255,*0.709 
   244  2:neutral  2:neutral       0.042,*0.688,0.27 
   245  2:neutral  2:neutral       0.214,*0.657,0.13 
   246  2:neutral 3:positive   +   0.012,0.429,*0.56 
   247  2:neutral  2:neutral       0.012,*0.938,0.05 
   248  2:neutral  2:neutral       0.087,*0.464,0.449 
   249  2:neutral 3:positive   +   0.246,0.305,*0.448 
   250  2:neutral  2:neutral       0.048,*0.764,0.188 
   251  2:neutral  2:neutral       0.113,*0.495,0.392 
   252  2:neutral 3:positive   +   0.032,0.291,*0.676 
   253  2:neutral  2:neutral       0.138,*0.519,0.343 
   254  2:neutral  2:neutral       0.1,*0.77,0.13 
   255  2:neutral  2:neutral       0.036,*0.768,0.196 
   256  2:neutral  2:neutral       0.06,*0.526,0.414 
   257  2:neutral  2:neutral       0.097,*0.603,0.301 
   258  2:neutral  2:neutral       0.067,*0.834,0.099 
   259  2:neutral  2:neutral       0.134,*0.595,0.271 
   260  2:neutral  2:neutral       0.077,*0.845,0.079 
   261  2:neutral 3:positive   +   0.03,0.284,*0.686 
   262  2:neutral  2:neutral       0.072,*0.675,0.253 
   263  2:neutral  2:neutral       0.07,*0.482,0.448 
   264  2:neutral  2:neutral       0.051,*0.861,0.088 
   265  2:neutral  2:neutral       0.099,*0.654,0.247 
   266  2:neutral  2:neutral       0.026,*0.833,0.141 
   267  2:neutral 3:positive   +   0.167,0.17,*0.663 
   268  2:neutral  2:neutral       0.05,*0.864,0.086 
   269  2:neutral  2:neutral       0.212,*0.45,0.338 
   270  2:neutral 3:positive   +   0.113,0.405,*0.481 
   271  2:neutral 3:positive   +   0.279,0.353,*0.368 
   272  2:neutral  2:neutral       0.094,*0.613,0.294 
   273  2:neutral  2:neutral       0.25,*0.566,0.184 
   274  2:neutral 3:positive   +   0.122,0.382,*0.495 
   275  2:neutral 3:positive   +   0.291,0.085,*0.624 
   276  2:neutral  2:neutral       0.052,*0.716,0.231 
   277  2:neutral  2:neutral       0.011,*0.511,0.478 
   278  2:neutral  2:neutral       0.032,*0.597,0.371 
   279  2:neutral 3:positive   +   0.366,0.262,*0.372 
   280  2:neutral  2:neutral       0.026,*0.519,0.455 
   281  2:neutral 3:positive   +   0.027,0.471,*0.503 
   282  2:neutral  2:neutral       0.038,*0.88,0.082 
   283  2:neutral  2:neutral       0.249,*0.412,0.339 
   284  2:neutral 3:positive   +   0.059,0.404,*0.537 
   285  2:neutral  2:neutral       0.019,*0.837,0.144 
   286  2:neutral  2:neutral       0.074,*0.61,0.316 
   287  2:neutral  2:neutral       0.055,*0.844,0.1 
   288  2:neutral  2:neutral       0.173,*0.736,0.091 
   289  2:neutral  2:neutral       0.041,*0.734,0.225 
   290  2:neutral 3:positive   +   0.009,0.353,*0.638 
   291  2:neutral  2:neutral       0.075,*0.708,0.217 
   292  2:neutral 1:negative   +   *0.73,0.154,0.115 
   293  2:neutral  2:neutral       0.069,*0.578,0.353 
   294  2:neutral 3:positive   +   0.099,0.312,*0.589 
   295  2:neutral  2:neutral       0.093,*0.864,0.043 
   296  2:neutral  2:neutral       0.081,*0.63,0.289 
   297  2:neutral 3:positive   +   0.177,0.216,*0.606 
   298  2:neutral  2:neutral       0.076,*0.69,0.234 
   299  2:neutral  2:neutral       0.21,*0.507,0.283 
   300  2:neutral  2:neutral       0.06,*0.824,0.116 
   301  2:neutral  2:neutral       0.057,*0.676,0.267 
   302  2:neutral  2:neutral       0.092,*0.689,0.219 
   303  2:neutral 3:positive   +   0.045,0.274,*0.682 
   304  2:neutral  2:neutral       0.092,*0.559,0.349 
   305  2:neutral  2:neutral       0.036,*0.878,0.085 
   306  2:neutral 3:positive   +   0.053,0.42,*0.527 
   307  2:neutral  2:neutral       0.015,*0.919,0.066 
   308  2:neutral  2:neutral       0.069,*0.913,0.018 
   309  2:neutral 3:positive   +   0.02,0.156,*0.825 
   310  2:neutral  2:neutral       0.073,*0.902,0.024 
   311  2:neutral  2:neutral       0.169,*0.513,0.319 
   312  2:neutral  2:neutral       0.112,*0.714,0.174 
   313  2:neutral  2:neutral       0.077,*0.565,0.358 
   314  2:neutral  2:neutral       0.1,*0.785,0.116 
   315  2:neutral 3:positive   +   0.041,0.399,*0.561 
   316  2:neutral 3:positive   +   0.031,0.221,*0.749 
   317  2:neutral  2:neutral       0.065,*0.815,0.12 
   318  2:neutral  2:neutral       0.09,*0.743,0.167 
   319  2:neutral  2:neutral       0.093,*0.492,0.415 
   320  2:neutral  2:neutral       0.127,*0.61,0.264 
   321  2:neutral  2:neutral       0.096,*0.77,0.134 
   322  2:neutral  2:neutral       0.069,*0.665,0.266 
   323  2:neutral  2:neutral       0.111,*0.578,0.311 
   324  2:neutral  2:neutral       0.065,*0.781,0.154 
   325  2:neutral  2:neutral       0.09,*0.78,0.13 
   326  2:neutral  2:neutral       0.068,*0.802,0.131 
   327  2:neutral 1:negative   +   *0.907,0.053,0.04 
   328  2:neutral 1:negative   +   *0.618,0.308,0.074 
   329  2:neutral  2:neutral       0.29,*0.532,0.178 
   330  2:neutral  2:neutral       0.032,*0.879,0.089 
   331  2:neutral  2:neutral       0.102,*0.612,0.286 
   332  2:neutral  2:neutral       0.09,*0.651,0.259 
   333  2:neutral  2:neutral       0.018,*0.862,0.12 
   334  2:neutral  2:neutral       0.376,*0.38,0.244 
   335  2:neutral 3:positive   +   0.027,0.277,*0.696 
   336  2:neutral  2:neutral       0.104,*0.499,0.397 
   337  2:neutral  2:neutral       0.039,*0.664,0.297 
   338  2:neutral 3:positive   +   0.115,0.425,*0.46 
   339  2:neutral  2:neutral       0.046,*0.759,0.194 
   340  2:neutral  2:neutral       0.301,*0.451,0.248 
   341  2:neutral  2:neutral       0.053,*0.495,0.452 
   342  2:neutral 3:positive   +   0.078,0.238,*0.684 
   343  2:neutral  2:neutral       0.151,*0.675,0.174 
   344  2:neutral  2:neutral       0.034,*0.739,0.226 
   345  2:neutral  2:neutral       0.02,*0.788,0.192 
   346  2:neutral  2:neutral       0.079,*0.653,0.267 
   347  2:neutral  2:neutral       0.097,*0.603,0.301 
   348  2:neutral  2:neutral       0.302,*0.362,0.336 
   349  2:neutral  2:neutral       0.138,*0.587,0.275 
   350  2:neutral  2:neutral       0.028,*0.798,0.174 
   351  2:neutral  2:neutral       0.104,*0.552,0.344 
   352  2:neutral  2:neutral       0.017,*0.85,0.133 
   353  2:neutral  2:neutral       0.177,*0.671,0.152 
   354  2:neutral 1:negative   +   *0.847,0.062,0.091 
   355  2:neutral  2:neutral       0.077,*0.648,0.275 
   356  2:neutral 3:positive   +   0.203,0.232,*0.564 
