Zero Weights processed. Default weights will be used
..
Warning: using -h 0 may be faster
*
optimization finished, #iter = 2246
C = 1009.9282593045292
obj = 536831.9549621389, rho = -18.78993422260432
nSV = 2353, nBSV = 1009
Total nSV = 2353
..
Warning: using -h 0 may be faster
*
optimization finished, #iter = 2130
C = 1026.5417036507542
obj = 552902.4349610752, rho = -16.366721300034136
nSV = 2361, nBSV = 1004
Total nSV = 2361
..
Warning: using -h 0 may be faster
*
optimization finished, #iter = 2054
C = 995.6845253554965
obj = 529665.2595356803, rho = -17.407150660345327
nSV = 2337, nBSV = 1014
Total nSV = 2337
..
Warning: using -h 0 may be faster
*
optimization finished, #iter = 2044
C = 1010.7378991547935
obj = 541372.914515734, rho = -17.678218561352296
nSV = 2345, nBSV = 1026
Total nSV = 2345
..
Warning: using -h 0 may be faster
*
optimization finished, #iter = 2017
C = 1005.2528176462008
obj = 540912.1084726622, rho = -4.0207106889307065
nSV = 2334, nBSV = 1019
Total nSV = 2334
..
Warning: using -h 0 may be faster
*
optimization finished, #iter = 2717
C = 1022.7491710674652
obj = 652228.8892591337, rho = -20.217802705371717
nSV = 2863, nBSV = 1326
...
Warning: using -h 0 may be faster
*
optimization finished, #iter = 3551
C = 2604.474204017167
obj = 2594856.5995832705, rho = -102.97787361017845
nSV = 4058, nBSV = 1396
Total nSV = 4058
...
Warning: using -h 0 may be faster
*
optimization finished, #iter = 3732
C = 2638.5608754803698
obj = 2653840.329386059, rho = -140.6337363956699
nSV = 4076, nBSV = 1343
Total nSV = 4076
...
Warning: using -h 0 may be faster
*
optimization finished, #iter = 3641
C = 2661.5775621937896
obj = 2726548.6493278136, rho = -156.7707815697432
nSV = 4082, nBSV = 1346
Total nSV = 4082
...
Warning: using -h 0 may be faster
*
optimization finished, #iter = 3675
C = 2497.497985380873
obj = 2402534.718075151, rho = -160.42293470509145
nSV = 4092, nBSV = 1352
Total nSV = 4092
...
Warning: using -h 0 may be faster
*
optimization finished, #iter = 3481
C = 2543.449144297695
obj = 2546318.945443474, rho = -145.9447158929571
nSV = 4041, nBSV = 1394
Total nSV = 4041
....
Warning: using -h 0 may be faster
*
optimization finished, #iter = 4454
C = 2677.1761164968225
obj = 3109167.612725052, rho = -23.244440185356485
nSV = 4918, nBSV = 1794
..
Warning: using -h 0 may be faster
*
optimization finished, #iter = 2475
C = 1221.7669524010214
obj = 769984.701458931, rho = 13.850934826470418
nSV = 2801, nBSV = 1115
Total nSV = 2801
..
Warning: using -h 0 may be faster
*
optimization finished, #iter = 2560
C = 1235.7662969162666
obj = 788708.0594283448, rho = -50.98153384268655
nSV = 2842, nBSV = 1093
Total nSV = 2842
..
Warning: using -h 0 may be faster
*
optimization finished, #iter = 2397
C = 1163.8973599783735
obj = 733744.5585004927, rho = -44.35450334454583
nSV = 2788, nBSV = 1119
Total nSV = 2788
..
Warning: using -h 0 may be faster
*
optimization finished, #iter = 2337
C = 1165.0647066792808
obj = 740063.8442253735, rho = -49.61709315383482
nSV = 2806, nBSV = 1134
Total nSV = 2806
..
Warning: using -h 0 may be faster
*
optimization finished, #iter = 2567
C = 1181.2035575303714
obj = 722769.7556659934, rho = -37.57835720588759
nSV = 2832, nBSV = 1109
Total nSV = 2832
...
Warning: using -h 0 may be faster
*
optimization finished, #iter = 3007
C = 1196.784167971223
obj = 870134.76232004, rho = 13.302588983220891
nSV = 3424, nBSV = 1486
Total nSV = 7731
.
Warning: using -h 0 may be faster
*
optimization finished, #iter = 1665
C = 956.5492321884984
obj = 421948.34405702073, rho = -13.023679530307984
nSV = 1914, nBSV = 787
Total nSV = 1914
.
Warning: using -h 0 may be faster
*
optimization finished, #iter = 1682
C = 950.9707255746944
obj = 415976.30260418577, rho = -2.726382052272522
nSV = 1933, nBSV = 774
Total nSV = 1933
.
Warning: using -h 0 may be faster
*
optimization finished, #iter = 1599
C = 1002.3321751083002
obj = 454314.79555542424, rho = -4.853712214459546
nSV = 1907, nBSV = 789
Total nSV = 1907
.
Warning: using -h 0 may be faster
*
optimization finished, #iter = 1720
C = 965.314670875525
obj = 431232.6238398994, rho = -10.797667466103809
nSV = 1929, nBSV = 773
Total nSV = 1929
.
Warning: using -h 0 may be faster
*
optimization finished, #iter = 1697
C = 1059.8219918546615
obj = 487242.1047144922, rho = -4.271663791489617
nSV = 1926, nBSV = 757
Total nSV = 1926
Line search fails in two-class probability estimates
..
Warning: using -h 0 may be faster
*
optimization finished, #iter = 2077
C = 1003.147322127144
obj = 539562.6268864222, rho = -9.192357424032613
nSV = 2351, nBSV = 1021
..
Warning: using -h 0 may be faster
*
optimization finished, #iter = 2877
C = 2318.7109013698882
obj = 1932121.1686724108, rho = -139.98190341794353
nSV = 3343, nBSV = 1040
Total nSV = 3343
..
Warning: using -h 0 may be faster
*
optimization finished, #iter = 2901
C = 2370.004843726793
obj = 1944643.4362649028, rho = -119.06861649405005
nSV = 3307, nBSV = 993
Total nSV = 3307
..
Warning: using -h 0 may be faster
*
optimization finished, #iter = 2957
C = 2310.467049240794
obj = 1892922.962416767, rho = -114.8367550300963
nSV = 3360, nBSV = 1008
Total nSV = 3360
..
Warning: using -h 0 may be faster
*
optimization finished, #iter = 2991
C = 2343.738387556325
obj = 1934073.1714559381, rho = -94.81205596384689
nSV = 3377, nBSV = 1006
Total nSV = 3377
..
Warning: using -h 0 may be faster
*
optimization finished, #iter = 2918
C = 2393.5997293085943
obj = 2028613.841711848, rho = -108.5335869981906
nSV = 3341, nBSV = 995
Total nSV = 3341
...
Warning: using -h 0 may be faster
*
optimization finished, #iter = 3541
C = 2497.8541397474355
obj = 2476418.5713082985, rho = 1.420920773375858
nSV = 4051, nBSV = 1359
..
Warning: using -h 0 may be faster
*
optimization finished, #iter = 2094
C = 1178.2744399740516
obj = 627062.8058086794, rho = -48.70076082331844
nSV = 2337, nBSV = 836
Total nSV = 2337
.
Warning: using -h 0 may be faster
*
optimization finished, #iter = 1932
C = 1155.0903686507654
obj = 610977.5019012247, rho = 14.748565487135604
nSV = 2305, nBSV = 866
Total nSV = 2305
.
Warning: using -h 0 may be faster
*
optimization finished, #iter = 1964
C = 1130.1539432428679
obj = 597448.1331990281, rho = -0.6169603242107987
nSV = 2273, nBSV = 861
Total nSV = 2273
.
Warning: using -h 0 may be faster
*
optimization finished, #iter = 1965
C = 1099.3291461858093
obj = 563922.7688947855, rho = 13.59041302403822
nSV = 2268, nBSV = 882
Total nSV = 2268
.
Warning: using -h 0 may be faster
*
optimization finished, #iter = 1822
C = 1051.877442334003
obj = 541691.6787566523, rho = 16.124024891117763
nSV = 2256, nBSV = 892
Total nSV = 2256
..
Warning: using -h 0 may be faster
*
optimization finished, #iter = 2308
C = 1136.1754366564703
obj = 706303.7295860671, rho = 17.26684700076285
nSV = 2753, nBSV = 1154
Total nSV = 6270
.
Warning: using -h 0 may be faster
*
optimization finished, #iter = 1725
C = 1018.6513398199872
obj = 451628.7905409258, rho = -12.585134027134083
nSV = 1929, nBSV = 749
Total nSV = 1929
.
Warning: using -h 0 may be faster
*
optimization finished, #iter = 1689
C = 1049.8770507174063
obj = 476311.5345388054, rho = -14.745995466047162
nSV = 1936, nBSV = 775
Total nSV = 1936
.
Warning: using -h 0 may be faster
*
optimization finished, #iter = 1733
C = 1008.0145432459109
obj = 443093.4948551101, rho = -10.136371350916708
nSV = 1933, nBSV = 775
Total nSV = 1933
.
Warning: using -h 0 may be faster
*
optimization finished, #iter = 1809
C = 1003.920398408806
obj = 448794.6093496396, rho = -26.914261848750694
nSV = 1933, nBSV = 755
Total nSV = 1933
.
Warning: using -h 0 may be faster
*
optimization finished, #iter = 1767
C = 999.7550770377893
obj = 443182.3474950332, rho = -2.9543159553844456
nSV = 1946, nBSV = 756
Total nSV = 1946
Line search fails in two-class probability estimates
..
Warning: using -h 0 may be faster
*
optimization finished, #iter = 2101
C = 1033.052487153403
obj = 549407.5879210103, rho = -14.88626555949032
nSV = 2347, nBSV = 1023
...
Warning: using -h 0 may be faster
*
optimization finished, #iter = 3107
C = 2367.348257093355
obj = 1903551.9368745165, rho = 7.945837769492152
nSV = 3345, nBSV = 1041
Total nSV = 3345
..
Warning: using -h 0 may be faster
*
optimization finished, #iter = 2759
C = 2319.6159135373528
obj = 1917036.1227176222, rho = -22.638284809986096
nSV = 3286, nBSV = 1071
Total nSV = 3286
..
Warning: using -h 0 may be faster
*
optimization finished, #iter = 2911
C = 2265.1621909235255
obj = 1773413.6054011204, rho = 22.986221342886193
nSV = 3335, nBSV = 1060
Total nSV = 3335
..
Warning: using -h 0 may be faster
*
optimization finished, #iter = 2663
C = 2360.748595710233
obj = 1921026.5959916108, rho = -2.7022041945772806
nSV = 3267, nBSV = 1085
Total nSV = 3267
..
Warning: using -h 0 may be faster
*
optimization finished, #iter = 2823
C = 2306.12537976556
obj = 1846723.3902932412, rho = 17.11210176418897
nSV = 3295, nBSV = 1044
Total nSV = 3295
...
Warning: using -h 0 may be faster
*
optimization finished, #iter = 3694
C = 2480.980744666348
obj = 2360221.0189330895, rho = -5.737215543959633
nSV = 4082, nBSV = 1356
..
Warning: using -h 0 may be faster
*
optimization finished, #iter = 2020
C = 1177.8607322398993
obj = 603561.1992850245, rho = 6.510137520689316
nSV = 2329, nBSV = 852
Total nSV = 2329
.
Warning: using -h 0 may be faster
*
optimization finished, #iter = 1962
C = 1182.0207825797559
obj = 628486.7661229566, rho = -37.8557421386634
nSV = 2313, nBSV = 842
Total nSV = 2313
.
Warning: using -h 0 may be faster
*
optimization finished, #iter = 1997
C = 1134.9793693452227
obj = 585975.1757411966, rho = -36.092104793549886
nSV = 2317, nBSV = 871
Total nSV = 2317
..
Warning: using -h 0 may be faster
*
optimization finished, #iter = 2007
C = 1136.068836730628
obj = 588188.174809875, rho = -42.579507498561554
nSV = 2288, nBSV = 859
Total nSV = 2288
.
Warning: using -h 0 may be faster
*
optimization finished, #iter = 1948
C = 1210.1903144422045
obj = 654565.9476655987, rho = -47.944556012471324
nSV = 2320, nBSV = 853
Total nSV = 2320
..
Warning: using -h 0 may be faster
*
optimization finished, #iter = 2281
C = 1180.7276070578137
obj = 726924.6620685671, rho = 9.382021263861397
nSV = 2739, nBSV = 1158
Total nSV = 6287
..
Warning: using -h 0 may be faster
*
optimization finished, #iter = 2889
C = 2449.367108757974
obj = 2035915.7588216474, rho = -113.04267302770862
nSV = 3343, nBSV = 1039
Total nSV = 3343
..
Warning: using -h 0 may be faster
*
optimization finished, #iter = 2898
C = 2421.9292536985113
obj = 1987301.7399484143, rho = 18.053883987433384
nSV = 3303, nBSV = 1048
Total nSV = 3303
..
Warning: using -h 0 may be faster
*
optimization finished, #iter = 2882
C = 2360.8830798119643
obj = 1937321.6896747057, rho = -4.814052854488709
nSV = 3341, nBSV = 1029
Total nSV = 3341
..
Warning: using -h 0 may be faster
*
optimization finished, #iter = 2964
C = 2437.4934076222676
obj = 1971116.5868644388, rho = -9.481796016971183
nSV = 3352, nBSV = 1036
Total nSV = 3352
..
Warning: using -h 0 may be faster
*
optimization finished, #iter = 2913
C = 2403.7690164296073
obj = 1984274.021877044, rho = -5.355100419609245
nSV = 3331, nBSV = 1033
Total nSV = 3331
...
Warning: using -h 0 may be faster
*
optimization finished, #iter = 3694
C = 2606.401658066331
obj = 2591286.547781875, rho = -142.41987715966184
nSV = 4100, nBSV = 1355
..
Warning: using -h 0 may be faster
*
optimization finished, #iter = 2019
C = 1303.2069288193832
obj = 705127.4983427098, rho = -55.29500578130454
nSV = 2338, nBSV = 846
Total nSV = 2338
..
Warning: using -h 0 may be faster
*
optimization finished, #iter = 2044
C = 1215.8957032401472
obj = 645515.0880983293, rho = -45.92324297649098
nSV = 2351, nBSV = 852
Total nSV = 2351
..
Warning: using -h 0 may be faster
*
optimization finished, #iter = 2013
C = 1211.9752880875114
obj = 644482.3865418328, rho = -54.696397005087455
nSV = 2330, nBSV = 823
Total nSV = 2330
..
Warning: using -h 0 may be faster
*
optimization finished, #iter = 2004
C = 1196.537009799151
obj = 630872.9317755426, rho = -50.80060601854704
nSV = 2327, nBSV = 851
Total nSV = 2327
.
Warning: using -h 0 may be faster
*
optimization finished, #iter = 1974
C = 1231.69269781312
obj = 650054.7918027098, rho = -46.43369274711529
nSV = 2300, nBSV = 856
Total nSV = 2300
..
Warning: using -h 0 may be faster
*
optimization finished, #iter = 2487
C = 1286.9352511310415
obj = 825800.1564677061, rho = -57.004793408623044
nSV = 2837, nBSV = 1107
.
Warning: using -h 0 may be faster
*
optimization finished, #iter = 1797
C = 992.1316394282333
obj = 438995.00949606625, rho = -9.633690030863296
nSV = 1951, nBSV = 769
Total nSV = 1951
.
Warning: using -h 0 may be faster
*
optimization finished, #iter = 1809
C = 1070.2671955295523
obj = 495199.6654031225, rho = -7.263061355176848
nSV = 2000, nBSV = 729
Total nSV = 2000
.
Warning: using -h 0 may be faster
*
optimization finished, #iter = 1772
C = 1025.6672346188573
obj = 455592.1421280686, rho = -22.231289420261458
nSV = 1962, nBSV = 745
Total nSV = 1962
.
Warning: using -h 0 may be faster
*
optimization finished, #iter = 1741
C = 1080.6561291185162
obj = 500674.50998216856, rho = -31.070744210296084
nSV = 1954, nBSV = 750
Total nSV = 1954
.
Warning: using -h 0 may be faster
*
optimization finished, #iter = 1710
C = 953.4229889104176
obj = 421453.9261127235, rho = -9.467924215812303
nSV = 1902, nBSV = 780
Total nSV = 1902
..
Warning: using -h 0 may be faster
*
optimization finished, #iter = 2208
C = 1029.8026348105232
obj = 551027.5777307095, rho = -14.8882659764452
nSV = 2350, nBSV = 991
Total nSV = 6378
.
Warning: using -h 0 may be faster
*
optimization finished, #iter = 1786
C = 1027.262618914599
obj = 479210.87655261916, rho = -11.107090693211527
nSV = 1957, nBSV = 745
Total nSV = 1957
.
Warning: using -h 0 may be faster
*
optimization finished, #iter = 1667
C = 974.1957247663704
obj = 437845.8084128292, rho = -7.025093593082163
nSV = 1892, nBSV = 783
Total nSV = 1892
.
Warning: using -h 0 may be faster
*
optimization finished, #iter = 1845
C = 1006.4241294082225
obj = 459241.3375536881, rho = -3.134633489053776
nSV = 1954, nBSV = 748
Total nSV = 1954
.
Warning: using -h 0 may be faster
*
optimization finished, #iter = 1671
C = 1012.9868774359421
obj = 470740.55944952305, rho = -16.299111706405064
nSV = 1917, nBSV = 753
Total nSV = 1917
.
Warning: using -h 0 may be faster
*
optimization finished, #iter = 1765
C = 996.2006673863851
obj = 450403.21555298194, rho = -14.974928925380098
nSV = 1924, nBSV = 784
Total nSV = 1924
..
Warning: using -h 0 may be faster
*
optimization finished, #iter = 2131
C = 1015.493720645269
obj = 556028.0359446711, rho = -24.58763086649032
nSV = 2350, nBSV = 998
.
Warning: using -h 0 may be faster
*
optimization finished, #iter = 1926
C = 1187.3707032655316
obj = 624776.602607704, rho = -41.88369412926302
nSV = 2325, nBSV = 863
Total nSV = 2325
..
Warning: using -h 0 may be faster
*
optimization finished, #iter = 2031
C = 1073.168250944903
obj = 546858.6694246988, rho = -42.53990292372602
nSV = 2288, nBSV = 875
Total nSV = 2288
.
Warning: using -h 0 may be faster
*
optimization finished, #iter = 1882
C = 1146.2016612215368
obj = 598319.8682381258, rho = -41.26089547817977
nSV = 2269, nBSV = 879
Total nSV = 2269
.
Warning: using -h 0 may be faster
*
optimization finished, #iter = 1986
C = 1148.070221114779
obj = 611171.7211218324, rho = -48.26075288265505
nSV = 2304, nBSV = 855
Total nSV = 2304
.
Warning: using -h 0 may be faster
*
optimization finished, #iter = 1988
C = 1144.114614792239
obj = 605917.7516679254, rho = -40.058293828723905
nSV = 2292, nBSV = 848
Total nSV = 2292
..
Warning: using -h 0 may be faster
*
optimization finished, #iter = 2414
C = 1133.2728055510963
obj = 689232.4021475846, rho = 7.801184761510586
nSV = 2795, nBSV = 1122
...
Warning: using -h 0 may be faster
*
optimization finished, #iter = 3182
C = 2287.279206224312
obj = 1799305.1943994535, rho = -40.556637564029415
nSV = 3372, nBSV = 995
Total nSV = 3372
..
Warning: using -h 0 may be faster
*
optimization finished, #iter = 2915
C = 2246.630778570113
obj = 1784509.3367385385, rho = 43.02656275738049
nSV = 3315, nBSV = 1052
Total nSV = 3315
..
Warning: using -h 0 may be faster
*
optimization finished, #iter = 2825
C = 2278.701001821927
obj = 1830365.8631213494, rho = 18.888503862580098
nSV = 3295, nBSV = 1049
Total nSV = 3295
..
Warning: using -h 0 may be faster
*
optimization finished, #iter = 2889
C = 2273.4623456927015
obj = 1830769.7943648968, rho = 46.478714893803144
nSV = 3320, nBSV = 1058
Total nSV = 3320
..
Warning: using -h 0 may be faster
*
optimization finished, #iter = 2919
C = 2344.688935302316
obj = 1930154.458243542, rho = 33.63888449198853
nSV = 3357, nBSV = 1023
Total nSV = 3357
...
Warning: using -h 0 may be faster
*
optimization finished, #iter = 3561
C = 2447.8411325890265
obj = 2371294.021689721, rho = 10.691989747884893
nSV = 4032, nBSV = 1384
Total nSV = 6299
..
Warning: using -h 0 may be faster
*
optimization finished, #iter = 2017
C = 1129.396749383943
obj = 578656.1510195491, rho = -45.164218706992294
nSV = 2289, nBSV = 863
Total nSV = 2289
..
Warning: using -h 0 may be faster
*
optimization finished, #iter = 2000
C = 1057.3807672768473
obj = 534800.1783277026, rho = -41.21736571644919
nSV = 2270, nBSV = 869
Total nSV = 2270
.
Warning: using -h 0 may be faster
*
optimization finished, #iter = 1951
C = 1171.6653991236408
obj = 612597.8362066214, rho = -51.21308215709973
nSV = 2295, nBSV = 873
Total nSV = 2295
.
Warning: using -h 0 may be faster
*
optimization finished, #iter = 1925
C = 1151.9543569499128
obj = 596670.812930726, rho = -43.17374942220846
nSV = 2262, nBSV = 856
Total nSV = 2262
.
Warning: using -h 0 may be faster
*
optimization finished, #iter = 1979
C = 1093.2394301913691
obj = 554793.6198310021, rho = -32.487337134253934
nSV = 2271, nBSV = 884
Total nSV = 2271
..
Warning: using -h 0 may be faster
*
optimization finished, #iter = 2305
C = 1119.1903154519707
obj = 676302.4689395446, rho = 11.476492361935867
nSV = 2756, nBSV = 1146
.
Warning: using -h 0 may be faster
*
optimization finished, #iter = 1667
C = 960.2001279369987
obj = 427829.1215447371, rho = -9.032689392497078
nSV = 1911, nBSV = 785
Total nSV = 1911
.
Warning: using -h 0 may be faster
*
optimization finished, #iter = 1737
C = 1054.9945584268435
obj = 485118.6457506141, rho = -28.443287205143463
nSV = 1930, nBSV = 757
Total nSV = 1930
.
Warning: using -h 0 may be faster
*
optimization finished, #iter = 1733
C = 993.9753705726235
obj = 441600.88147073233, rho = -7.578960943198068
nSV = 1926, nBSV = 778
Total nSV = 1926
.
Warning: using -h 0 may be faster
*
optimization finished, #iter = 1723
C = 1017.7196587705845
obj = 461635.4872104774, rho = -20.891475916220372
nSV = 1927, nBSV = 756
Total nSV = 1927
.
Warning: using -h 0 may be faster
*
optimization finished, #iter = 1756
C = 1041.0645816627848
obj = 476952.61693891586, rho = -20.445235772128733
nSV = 1934, nBSV = 765
Total nSV = 1934
..
Warning: using -h 0 may be faster
*
optimization finished, #iter = 2185
C = 1018.6316185801868
obj = 548239.6030107903, rho = -6.859543273110849
nSV = 2352, nBSV = 1009
..
Warning: using -h 0 may be faster
*
optimization finished, #iter = 2864
C = 2378.4217034221324
obj = 1948981.681622344, rho = 2.8532247024387973
nSV = 3336, nBSV = 1030
Total nSV = 3336
..
Warning: using -h 0 may be faster
*
optimization finished, #iter = 2876
C = 2481.523620690714
obj = 2073530.2968437623, rho = -107.76805827834329
nSV = 3340, nBSV = 1046
Total nSV = 3340
..
Warning: using -h 0 may be faster
*
optimization finished, #iter = 2983
C = 2493.441169554929
obj = 2052555.4181283724, rho = -104.30414762616704
nSV = 3356, nBSV = 1021
Total nSV = 3356
...
Warning: using -h 0 may be faster
*
optimization finished, #iter = 3105
C = 2511.0974213416803
obj = 2077739.8967423742, rho = -85.67072946676741
nSV = 3378, nBSV = 1001
Total nSV = 3378
..
Warning: using -h 0 may be faster
*
optimization finished, #iter = 2942
C = 2440.666521839627
obj = 2064632.0730900974, rho = -96.00213583423279
nSV = 3348, nBSV = 1018
Total nSV = 3348
...
Warning: using -h 0 may be faster
*
optimization finished, #iter = 3617
C = 2674.017089687222
obj = 2701304.5687913476, rho = -143.01724815386947
nSV = 4059, nBSV = 1367
Total nSV = 6299


=== Predictions under cross-validation ===

 inst#     actual  predicted error distribution
     1  2:neutral  2:neutral       0.272,*0.537,0.191 
     2  2:neutral  2:neutral       0.028,*0.852,0.12 
     3  2:neutral 3:positive   +   0.103,0.307,*0.59 
     4  2:neutral  2:neutral       0.104,*0.712,0.184 
     5  2:neutral  2:neutral       0.053,*0.755,0.191 
     6  2:neutral 1:negative   +   *0.484,0.462,0.053 
     7  2:neutral 3:positive   +   0.071,0.246,*0.683 
     8  2:neutral  2:neutral       0.148,*0.663,0.189 
     9  2:neutral  2:neutral       0.109,*0.592,0.299 
    10  2:neutral 1:negative   +   *0.737,0.142,0.121 
    11  2:neutral 3:positive   +   0.025,0.434,*0.541 
    12  2:neutral  2:neutral       0.074,*0.759,0.167 
    13  2:neutral  2:neutral       0.036,*0.795,0.169 
    14  2:neutral  2:neutral       0.026,*0.531,0.444 
    15  2:neutral  2:neutral       0.323,*0.497,0.179 
    16  2:neutral  2:neutral       0.039,*0.743,0.217 
    17  2:neutral  2:neutral       0.371,*0.385,0.244 
    18  2:neutral  2:neutral       0.228,*0.446,0.326 
    19  2:neutral  2:neutral       0.121,*0.583,0.296 
    20  2:neutral  2:neutral       0.033,*0.92,0.047 
    21  2:neutral  2:neutral       0.222,*0.436,0.342 
    22  2:neutral  2:neutral       0.121,*0.486,0.393 
    23  2:neutral  2:neutral       0.095,*0.681,0.224 
    24  2:neutral  2:neutral       0.07,*0.812,0.119 
    25  2:neutral  2:neutral       0.056,*0.704,0.24 
    26  2:neutral 3:positive   +   0.123,0.148,*0.728 
    27  2:neutral  2:neutral       0.04,*0.871,0.09 
    28  2:neutral  2:neutral       0.291,*0.494,0.215 
    29  2:neutral  2:neutral       0.031,*0.728,0.241 
    30  2:neutral 3:positive   +   0.054,0.323,*0.623 
    31  2:neutral 1:negative   +   *0.515,0.401,0.084 
    32  2:neutral 1:negative   +   *0.922,0.063,0.015 
    33  2:neutral  2:neutral       0.014,*0.878,0.108 
    34  2:neutral  2:neutral       0.095,*0.629,0.276 
    35  2:neutral  2:neutral       0.152,*0.757,0.091 
    36  2:neutral  2:neutral       0.021,*0.704,0.275 
    37  2:neutral  2:neutral       0.282,*0.471,0.246 
    38  2:neutral  2:neutral       0.111,*0.71,0.179 
    39  2:neutral  2:neutral       0.062,*0.689,0.25 
    40  2:neutral  2:neutral       0.063,*0.641,0.295 
    41  2:neutral  2:neutral       0.13,*0.748,0.122 
    42  2:neutral  2:neutral       0.086,*0.624,0.291 
    43  2:neutral 3:positive   +   0.254,0.07,*0.676 
    44  2:neutral 3:positive   +   0.064,0.434,*0.503 
    45  2:neutral  2:neutral       0.055,*0.816,0.129 
    46  2:neutral  2:neutral       0.05,*0.607,0.342 
    47  2:neutral  2:neutral       0.07,*0.652,0.278 
    48  2:neutral  2:neutral       0.05,*0.549,0.401 
    49  2:neutral  2:neutral       0.048,*0.879,0.074 
    50  2:neutral  2:neutral       0.073,*0.714,0.213 
    51  2:neutral  2:neutral       0.224,*0.727,0.049 
    52  2:neutral  2:neutral       0.26,*0.501,0.239 
    53  2:neutral  2:neutral       0.27,*0.412,0.318 
    54  2:neutral  2:neutral       0.125,*0.527,0.348 
    55  2:neutral  2:neutral       0.027,*0.879,0.094 
    56  2:neutral  2:neutral       0.016,*0.923,0.061 
    57  2:neutral  2:neutral       0.217,*0.41,0.372 
    58  2:neutral  2:neutral       0.087,*0.53,0.383 
    59  2:neutral  2:neutral       0.07,*0.687,0.243 
    60  2:neutral  2:neutral       0.096,*0.484,0.419 
    61  2:neutral  2:neutral       0.14,*0.662,0.198 
    62  2:neutral  2:neutral       0.195,*0.618,0.187 
    63  2:neutral  2:neutral       0.061,*0.53,0.409 
    64  2:neutral  2:neutral       0.108,*0.465,0.427 
    65  2:neutral  2:neutral       0.227,*0.666,0.107 
    66  2:neutral 3:positive   +   0.05,0.345,*0.606 
    67  2:neutral  2:neutral       0.071,*0.547,0.382 
    68  2:neutral  2:neutral       0.289,*0.405,0.305 
    69  2:neutral 3:positive   +   0.042,0.361,*0.598 
    70  2:neutral 3:positive   +   0.164,0.212,*0.625 
    71  2:neutral  2:neutral       0.157,*0.678,0.165 
    72  2:neutral 3:positive   +   0.047,0.068,*0.885 
    73  2:neutral  2:neutral       0.135,*0.592,0.273 
    74  2:neutral  2:neutral       0.065,*0.55,0.385 
    75  2:neutral  2:neutral       0.072,*0.776,0.152 
    76  2:neutral  2:neutral       0.151,*0.709,0.14 
    77  2:neutral  2:neutral       0.087,*0.522,0.391 
    78  2:neutral  2:neutral       0.073,*0.464,0.463 
    79  2:neutral  2:neutral       0.416,*0.489,0.096 
    80  2:neutral  2:neutral       0.059,*0.779,0.162 
    81  2:neutral  2:neutral       0.338,*0.427,0.235 
    82  2:neutral  2:neutral       0.068,*0.864,0.067 
    83  2:neutral 1:negative   +   *0.512,0.185,0.302 
    84  2:neutral 3:positive   +   0.026,0.191,*0.783 
    85  2:neutral 1:negative   +   *0.43,0.411,0.159 
    86  2:neutral  2:neutral       0.049,*0.826,0.125 
    87  2:neutral 3:positive   +   0.014,0.416,*0.571 
    88  2:neutral 3:positive   +   0.029,0.466,*0.505 
    89  2:neutral 1:negative   +   *0.636,0.142,0.222 
    90  2:neutral  2:neutral       0.008,*0.761,0.232 
    91  2:neutral  2:neutral       0.145,*0.679,0.176 
    92  2:neutral  2:neutral       0.185,*0.648,0.166 
    93  2:neutral  2:neutral       0.075,*0.657,0.268 
    94  2:neutral  2:neutral       0.106,*0.449,0.445 
    95  2:neutral 3:positive   +   0.125,0.414,*0.461 
    96  2:neutral  2:neutral       0.194,*0.637,0.17 
    97  2:neutral  2:neutral       0.093,*0.712,0.195 
    98  2:neutral 3:positive   +   0.052,0.38,*0.569 
    99  2:neutral  2:neutral       0.066,*0.67,0.264 
   100  2:neutral  2:neutral       0.051,*0.729,0.22 
   101  2:neutral 3:positive   +   0.153,0.374,*0.473 
   102  2:neutral 3:positive   +   0.089,0.417,*0.494 
   103  2:neutral  2:neutral       0.045,*0.673,0.282 
   104  2:neutral  2:neutral       0.214,*0.537,0.249 
   105  2:neutral  2:neutral       0.058,*0.675,0.267 
   106  2:neutral 3:positive   +   0.091,0.317,*0.592 
   107  2:neutral  2:neutral       0.095,*0.681,0.224 
   108  2:neutral  2:neutral       0.038,*0.874,0.088 
   109  2:neutral  2:neutral       0.019,*0.713,0.268 
   110  2:neutral  2:neutral       0.115,*0.696,0.189 
   111  2:neutral  2:neutral       0.064,*0.622,0.315 
   112  2:neutral  2:neutral       0.021,*0.787,0.192 
   113  2:neutral  2:neutral       0.029,*0.683,0.288 
   114  2:neutral  2:neutral       0.106,*0.46,0.435 
   115  2:neutral  2:neutral       0.065,*0.681,0.253 
   116  2:neutral  2:neutral       0.107,*0.625,0.269 
   117  2:neutral  2:neutral       0.053,*0.862,0.085 
   118  2:neutral  2:neutral       0.137,*0.458,0.405 
   119  2:neutral  2:neutral       0.045,*0.861,0.094 
   120  2:neutral 3:positive   +   0.06,0.275,*0.665 
   121  2:neutral  2:neutral       0.068,*0.596,0.336 
   122  2:neutral 3:positive   +   0.097,0.319,*0.584 
   123  2:neutral  2:neutral       0.114,*0.838,0.048 
   124  2:neutral  2:neutral       0.059,*0.902,0.039 
   125  2:neutral  2:neutral       0.141,*0.622,0.237 
   126  2:neutral  2:neutral       0.078,*0.559,0.363 
   127  2:neutral  2:neutral       0.054,*0.823,0.123 
   128  2:neutral 3:positive   +   0.038,0.286,*0.676 
   129  2:neutral  2:neutral       0.16,*0.539,0.301 
   130  2:neutral  2:neutral       0.105,*0.719,0.176 
   131  2:neutral  2:neutral       0.326,*0.387,0.287 
   132  2:neutral  2:neutral       0.088,*0.685,0.227 
   133  2:neutral  2:neutral       0.116,*0.68,0.204 
   134  2:neutral  2:neutral       0.024,*0.794,0.183 
   135  2:neutral  2:neutral       0.026,*0.883,0.091 
   136  2:neutral  2:neutral       0.013,*0.793,0.193 
   137  2:neutral  2:neutral       0.08,*0.705,0.215 
   138  2:neutral  2:neutral       0.073,*0.624,0.303 
   139  2:neutral  2:neutral       0.339,*0.488,0.173 
   140  2:neutral  2:neutral       0.125,*0.679,0.196 
   141  2:neutral  2:neutral       0.048,*0.627,0.325 
   142  2:neutral  2:neutral       0.224,*0.579,0.197 
   143  2:neutral  2:neutral       0.137,*0.675,0.189 
   144  2:neutral  2:neutral       0.141,*0.645,0.214 
   145  2:neutral 3:positive   +   0.215,0.188,*0.597 
   146  2:neutral 1:negative   +   *0.434,0.411,0.155 
   147  2:neutral  2:neutral       0.018,*0.75,0.232 
   148  2:neutral  2:neutral       0.114,*0.684,0.202 
   149  2:neutral 3:positive   +   0.169,0.358,*0.473 
   150  2:neutral  2:neutral       0.101,*0.781,0.119 
   151  2:neutral  2:neutral       0.077,*0.621,0.302 
   152  2:neutral  2:neutral       0.035,*0.84,0.125 
   153  2:neutral  2:neutral       0.042,*0.864,0.094 
   154  2:neutral  2:neutral       0.231,*0.617,0.152 
   155  2:neutral 3:positive   +   0.036,0.283,*0.681 
   156  2:neutral 3:positive   +   0.1,0.277,*0.623 
   157  2:neutral  2:neutral       0.036,*0.687,0.277 
   158  2:neutral  2:neutral       0.067,*0.808,0.125 
   159  2:neutral  2:neutral       0.108,*0.823,0.069 
   160  2:neutral  2:neutral       0.008,*0.531,0.461 
   161  2:neutral  2:neutral       0.202,*0.641,0.158 
   162  2:neutral  2:neutral       0.037,*0.734,0.228 
   163  2:neutral  2:neutral       0.014,*0.866,0.119 
   164  2:neutral  2:neutral       0.124,*0.67,0.206 
   165  2:neutral  2:neutral       0.068,*0.84,0.092 
   166  2:neutral  2:neutral       0.069,*0.825,0.106 
   167  2:neutral  2:neutral       0.199,*0.51,0.291 
   168  2:neutral  2:neutral       0.057,*0.816,0.127 
   169  2:neutral  2:neutral       0.244,*0.505,0.252 
   170  2:neutral  2:neutral       0.06,*0.712,0.228 
   171  2:neutral  2:neutral       0.081,*0.577,0.343 
   172  2:neutral  2:neutral       0.098,*0.624,0.278 
   173  2:neutral 1:negative   +   *0.771,0.178,0.051 
   174  2:neutral  2:neutral       0.101,*0.599,0.3 
   175  2:neutral  2:neutral       0.095,*0.675,0.23 
   176  2:neutral  2:neutral       0.282,*0.603,0.115 
   177  2:neutral  2:neutral       0.025,*0.796,0.18 
   178  2:neutral  2:neutral       0.178,*0.684,0.138 
   179  2:neutral  2:neutral       0.128,*0.608,0.264 
   180  2:neutral  2:neutral       0.052,*0.801,0.148 
   181  2:neutral  2:neutral       0.056,*0.777,0.166 
   182  2:neutral 1:negative   +   *0.909,0.08,0.011 
   183  2:neutral  2:neutral       0.061,*0.642,0.298 
   184  2:neutral 3:positive   +   0.076,0.272,*0.652 
   185  2:neutral  2:neutral       0.052,*0.762,0.186 
   186  2:neutral  2:neutral       0.021,*0.557,0.422 
   187  2:neutral  2:neutral       0.052,*0.476,0.472 
   188  2:neutral 3:positive   +   0.06,0.416,*0.524 
   189  2:neutral 1:negative   +   *0.774,0.183,0.044 
   190  2:neutral  2:neutral       0.243,*0.673,0.084 
   191  2:neutral  2:neutral       0.184,*0.661,0.156 
   192  2:neutral  2:neutral       0.054,*0.792,0.153 
   193  2:neutral  2:neutral       0.018,*0.544,0.437 
   194  2:neutral  2:neutral       0.093,*0.815,0.092 
   195  2:neutral 3:positive   +   0.113,0.288,*0.599 
   196  2:neutral  2:neutral       0.103,*0.675,0.222 
   197  2:neutral  2:neutral       0.118,*0.628,0.254 
   198  2:neutral  2:neutral       0.311,*0.431,0.258 
   199  2:neutral 3:positive   +   0.148,0.271,*0.582 
   200  2:neutral  2:neutral       0.052,*0.588,0.36 
   201  2:neutral  2:neutral       0.028,*0.94,0.032 
   202  2:neutral  2:neutral       0.066,*0.689,0.244 
   203  2:neutral  2:neutral       0.119,*0.509,0.372 
   204  2:neutral  2:neutral       0.025,*0.945,0.03 
   205  2:neutral  2:neutral       0.02,*0.669,0.311 
   206  2:neutral  2:neutral       0.349,*0.482,0.169 
   207  2:neutral  2:neutral       0.078,*0.604,0.318 
   208  2:neutral  2:neutral       0.042,*0.788,0.171 
   209  2:neutral  2:neutral       0.048,*0.735,0.217 
   210  2:neutral 1:negative   +   *0.343,0.338,0.319 
   211  2:neutral  2:neutral       0.022,*0.77,0.208 
   212  2:neutral  2:neutral       0.029,*0.883,0.088 
   213  2:neutral  2:neutral       0.092,*0.748,0.159 
   214  2:neutral  2:neutral       0.13,*0.685,0.185 
   215  2:neutral  2:neutral       0.144,*0.644,0.212 
   216  2:neutral  2:neutral       0.057,*0.476,0.467 
   217  2:neutral  2:neutral       0.044,*0.847,0.11 
   218  2:neutral 3:positive   +   0.18,0.384,*0.437 
   219  2:neutral  2:neutral       0.18,*0.695,0.126 
   220  2:neutral  2:neutral       0.066,*0.656,0.278 
   221  2:neutral 3:positive   +   0.277,0.295,*0.427 
   222  2:neutral 3:positive   +   0.106,0.328,*0.566 
   223  2:neutral  2:neutral       0.107,*0.651,0.242 
   224  2:neutral  2:neutral       0.19,*0.571,0.239 
   225  2:neutral  2:neutral       0.049,*0.819,0.132 
   226  2:neutral  2:neutral       0.063,*0.786,0.151 
   227  2:neutral  2:neutral       0.056,*0.831,0.113 
   228  2:neutral  2:neutral       0.033,*0.518,0.45 
   229  2:neutral  2:neutral       0.024,*0.676,0.3 
   230  2:neutral 1:negative   +   *0.566,0.251,0.183 
   231  2:neutral  2:neutral       0.052,*0.835,0.113 
   232  2:neutral  2:neutral       0.304,*0.435,0.261 
   233  2:neutral 3:positive   +   0.196,0.4,*0.404 
   234  2:neutral 3:positive   +   0.031,0.409,*0.56 
   235  2:neutral  2:neutral       0.173,*0.722,0.104 
   236  2:neutral  2:neutral       0.112,*0.578,0.31 
   237  2:neutral  2:neutral       0.029,*0.512,0.459 
   238  2:neutral  2:neutral       0.287,*0.593,0.119 
   239  2:neutral 3:positive   +   0.098,0.439,*0.462 
   240  2:neutral  2:neutral       0.09,*0.68,0.23 
   241  2:neutral 1:negative   +   *0.457,0.418,0.125 
   242  2:neutral  2:neutral       0.063,*0.846,0.091 
   243  2:neutral 3:positive   +   0.022,0.489,*0.489 
   244  2:neutral  2:neutral       0.05,*0.794,0.156 
   245  2:neutral  2:neutral       0.142,*0.711,0.147 
   246  2:neutral 3:positive   +   0.011,0.307,*0.682 
   247  2:neutral  2:neutral       0.014,*0.952,0.034 
   248  2:neutral 3:positive   +   0.053,0.37,*0.577 
   249  2:neutral 3:positive   +   0.12,0.272,*0.608 
   250  2:neutral  2:neutral       0.064,*0.753,0.182 
   251  2:neutral  2:neutral       0.105,*0.524,0.371 
   252  2:neutral  2:neutral       0.102,*0.71,0.187 
   253  2:neutral  2:neutral       0.246,*0.641,0.114 
   254  2:neutral  2:neutral       0.142,*0.754,0.104 
   255  2:neutral  2:neutral       0.023,*0.769,0.208 
   256  2:neutral  2:neutral       0.102,*0.509,0.389 
   257  2:neutral  2:neutral       0.095,*0.681,0.224 
   258  2:neutral  2:neutral       0.061,*0.859,0.08 
   259  2:neutral  2:neutral       0.057,*0.515,0.429 
   260  2:neutral  2:neutral       0.062,*0.832,0.106 
   261  2:neutral 3:positive   +   0.015,0.364,*0.62 
   262  2:neutral  2:neutral       0.024,*0.725,0.251 
   263  2:neutral  2:neutral       0.07,*0.655,0.276 
   264  2:neutral  2:neutral       0.038,*0.895,0.067 
   265  2:neutral  2:neutral       0.149,*0.463,0.388 
   266  2:neutral 3:positive   +   0.095,0.363,*0.542 
   267  2:neutral 3:positive   +   0.12,0.22,*0.66 
   268  2:neutral  2:neutral       0.187,*0.649,0.164 
   269  2:neutral  2:neutral       0.218,*0.502,0.28 
   270  2:neutral 3:positive   +   0.286,0.239,*0.475 
   271  2:neutral 1:negative   +   *0.562,0.17,0.268 
   272  2:neutral 3:positive   +   0.168,0.232,*0.6 
   273  2:neutral  2:neutral       0.397,*0.443,0.16 
   274  2:neutral  2:neutral       0.071,*0.566,0.363 
   275  2:neutral 3:positive   +   0.285,0.178,*0.537 
   276  2:neutral  2:neutral       0.031,*0.832,0.137 
   277  2:neutral  2:neutral       0.012,*0.656,0.332 
   278  2:neutral  2:neutral       0.051,*0.831,0.118 
   279  2:neutral 1:negative   +   *0.35,0.312,0.338 
   280  2:neutral 3:positive   +   0.017,0.323,*0.66 
   281  2:neutral  2:neutral       0.107,*0.694,0.198 
   282  2:neutral  2:neutral       0.054,*0.855,0.092 
   283  2:neutral  2:neutral       0.3,*0.41,0.291 
   284  2:neutral  2:neutral       0.044,*0.629,0.327 
   285  2:neutral  2:neutral       0.014,*0.929,0.056 
   286  2:neutral 3:positive   +   0.136,0.428,*0.435 
   287  2:neutral  2:neutral       0.033,*0.916,0.051 
   288  2:neutral  2:neutral       0.114,*0.758,0.127 
   289  2:neutral  2:neutral       0.063,*0.653,0.284 
   290  2:neutral  2:neutral       0.025,*0.526,0.45 
   291  2:neutral  2:neutral       0.166,*0.519,0.316 
   292  2:neutral 1:negative   +   *0.593,0.242,0.165 
   293  2:neutral 3:positive   +   0.035,0.275,*0.69 
   294  2:neutral 3:positive   +   0.148,0.359,*0.493 
   295  2:neutral  2:neutral       0.129,*0.792,0.079 
   296  2:neutral  2:neutral       0.088,*0.685,0.227 
   297  2:neutral 3:positive   +   0.097,0.364,*0.54 
   298  2:neutral  2:neutral       0.112,*0.596,0.292 
   299  2:neutral  2:neutral       0.227,*0.631,0.141 
   300  2:neutral  2:neutral       0.032,*0.931,0.037 
   301  2:neutral  2:neutral       0.043,*0.7,0.257 
   302  2:neutral  2:neutral       0.048,*0.69,0.262 
   303  2:neutral 3:positive   +   0.067,0.191,*0.742 
   304  2:neutral 3:positive   +   0.113,0.302,*0.586 
   305  2:neutral  2:neutral       0.041,*0.771,0.188 
   306  2:neutral  2:neutral       0.1,*0.605,0.295 
   307  2:neutral  2:neutral       0.038,*0.608,0.353 
   308  2:neutral  2:neutral       0.133,*0.851,0.016 
   309  2:neutral 3:positive   +   0.048,0.384,*0.568 
   310  2:neutral  2:neutral       0.052,*0.92,0.029 
   311  2:neutral  2:neutral       0.165,*0.559,0.276 
   312  2:neutral  2:neutral       0.078,*0.679,0.243 
   313  2:neutral  2:neutral       0.229,*0.657,0.114 
   314  2:neutral  2:neutral       0.191,*0.636,0.173 
   315  2:neutral  2:neutral       0.025,*0.504,0.472 
   316  2:neutral 3:positive   +   0.015,0.156,*0.829 
   317  2:neutral  2:neutral       0.112,*0.591,0.297 
   318  2:neutral  2:neutral       0.095,*0.716,0.19 
   319  2:neutral  2:neutral       0.09,*0.54,0.37 
   320  2:neutral  2:neutral       0.222,*0.71,0.068 
   321  2:neutral  2:neutral       0.164,*0.648,0.188 
   322  2:neutral  2:neutral       0.049,*0.827,0.124 
   323  2:neutral  2:neutral       0.126,*0.518,0.356 
   324  2:neutral  2:neutral       0.118,*0.795,0.087 
   325  2:neutral  2:neutral       0.054,*0.68,0.266 
   326  2:neutral  2:neutral       0.063,*0.746,0.191 
   327  2:neutral 1:negative   +   *0.504,0.249,0.246 
   328  2:neutral 1:negative   +   *0.597,0.267,0.135 
   329  2:neutral  2:neutral       0.238,*0.631,0.132 
   330  2:neutral  2:neutral       0.041,*0.873,0.086 
   331  2:neutral 3:positive   +   0.059,0.433,*0.508 
   332  2:neutral  2:neutral       0.132,*0.686,0.182 
   333  2:neutral  2:neutral       0.019,*0.867,0.114 
   334  2:neutral  2:neutral       0.214,*0.479,0.307 
   335  2:neutral  2:neutral       0.082,*0.618,0.3 
   336  2:neutral  2:neutral       0.116,*0.568,0.317 
   337  2:neutral  2:neutral       0.044,*0.839,0.116 
   338  2:neutral  2:neutral       0.07,*0.584,0.346 
   339  2:neutral  2:neutral       0.041,*0.817,0.143 
   340  2:neutral  2:neutral       0.289,*0.56,0.152 
   341  2:neutral  2:neutral       0.054,*0.667,0.279 
   342  2:neutral 3:positive   +   0.051,0.119,*0.83 
   343  2:neutral  2:neutral       0.222,*0.567,0.211 
   344  2:neutral  2:neutral       0.028,*0.614,0.359 
   345  2:neutral  2:neutral       0.078,*0.771,0.151 
   346  2:neutral 3:positive   +   0.114,0.412,*0.474 
   347  2:neutral  2:neutral       0.095,*0.681,0.224 
   348  2:neutral  2:neutral       0.218,*0.558,0.224 
   349  2:neutral  2:neutral       0.191,*0.626,0.183 
   350  2:neutral  2:neutral       0.058,*0.615,0.327 
   351  2:neutral  2:neutral       0.068,*0.695,0.237 
   352  2:neutral  2:neutral       0.067,*0.654,0.279 
   353  2:neutral  2:neutral       0.339,*0.401,0.26 
   354  2:neutral 1:negative   +   *0.897,0.04,0.063 
   355  2:neutral  2:neutral       0.095,*0.681,0.224 
   356  2:neutral 3:positive   +   0.226,0.335,*0.439 
   357  2:neutral  2:neutral       0.06,*0.524,0.416 
   358  2:neutral  2:neutral       0.114,*0.55,0.336 
