Zero Weights processed. Default weights will be used
..
Warning: using -h 0 may be faster
*
optimization finished, #iter = 2198
C = 1579.6587951276358
obj = 808412.3068344421, rho = -36.238954554419834
nSV = 2246, nBSV = 676
Total nSV = 2246
..
Warning: using -h 0 may be faster
*
optimization finished, #iter = 2301
C = 1613.9875959697765
obj = 836659.471824388, rho = -45.54960528918614
nSV = 2279, nBSV = 661
Total nSV = 2279
..
Warning: using -h 0 may be faster
*
optimization finished, #iter = 2329
C = 1575.986378061019
obj = 797334.184110014, rho = -25.50040443482123
nSV = 2277, nBSV = 654
Total nSV = 2277
..
Warning: using -h 0 may be faster
*
optimization finished, #iter = 2250
C = 1709.2413946550448
obj = 911537.2871356406, rho = -27.282395882436823
nSV = 2262, nBSV = 644
Total nSV = 2262
..
Warning: using -h 0 may be faster
*
optimization finished, #iter = 2305
C = 1623.640909267354
obj = 835385.9845852664, rho = -31.2133079100116
nSV = 2263, nBSV = 651
Total nSV = 2263
..
Warning: using -h 0 may be faster
*
optimization finished, #iter = 2805
C = 1684.632087578749
obj = 1052787.236350005, rho = -35.65447192031852
nSV = 2714, nBSV = 871
...
Warning: using -h 0 may be faster
*
optimization finished, #iter = 3707
C = 4023.7103723074824
obj = 3903395.150889301, rho = -42.81934386995364
nSV = 3806, nBSV = 959
Total nSV = 3806
...
Warning: using -h 0 may be faster
*
optimization finished, #iter = 3596
C = 3638.5972775468986
obj = 3411640.638533492, rho = -192.60307307045895
nSV = 3774, nBSV = 954
Total nSV = 3774
...
Warning: using -h 0 may be faster
*
optimization finished, #iter = 3900
C = 3914.0634572457816
obj = 3675233.105483122, rho = -180.8863626015953
nSV = 3869, nBSV = 926
Total nSV = 3869
...
Warning: using -h 0 may be faster
*
optimization finished, #iter = 3682
C = 3805.1445835051886
obj = 3614868.520310159, rho = -183.4502617907378
nSV = 3809, nBSV = 939
Total nSV = 3809
...
Warning: using -h 0 may be faster
*
optimization finished, #iter = 3454
C = 3839.11095939308
obj = 3753759.05629853, rho = -189.42939592035572
nSV = 3786, nBSV = 978
Total nSV = 3786
....
Warning: using -h 0 may be faster
*.
Warning: using -h 0 may be faster
*
optimization finished, #iter = 4492
C = 4097.029008077651
obj = 4749870.202723669, rho = -42.31751440182622
nSV = 4529, nBSV = 1261
..
Warning: using -h 0 may be faster
*
optimization finished, #iter = 2692
C = 1884.4316556697227
obj = 1136841.8647199764, rho = -93.84991692278562
nSV = 2682, nBSV = 734
Total nSV = 2682
..
Warning: using -h 0 may be faster
*
optimization finished, #iter = 2591
C = 1728.6845268855795
obj = 1004559.6919765407, rho = -66.41625295220938
nSV = 2660, nBSV = 757
Total nSV = 2660
..
Warning: using -h 0 may be faster
*
optimization finished, #iter = 2578
C = 1736.7581874060209
obj = 1031884.1015751259, rho = -83.5915076408009
nSV = 2651, nBSV = 733
Total nSV = 2651
..
Warning: using -h 0 may be faster
*
optimization finished, #iter = 2372
C = 1776.2090390842436
obj = 1067344.1760794146, rho = -53.53325250002148
nSV = 2590, nBSV = 796
Total nSV = 2590
..
Warning: using -h 0 may be faster
*
optimization finished, #iter = 2622
C = 1884.7588204499882
obj = 1160461.0077169398, rho = -67.64735911468702
nSV = 2651, nBSV = 755
Total nSV = 2651
..
Warning: using -h 0 may be faster
*
optimization finished, #iter = 2948
C = 1872.0963107127357
obj = 1346832.7372775555, rho = -7.227353231166172
nSV = 3153, nBSV = 1042
Total nSV = 7354
.
Warning: using -h 0 may be faster
*
optimization finished, #iter = 1899
C = 1640.6166406307834
obj = 712103.4608699792, rho = -13.632875677875465
nSV = 1899, nBSV = 494
Total nSV = 1899
.
Warning: using -h 0 may be faster
*
optimization finished, #iter = 1728
C = 1502.5318321703667
obj = 650744.9722152089, rho = -32.192405159079065
nSV = 1841, nBSV = 501
Total nSV = 1841
.
Warning: using -h 0 may be faster
*
optimization finished, #iter = 1748
C = 1490.9834367450283
obj = 642897.569594382, rho = -11.430628101361254
nSV = 1851, nBSV = 513
Total nSV = 1851
.
Warning: using -h 0 may be faster
*
optimization finished, #iter = 1736
C = 1566.638967221192
obj = 681351.8901084164, rho = -31.7393221990621
nSV = 1846, nBSV = 493
Total nSV = 1846
.
Warning: using -h 0 may be faster
*
optimization finished, #iter = 1839
C = 1540.3382109750914
obj = 655132.4379311514, rho = -23.90900112117798
nSV = 1849, nBSV = 521
Total nSV = 1849
..
Warning: using -h 0 may be faster
*
optimization finished, #iter = 2241
C = 1596.0998655503
obj = 815383.2536849818, rho = -35.88627342797191
nSV = 2257, nBSV = 676
...
Warning: using -h 0 may be faster
*
optimization finished, #iter = 3055
C = 3532.1011345537067
obj = 2754513.7426484325, rho = -28.711557860091293
nSV = 3165, nBSV = 679
Total nSV = 3165
...
Warning: using -h 0 may be faster
*
optimization finished, #iter = 3117
C = 3491.7595186610965
obj = 2738811.232361455, rho = -154.91223543766824
nSV = 3163, nBSV = 660
Total nSV = 3163
...
Warning: using -h 0 may be faster
*
optimization finished, #iter = 3124
C = 3420.1688625615743
obj = 2626633.6851480794, rho = -148.8835225613601
nSV = 3181, nBSV = 676
Total nSV = 3181
...
Warning: using -h 0 may be faster
*
optimization finished, #iter = 3031
C = 3434.988336556243
obj = 2698410.3032835135, rho = -162.1126349901566
nSV = 3174, nBSV = 686
Total nSV = 3174
..
Warning: using -h 0 may be faster
*
optimization finished, #iter = 2904
C = 3442.174026692632
obj = 2689472.0971566373, rho = -156.93267808258156
nSV = 3124, nBSV = 698
Total nSV = 3124
...
Warning: using -h 0 may be faster
*
optimization finished, #iter = 3572
C = 3603.8957087137032
obj = 3347073.873436503, rho = -25.742832819984134
nSV = 3762, nBSV = 946
.
Warning: using -h 0 may be faster
*
optimization finished, #iter = 1953
C = 1720.3538939425239
obj = 878504.8641479438, rho = -8.056599476715592
nSV = 2172, nBSV = 564
Total nSV = 2172
.
Warning: using -h 0 may be faster
*
optimization finished, #iter = 1962
C = 1596.976201908862
obj = 801203.7236495789, rho = -70.70067318345971
nSV = 2142, nBSV = 570
Total nSV = 2142
..
Warning: using -h 0 may be faster
*
optimization finished, #iter = 2191
C = 1684.1748483704641
obj = 852629.5763170135, rho = -78.06811696130531
nSV = 2193, nBSV = 567
Total nSV = 2193
..
Warning: using -h 0 may be faster
*
optimization finished, #iter = 2213
C = 1649.7298841140384
obj = 821027.0401618343, rho = -74.70720687425396
nSV = 2174, nBSV = 562
Total nSV = 2174
..
Warning: using -h 0 may be faster
*
optimization finished, #iter = 2060
C = 1614.29879269022
obj = 813979.385987839, rho = -68.98221100237949
nSV = 2148, nBSV = 576
Total nSV = 2148
..
Warning: using -h 0 may be faster
*
optimization finished, #iter = 2408
C = 1707.1786849505825
obj = 1027030.3421708707, rho = 4.04594266110528
nSV = 2594, nBSV = 788
Total nSV = 5975
.
Warning: using -h 0 may be faster
*
optimization finished, #iter = 1815
C = 1559.5286600325674
obj = 664931.0468399131, rho = -14.847598718296236
nSV = 1851, nBSV = 509
Total nSV = 1851
.
Warning: using -h 0 may be faster
*
optimization finished, #iter = 1772
C = 1641.3648297853351
obj = 706243.2367608966, rho = -22.40734302636094
nSV = 1846, nBSV = 520
Total nSV = 1846
.
Warning: using -h 0 may be faster
*
optimization finished, #iter = 1839
C = 1598.2123022624835
obj = 690539.9793374205, rho = -55.368024901761586
nSV = 1842, nBSV = 498
Total nSV = 1842
.
Warning: using -h 0 may be faster
*
optimization finished, #iter = 1810
C = 1565.6498334830555
obj = 676014.3084197356, rho = -48.77594917189523
nSV = 1870, nBSV = 471
Total nSV = 1870
.
Warning: using -h 0 may be faster
*
optimization finished, #iter = 1879
C = 1652.0109283605198
obj = 716520.4803741769, rho = -42.300214569662785
nSV = 1868, nBSV = 474
Total nSV = 1868
..
Warning: using -h 0 may be faster
*
optimization finished, #iter = 2094
C = 1652.2892517689845
obj = 872454.997080373, rho = -33.06345133080501
nSV = 2236, nBSV = 703
..
Warning: using -h 0 may be faster
*
optimization finished, #iter = 2958
C = 3391.9777443220005
obj = 2546775.908358801, rho = -37.34519822987684
nSV = 3104, nBSV = 703
Total nSV = 3104
..
Warning: using -h 0 may be faster
*
optimization finished, #iter = 2819
C = 3304.338373936399
obj = 2542184.041610469, rho = -42.36873200560558
nSV = 3051, nBSV = 735
Total nSV = 3051
..
Warning: using -h 0 may be faster
*
optimization finished, #iter = 2772
C = 3271.415307946786
obj = 2518276.7832168937, rho = -55.822100147114476
nSV = 3048, nBSV = 731
Total nSV = 3048
..
Warning: using -h 0 may be faster
*
optimization finished, #iter = 2954
C = 3460.6117804848363
obj = 2649810.8171525286, rho = -42.49453471255429
nSV = 3094, nBSV = 718
Total nSV = 3094
..
Warning: using -h 0 may be faster
*
optimization finished, #iter = 2825
C = 3322.7739409893093
obj = 2554133.1495017256, rho = -33.07247423323712
nSV = 3076, nBSV = 735
Total nSV = 3076
...
Warning: using -h 0 may be faster
*
optimization finished, #iter = 3771
C = 3791.3650586733197
obj = 3475741.7821954456, rho = -94.7120116329974
nSV = 3861, nBSV = 933
.
Warning: using -h 0 may be faster
*
optimization finished, #iter = 1857
C = 1666.081494816756
obj = 843874.4172664047, rho = 2.632825539143947
nSV = 2119, nBSV = 586
Total nSV = 2119
.
Warning: using -h 0 may be faster
*
optimization finished, #iter = 1976
C = 1659.5948390561077
obj = 818320.90851781, rho = -71.13446661055282
nSV = 2140, nBSV = 585
Total nSV = 2140
..
Warning: using -h 0 may be faster
*
optimization finished, #iter = 2022
C = 1682.969055187648
obj = 840957.3367686811, rho = -62.18763284674412
nSV = 2183, nBSV = 565
Total nSV = 2183
..
Warning: using -h 0 may be faster
*
optimization finished, #iter = 2032
C = 1665.8188706205449
obj = 820397.5636696257, rho = -75.58067719877256
nSV = 2173, nBSV = 575
Total nSV = 2173
.
Warning: using -h 0 may be faster
*
optimization finished, #iter = 1975
C = 1756.9442374366358
obj = 891119.510505682, rho = -74.21019056440053
nSV = 2146, nBSV = 566
Total nSV = 2146
..
Warning: using -h 0 may be faster
*
optimization finished, #iter = 2478
C = 1795.5852333421103
obj = 1070405.509411614, rho = -4.598803382972274
nSV = 2615, nBSV = 747
Total nSV = 6037
..
Warning: using -h 0 may be faster
*
optimization finished, #iter = 2861
C = 3559.5020442835894
obj = 2897833.1500899666, rho = -197.9241970874881
nSV = 3128, nBSV = 701
Total nSV = 3128
..
Warning: using -h 0 may be faster
*
optimization finished, #iter = 2788
C = 3451.0943683750606
obj = 2699406.140755304, rho = -150.11957585082857
nSV = 3103, nBSV = 727
Total nSV = 3103
..
Warning: using -h 0 may be faster
*
optimization finished, #iter = 2854
C = 3520.5015071423727
obj = 2762793.353905606, rho = -137.65181192656163
nSV = 3147, nBSV = 698
Total nSV = 3147
..
Warning: using -h 0 may be faster
*
optimization finished, #iter = 2877
C = 3434.2534348691056
obj = 2702547.1296857065, rho = -147.12038795353257
nSV = 3111, nBSV = 718
Total nSV = 3111
..
Warning: using -h 0 may be faster
*
optimization finished, #iter = 2765
C = 3425.029369700579
obj = 2682550.7101945966, rho = -175.34122093303125
nSV = 3114, nBSV = 713
Total nSV = 3114
...
Warning: using -h 0 may be faster
*
optimization finished, #iter = 3597
C = 3761.898532433208
obj = 3571516.988887903, rho = -171.39678545763593
nSV = 3803, nBSV = 954
.
Warning: using -h 0 may be faster
*
optimization finished, #iter = 1986
C = 1808.1716385335696
obj = 912125.06283842, rho = -13.078100517800575
nSV = 2173, nBSV = 567
Total nSV = 2173
..
Warning: using -h 0 may be faster
*
optimization finished, #iter = 2005
C = 1700.6964717425467
obj = 833861.5893573693, rho = 8.4096823149575
nSV = 2157, nBSV = 574
Total nSV = 2157
..
Warning: using -h 0 may be faster
*
optimization finished, #iter = 2241
C = 1837.0377105873938
obj = 914024.2119967612, rho = -8.773255041940613
nSV = 2219, nBSV = 570
Total nSV = 2219
.
Warning: using -h 0 may be faster
*
optimization finished, #iter = 1945
C = 1773.789666022124
obj = 909922.5091691505, rho = 6.9507627857795935
nSV = 2169, nBSV = 585
Total nSV = 2169
.
Warning: using -h 0 may be faster
*
optimization finished, #iter = 1970
C = 1763.9687594090692
obj = 892286.0168869857, rho = 10.725507603756926
nSV = 2184, nBSV = 592
Total nSV = 2184
..
Warning: using -h 0 may be faster
*
optimization finished, #iter = 2586
C = 1888.8210220782832
obj = 1144665.3193602534, rho = -82.76018316307774
nSV = 2681, nBSV = 739
.
Warning: using -h 0 may be faster
*
optimization finished, #iter = 1798
C = 1570.3622461188727
obj = 679174.7912798027, rho = -37.61652174789096
nSV = 1850, nBSV = 509
Total nSV = 1850
.
Warning: using -h 0 may be faster
*
optimization finished, #iter = 1712
C = 1499.3125464002392
obj = 652841.0574908071, rho = -34.057492946986876
nSV = 1821, nBSV = 516
Total nSV = 1821
.
Warning: using -h 0 may be faster
*
optimization finished, #iter = 1902
C = 1702.4958767105197
obj = 741416.6257225224, rho = -36.36263641826358
nSV = 1917, nBSV = 489
Total nSV = 1917
.
Warning: using -h 0 may be faster
*
optimization finished, #iter = 1764
C = 1607.7833217700593
obj = 711234.115394835, rho = -42.841142016532324
nSV = 1860, nBSV = 500
Total nSV = 1860
.
Warning: using -h 0 may be faster
*
optimization finished, #iter = 1835
C = 1709.363091844518
obj = 772497.2259437558, rho = -46.829788172634764
nSV = 1889, nBSV = 492
Total nSV = 1889
..
Warning: using -h 0 may be faster
*
optimization finished, #iter = 2331
C = 1683.3966814401322
obj = 885119.1988705266, rho = -42.91574646483103
nSV = 2266, nBSV = 651
Total nSV = 6071
.
Warning: using -h 0 may be faster
*
optimization finished, #iter = 1801
C = 1550.4219129933306
obj = 695916.5428366223, rho = -15.21924820079707
nSV = 1857, nBSV = 491
Total nSV = 1857
.
Warning: using -h 0 may be faster
*
optimization finished, #iter = 1790
C = 1630.8392100985075
obj = 731218.3493120577, rho = -41.52989464196969
nSV = 1880, nBSV = 491
Total nSV = 1880
.
Warning: using -h 0 may be faster
*
optimization finished, #iter = 1787
C = 1612.039620590781
obj = 718608.2553603565, rho = -29.842544059911088
nSV = 1867, nBSV = 488
Total nSV = 1867
.
Warning: using -h 0 may be faster
*
optimization finished, #iter = 1753
C = 1519.6375140053217
obj = 662642.5957265157, rho = -51.47146205461228
nSV = 1841, nBSV = 503
Total nSV = 1841
.
Warning: using -h 0 may be faster
*
optimization finished, #iter = 1789
C = 1508.0332993039249
obj = 660286.8338527429, rho = -28.08771178220966
nSV = 1840, nBSV = 494
Total nSV = 1840
..
Warning: using -h 0 may be faster
*
optimization finished, #iter = 2326
C = 1629.9525453878093
obj = 869174.64261042, rho = -45.320181369586436
nSV = 2274, nBSV = 647
.
Warning: using -h 0 may be faster
*
optimization finished, #iter = 1898
C = 1560.1276104338576
obj = 782514.3774924135, rho = -48.072615686236006
nSV = 2105, nBSV = 593
Total nSV = 2105
.
Warning: using -h 0 may be faster
*
optimization finished, #iter = 1937
C = 1663.2456574988653
obj = 826578.0691204801, rho = -19.872190384161716
nSV = 2146, nBSV = 585
Total nSV = 2146
..
Warning: using -h 0 may be faster
*
optimization finished, #iter = 2006
C = 1676.3759777390133
obj = 811403.2331832282, rho = -19.34478087519111
nSV = 2159, nBSV = 572
Total nSV = 2159
..
Warning: using -h 0 may be faster
*
optimization finished, #iter = 2048
C = 1719.644414157695
obj = 849001.0745462145, rho = -26.277940563771896
nSV = 2176, nBSV = 583
Total nSV = 2176
.
Warning: using -h 0 may be faster
*
optimization finished, #iter = 1991
C = 1575.8485206014793
obj = 773418.6733086644, rho = -17.448884175444032
nSV = 2130, nBSV = 586
Total nSV = 2130
..
Warning: using -h 0 may be faster
*
optimization finished, #iter = 2576
C = 1768.698714926397
obj = 1042072.7870982244, rho = -18.759362252821543
nSV = 2617, nBSV = 777
...
Warning: using -h 0 may be faster
*
optimization finished, #iter = 3050
C = 3494.3397341315226
obj = 2753921.7461387794, rho = -150.5436303408207
nSV = 3199, nBSV = 700
Total nSV = 3199
...
Warning: using -h 0 may be faster
*
optimization finished, #iter = 3008
C = 3602.6280264169877
obj = 2859069.247257332, rho = -144.13773823931302
nSV = 3160, nBSV = 699
Total nSV = 3160
..
Warning: using -h 0 may be faster
*
optimization finished, #iter = 2765
C = 3287.0425833107806
obj = 2491545.126471464, rho = -150.7945332817179
nSV = 3081, nBSV = 727
Total nSV = 3081
..
Warning: using -h 0 may be faster
*
optimization finished, #iter = 2810
C = 3286.290809554159
obj = 2549010.4023813577, rho = -138.85887600781598
nSV = 3077, nBSV = 726
Total nSV = 3077
..
Warning: using -h 0 may be faster
*
optimization finished, #iter = 2721
C = 3195.420385048842
obj = 2520069.8383725933, rho = -140.40067219720248
nSV = 3059, nBSV = 753
Total nSV = 3059
...
Warning: using -h 0 may be faster
*
optimization finished, #iter = 3783
C = 3718.2336896784245
obj = 3518171.794696567, rho = -36.776176388981675
nSV = 3788, nBSV = 923
Total nSV = 6054
.
Warning: using -h 0 may be faster
*
optimization finished, #iter = 1967
C = 1598.4076759844
obj = 783842.8828643342, rho = -0.5237329644613692
nSV = 2139, nBSV = 592
Total nSV = 2139
..
Warning: using -h 0 may be faster
*
optimization finished, #iter = 2027
C = 1719.6282912884383
obj = 848787.0117312996, rho = -52.53222417985285
nSV = 2162, nBSV = 581
Total nSV = 2162
.
Warning: using -h 0 may be faster
*
optimization finished, #iter = 1981
C = 1691.2889668097062
obj = 831946.3662182223, rho = -57.30124822692106
nSV = 2123, nBSV = 585
Total nSV = 2123
.
Warning: using -h 0 may be faster
*
optimization finished, #iter = 1997
C = 1616.2115267549973
obj = 801365.2775853059, rho = -62.550286377916166
nSV = 2128, nBSV = 591
Total nSV = 2128
.
Warning: using -h 0 may be faster
*
optimization finished, #iter = 1990
C = 1643.842374699524
obj = 822741.8168880509, rho = -64.52256193109208
nSV = 2111, nBSV = 597
Total nSV = 2111
..
Warning: using -h 0 may be faster
*
optimization finished, #iter = 2492
C = 1710.2037070372587
obj = 1002871.0333434277, rho = -11.808045931743617
nSV = 2628, nBSV = 757
.
Warning: using -h 0 may be faster
*
optimization finished, #iter = 1738
C = 1494.8117795056712
obj = 639973.7501441328, rho = -16.684137608430223
nSV = 1815, nBSV = 513
Total nSV = 1815
.
Warning: using -h 0 may be faster
*
optimization finished, #iter = 1819
C = 1549.8049465451777
obj = 678775.4209861177, rho = -27.983248404521888
nSV = 1861, nBSV = 493
Total nSV = 1861
.
Warning: using -h 0 may be faster
*
optimization finished, #iter = 1777
C = 1581.800612433483
obj = 681604.1491068125, rho = -32.42159282296512
nSV = 1860, nBSV = 496
Total nSV = 1860
.
Warning: using -h 0 may be faster
*
optimization finished, #iter = 1763
C = 1663.4924296657887
obj = 736612.5455982469, rho = -51.81599924326574
nSV = 1858, nBSV = 484
Total nSV = 1858
.
Warning: using -h 0 may be faster
*
optimization finished, #iter = 1701
C = 1510.481828651033
obj = 667674.4941967725, rho = -38.73160786431374
nSV = 1798, nBSV = 524
Total nSV = 1798
..
Warning: using -h 0 may be faster
*
optimization finished, #iter = 2096
C = 1592.2516696667055
obj = 829837.2518876867, rho = -35.01129650338094
nSV = 2213, nBSV = 676
..
Warning: using -h 0 may be faster
*
optimization finished, #iter = 2839
C = 3439.3703809800368
obj = 2675930.331709493, rho = -145.3998953659372
nSV = 3112, nBSV = 699
Total nSV = 3112
...
Warning: using -h 0 may be faster
*
optimization finished, #iter = 3063
C = 3710.3817291799764
obj = 2917362.927774184, rho = -136.1743743377837
nSV = 3178, nBSV = 695
Total nSV = 3178
..
Warning: using -h 0 may be faster
*
optimization finished, #iter = 2673
C = 3348.8981560756824
obj = 2616121.6810023626, rho = -144.95348539749585
nSV = 3044, nBSV = 735
Total nSV = 3044
..
Warning: using -h 0 may be faster
*
optimization finished, #iter = 2788
C = 3402.799142136412
obj = 2653138.308427688, rho = -147.33291738023277
nSV = 3089, nBSV = 710
Total nSV = 3089
..
Warning: using -h 0 may be faster
*
optimization finished, #iter = 2887
C = 3666.951668482552
obj = 2957525.46869301, rho = -144.8453063963887
nSV = 3139, nBSV = 712
Total nSV = 3139
...
Warning: using -h 0 may be faster
*
optimization finished, #iter = 3500
C = 3720.9168070390438
obj = 3495603.5959233623, rho = -166.74257344704492
nSV = 3763, nBSV = 935
Total nSV = 6018


=== Predictions under cross-validation ===

 inst#     actual  predicted error distribution
     1  2:neutral  2:neutral       0.174,*0.512,0.314 
     2  2:neutral  2:neutral       0.017,*0.883,0.1 
     3  2:neutral 3:positive   +   0.102,0.149,*0.748 
     4  2:neutral  2:neutral       0.141,*0.644,0.215 
     5  2:neutral  2:neutral       0.089,*0.678,0.233 
     6  2:neutral 1:negative   +   *0.52,0.394,0.086 
     7  2:neutral 3:positive   +   0.047,0.305,*0.648 
     8  2:neutral  2:neutral       0.07,*0.693,0.237 
     9  2:neutral  2:neutral       0.111,*0.462,0.427 
    10  2:neutral 1:negative   +   *0.748,0.143,0.109 
    11  2:neutral  2:neutral       0.04,*0.499,0.461 
    12  2:neutral  2:neutral       0.064,*0.822,0.115 
    13  2:neutral  2:neutral       0.039,*0.817,0.144 
    14  2:neutral  2:neutral       0.023,*0.722,0.255 
    15  2:neutral  2:neutral       0.268,*0.472,0.26 
    16  2:neutral  2:neutral       0.045,*0.588,0.367 
    17  2:neutral 3:positive   +   0.26,0.353,*0.387 
    18  2:neutral  2:neutral       0.226,*0.431,0.343 
    19  2:neutral  2:neutral       0.074,*0.552,0.374 
    20  2:neutral  2:neutral       0.03,*0.859,0.111 
    21  2:neutral 3:positive   +   0.167,0.297,*0.536 
    22  2:neutral  2:neutral       0.113,*0.52,0.367 
    23  2:neutral  2:neutral       0.106,*0.591,0.303 
    24  2:neutral  2:neutral       0.077,*0.76,0.163 
    25  2:neutral  2:neutral       0.103,*0.57,0.327 
    26  2:neutral 3:positive   +   0.227,0.273,*0.501 
    27  2:neutral  2:neutral       0.033,*0.68,0.288 
    28  2:neutral  2:neutral       0.304,*0.443,0.252 
    29  2:neutral  2:neutral       0.046,*0.628,0.326 
    30  2:neutral  2:neutral       0.068,*0.533,0.399 
    31  2:neutral 1:negative   +   *0.521,0.327,0.152 
    32  2:neutral 1:negative   +   *0.916,0.073,0.011 
    33  2:neutral  2:neutral       0.018,*0.796,0.186 
    34  2:neutral  2:neutral       0.114,*0.572,0.315 
    35  2:neutral  2:neutral       0.128,*0.802,0.07 
    36  2:neutral  2:neutral       0.014,*0.775,0.211 
    37  2:neutral  2:neutral       0.369,*0.449,0.182 
    38  2:neutral  2:neutral       0.145,*0.623,0.232 
    39  2:neutral  2:neutral       0.029,*0.812,0.16 
    40  2:neutral 3:positive   +   0.07,0.437,*0.493 
    41  2:neutral  2:neutral       0.103,*0.68,0.217 
    42  2:neutral  2:neutral       0.049,*0.639,0.312 
    43  2:neutral 3:positive   +   0.355,0.056,*0.589 
    44  2:neutral 3:positive   +   0.098,0.365,*0.536 
    45  2:neutral  2:neutral       0.053,*0.782,0.165 
    46  2:neutral  2:neutral       0.029,*0.513,0.458 
    47  2:neutral  2:neutral       0.057,*0.597,0.346 
    48  2:neutral  2:neutral       0.062,*0.621,0.317 
    49  2:neutral  2:neutral       0.048,*0.882,0.069 
    50  2:neutral  2:neutral       0.076,*0.666,0.258 
    51  2:neutral  2:neutral       0.133,*0.785,0.082 
    52  2:neutral  2:neutral       0.186,*0.55,0.264 
    53  2:neutral  2:neutral       0.22,*0.469,0.311 
    54  2:neutral  2:neutral       0.116,*0.569,0.315 
    55  2:neutral  2:neutral       0.052,*0.781,0.167 
    56  2:neutral  2:neutral       0.022,*0.911,0.067 
    57  2:neutral  2:neutral       0.206,*0.495,0.3 
    58  2:neutral  2:neutral       0.099,*0.457,0.443 
    59  2:neutral  2:neutral       0.064,*0.554,0.381 
    60  2:neutral 3:positive   +   0.095,0.425,*0.48 
    61  2:neutral  2:neutral       0.137,*0.595,0.268 
    62  2:neutral  2:neutral       0.183,*0.648,0.169 
    63  2:neutral  2:neutral       0.046,*0.685,0.27 
    64  2:neutral 3:positive   +   0.121,0.39,*0.489 
    65  2:neutral  2:neutral       0.227,*0.606,0.168 
    66  2:neutral 3:positive   +   0.102,0.202,*0.696 
    67  2:neutral 3:positive   +   0.148,0.423,*0.43 
    68  2:neutral 3:positive   +   0.247,0.351,*0.402 
    69  2:neutral 3:positive   +   0.078,0.376,*0.546 
    70  2:neutral 3:positive   +   0.303,0.322,*0.376 
    71  2:neutral  2:neutral       0.186,*0.633,0.181 
    72  2:neutral 3:positive   +   0.038,0.137,*0.826 
    73  2:neutral 3:positive   +   0.141,0.341,*0.519 
    74  2:neutral  2:neutral       0.056,*0.556,0.388 
    75  2:neutral  2:neutral       0.088,*0.741,0.172 
    76  2:neutral  2:neutral       0.084,*0.687,0.229 
    77  2:neutral 3:positive   +   0.095,0.44,*0.465 
    78  2:neutral 3:positive   +   0.057,0.467,*0.477 
    79  2:neutral 1:negative   +   *0.541,0.351,0.108 
    80  2:neutral  2:neutral       0.146,*0.747,0.107 
    81  2:neutral 1:negative   +   *0.42,0.404,0.176 
    82  2:neutral  2:neutral       0.125,*0.806,0.069 
    83  2:neutral 1:negative   +   *0.573,0.152,0.275 
    84  2:neutral 3:positive   +   0.052,0.216,*0.732 
    85  2:neutral 1:negative   +   *0.467,0.372,0.161 
    86  2:neutral  2:neutral       0.078,*0.735,0.187 
    87  2:neutral  2:neutral       0.022,*0.526,0.452 
    88  2:neutral 3:positive   +   0.032,0.361,*0.607 
    89  2:neutral 1:negative   +   *0.51,0.131,0.359 
    90  2:neutral  2:neutral       0.018,*0.682,0.3 
    91  2:neutral  2:neutral       0.157,*0.49,0.353 
    92  2:neutral  2:neutral       0.12,*0.742,0.138 
    93  2:neutral  2:neutral       0.109,*0.596,0.295 
    94  2:neutral  2:neutral       0.088,*0.514,0.398 
    95  2:neutral 3:positive   +   0.108,0.436,*0.455 
    96  2:neutral  2:neutral       0.102,*0.69,0.208 
    97  2:neutral  2:neutral       0.083,*0.667,0.25 
    98  2:neutral 3:positive   +   0.095,0.334,*0.571 
    99  2:neutral  2:neutral       0.073,*0.712,0.215 
   100  2:neutral  2:neutral       0.092,*0.719,0.189 
   101  2:neutral 3:positive   +   0.187,0.304,*0.509 
   102  2:neutral  2:neutral       0.133,*0.434,0.434 
   103  2:neutral  2:neutral       0.079,*0.655,0.266 
   104  2:neutral  2:neutral       0.129,*0.572,0.299 
   105  2:neutral  2:neutral       0.086,*0.638,0.277 
   106  2:neutral 3:positive   +   0.045,0.182,*0.773 
   107  2:neutral  2:neutral       0.112,*0.567,0.32 
   108  2:neutral  2:neutral       0.063,*0.834,0.103 
   109  2:neutral  2:neutral       0.034,*0.562,0.404 
   110  2:neutral  2:neutral       0.17,*0.523,0.307 
   111  2:neutral 3:positive   +   0.07,0.411,*0.519 
   112  2:neutral  2:neutral       0.017,*0.829,0.153 
   113  2:neutral  2:neutral       0.031,*0.666,0.302 
   114  2:neutral 3:positive   +   0.125,0.371,*0.503 
   115  2:neutral 3:positive   +   0.08,0.384,*0.536 
   116  2:neutral  2:neutral       0.114,*0.69,0.197 
   117  2:neutral  2:neutral       0.066,*0.856,0.077 
   118  2:neutral 3:positive   +   0.115,0.364,*0.521 
   119  2:neutral  2:neutral       0.039,*0.789,0.172 
   120  2:neutral 3:positive   +   0.04,0.304,*0.656 
   121  2:neutral  2:neutral       0.102,*0.53,0.369 
   122  2:neutral 3:positive   +   0.151,0.223,*0.626 
   123  2:neutral  2:neutral       0.104,*0.834,0.062 
   124  2:neutral  2:neutral       0.074,*0.816,0.11 
   125  2:neutral  2:neutral       0.147,*0.736,0.117 
   126  2:neutral  2:neutral       0.065,*0.538,0.396 
   127  2:neutral  2:neutral       0.058,*0.648,0.293 
   128  2:neutral 3:positive   +   0.026,0.358,*0.616 
   129  2:neutral  2:neutral       0.155,*0.599,0.246 
   130  2:neutral  2:neutral       0.114,*0.607,0.279 
   131  2:neutral 3:positive   +   0.227,0.273,*0.5 
   132  2:neutral  2:neutral       0.09,*0.605,0.306 
   133  2:neutral  2:neutral       0.147,*0.583,0.27 
   134  2:neutral  2:neutral       0.048,*0.489,0.463 
   135  2:neutral  2:neutral       0.021,*0.843,0.136 
   136  2:neutral  2:neutral       0.009,*0.764,0.228 
   137  2:neutral  2:neutral       0.115,*0.617,0.268 
   138  2:neutral  2:neutral       0.05,*0.532,0.418 
   139  2:neutral  2:neutral       0.272,*0.483,0.245 
   140  2:neutral  2:neutral       0.132,*0.495,0.373 
   141  2:neutral  2:neutral       0.072,*0.634,0.294 
   142  2:neutral  2:neutral       0.279,*0.448,0.272 
   143  2:neutral  2:neutral       0.169,*0.574,0.257 
   144  2:neutral  2:neutral       0.145,*0.617,0.238 
   145  2:neutral 3:positive   +   0.237,0.254,*0.509 
   146  2:neutral 1:negative   +   *0.429,0.41,0.161 
   147  2:neutral  2:neutral       0.035,*0.698,0.267 
   148  2:neutral  2:neutral       0.224,*0.584,0.192 
   149  2:neutral 3:positive   +   0.142,0.266,*0.592 
   150  2:neutral  2:neutral       0.1,*0.722,0.178 
   151  2:neutral  2:neutral       0.116,*0.763,0.122 
   152  2:neutral  2:neutral       0.027,*0.894,0.079 
   153  2:neutral  2:neutral       0.049,*0.794,0.157 
   154  2:neutral  2:neutral       0.139,*0.679,0.182 
   155  2:neutral  2:neutral       0.06,*0.587,0.353 
   156  2:neutral 3:positive   +   0.115,0.31,*0.575 
   157  2:neutral  2:neutral       0.058,*0.662,0.28 
   158  2:neutral  2:neutral       0.061,*0.747,0.192 
   159  2:neutral  2:neutral       0.081,*0.772,0.147 
   160  2:neutral  2:neutral       0.015,*0.64,0.346 
   161  2:neutral  2:neutral       0.162,*0.616,0.222 
   162  2:neutral  2:neutral       0.034,*0.781,0.185 
   163  2:neutral  2:neutral       0.02,*0.843,0.136 
   164  2:neutral  2:neutral       0.116,*0.515,0.37 
   165  2:neutral  2:neutral       0.061,*0.862,0.077 
   166  2:neutral  2:neutral       0.076,*0.575,0.349 
   167  2:neutral  2:neutral       0.135,*0.52,0.345 
   168  2:neutral  2:neutral       0.051,*0.622,0.328 
   169  2:neutral 3:positive   +   0.174,0.316,*0.51 
   170  2:neutral  2:neutral       0.049,*0.6,0.351 
   171  2:neutral 3:positive   +   0.103,0.427,*0.47 
   172  2:neutral  2:neutral       0.069,*0.469,0.462 
   173  2:neutral 1:negative   +   *0.667,0.261,0.072 
   174  2:neutral  2:neutral       0.08,*0.618,0.302 
   175  2:neutral  2:neutral       0.073,*0.75,0.177 
   176  2:neutral 1:negative   +   *0.447,0.447,0.107 
   177  2:neutral  2:neutral       0.021,*0.564,0.415 
   178  2:neutral  2:neutral       0.195,*0.674,0.131 
   179  2:neutral  2:neutral       0.188,*0.486,0.326 
   180  2:neutral  2:neutral       0.051,*0.773,0.176 
   181  2:neutral  2:neutral       0.093,*0.652,0.255 
   182  2:neutral 1:negative   +   *0.876,0.094,0.03 
   183  2:neutral  2:neutral       0.065,*0.694,0.241 
   184  2:neutral  2:neutral       0.088,*0.589,0.322 
   185  2:neutral  2:neutral       0.076,*0.559,0.365 
   186  2:neutral  2:neutral       0.03,*0.746,0.224 
   187  2:neutral  2:neutral       0.066,*0.501,0.432 
   188  2:neutral  2:neutral       0.057,*0.5,0.443 
   189  2:neutral 1:negative   +   *0.759,0.192,0.049 
   190  2:neutral  2:neutral       0.344,*0.564,0.093 
   191  2:neutral  2:neutral       0.198,*0.657,0.145 
   192  2:neutral  2:neutral       0.042,*0.817,0.141 
   193  2:neutral  2:neutral       0.022,*0.724,0.254 
   194  2:neutral  2:neutral       0.113,*0.766,0.121 
   195  2:neutral 3:positive   +   0.092,0.249,*0.659 
   196  2:neutral  2:neutral       0.124,*0.567,0.309 
   197  2:neutral  2:neutral       0.114,*0.585,0.301 
   198  2:neutral  2:neutral       0.283,*0.423,0.294 
   199  2:neutral 3:positive   +   0.114,0.243,*0.643 
   200  2:neutral  2:neutral       0.08,*0.465,0.455 
   201  2:neutral  2:neutral       0.037,*0.898,0.065 
   202  2:neutral  2:neutral       0.078,*0.61,0.312 
   203  2:neutral  2:neutral       0.115,*0.561,0.323 
   204  2:neutral  2:neutral       0.01,*0.957,0.033 
   205  2:neutral  2:neutral       0.018,*0.608,0.374 
   206  2:neutral 1:negative   +   *0.513,0.328,0.159 
   207  2:neutral 3:positive   +   0.031,0.387,*0.582 
   208  2:neutral  2:neutral       0.043,*0.808,0.148 
   209  2:neutral  2:neutral       0.029,*0.845,0.126 
   210  2:neutral 3:positive   +   0.304,0.289,*0.407 
   211  2:neutral  2:neutral       0.038,*0.726,0.235 
   212  2:neutral  2:neutral       0.049,*0.769,0.183 
   213  2:neutral  2:neutral       0.091,*0.607,0.302 
   214  2:neutral  2:neutral       0.104,*0.592,0.304 
   215  2:neutral  2:neutral       0.205,*0.605,0.19 
   216  2:neutral  2:neutral       0.063,*0.508,0.429 
   217  2:neutral  2:neutral       0.043,*0.793,0.163 
   218  2:neutral 3:positive   +   0.155,0.36,*0.485 
   219  2:neutral  2:neutral       0.066,*0.799,0.135 
   220  2:neutral 3:positive   +   0.073,0.414,*0.513 
   221  2:neutral 1:negative   +   *0.371,0.361,0.268 
   222  2:neutral 3:positive   +   0.186,0.402,*0.412 
   223  2:neutral  2:neutral       0.053,*0.597,0.35 
   224  2:neutral  2:neutral       0.103,*0.651,0.245 
   225  2:neutral  2:neutral       0.066,*0.877,0.057 
   226  2:neutral  2:neutral       0.07,*0.771,0.158 
   227  2:neutral  2:neutral       0.057,*0.732,0.211 
   228  2:neutral 3:positive   +   0.053,0.449,*0.498 
   229  2:neutral 3:positive   +   0.038,0.369,*0.593 
   230  2:neutral 1:negative   +   *0.512,0.248,0.241 
   231  2:neutral  2:neutral       0.048,*0.821,0.131 
   232  2:neutral 1:negative   +   *0.382,0.344,0.274 
   233  2:neutral 3:positive   +   0.27,0.268,*0.462 
   234  2:neutral 3:positive   +   0.07,0.362,*0.568 
   235  2:neutral  2:neutral       0.146,*0.649,0.205 
   236  2:neutral  2:neutral       0.128,*0.448,0.424 
   237  2:neutral 3:positive   +   0.049,0.299,*0.652 
   238  2:neutral  2:neutral       0.323,*0.462,0.215 
   239  2:neutral  2:neutral       0.127,*0.571,0.302 
   240  2:neutral  2:neutral       0.093,*0.587,0.321 
   241  2:neutral  2:neutral       0.338,*0.346,0.316 
   242  2:neutral  2:neutral       0.084,*0.705,0.211 
   243  2:neutral 3:positive   +   0.024,0.466,*0.51 
   244  2:neutral  2:neutral       0.083,*0.626,0.291 
   245  2:neutral  2:neutral       0.157,*0.623,0.22 
   246  2:neutral 3:positive   +   0.036,0.416,*0.549 
   247  2:neutral  2:neutral       0.012,*0.965,0.023 
   248  2:neutral  2:neutral       0.082,*0.46,0.458 
   249  2:neutral 3:positive   +   0.262,0.247,*0.492 
   250  2:neutral  2:neutral       0.05,*0.658,0.292 
   251  2:neutral  2:neutral       0.076,*0.67,0.254 
   252  2:neutral 3:positive   +   0.069,0.343,*0.588 
   253  2:neutral  2:neutral       0.235,*0.628,0.137 
   254  2:neutral  2:neutral       0.105,*0.789,0.106 
   255  2:neutral  2:neutral       0.057,*0.781,0.162 
   256  2:neutral  2:neutral       0.087,*0.573,0.34 
   257  2:neutral  2:neutral       0.112,*0.567,0.32 
   258  2:neutral  2:neutral       0.04,*0.851,0.109 
   259  2:neutral  2:neutral       0.074,*0.575,0.351 
   260  2:neutral  2:neutral       0.051,*0.849,0.1 
   261  2:neutral 3:positive   +   0.024,0.439,*0.537 
   262  2:neutral  2:neutral       0.054,*0.552,0.395 
   263  2:neutral 3:positive   +   0.073,0.422,*0.505 
   264  2:neutral  2:neutral       0.04,*0.867,0.093 
   265  2:neutral  2:neutral       0.15,*0.559,0.29 
   266  2:neutral  2:neutral       0.021,*0.844,0.135 
   267  2:neutral 3:positive   +   0.246,0.272,*0.482 
   268  2:neutral  2:neutral       0.115,*0.73,0.155 
   269  2:neutral  2:neutral       0.196,*0.403,0.401 
   270  2:neutral 3:positive   +   0.192,0.289,*0.519 
   271  2:neutral 1:negative   +   *0.344,0.317,0.338 
   272  2:neutral  2:neutral       0.078,*0.703,0.219 
   273  2:neutral 1:negative   +   *0.448,0.335,0.217 
   274  2:neutral 3:positive   +   0.075,0.311,*0.615 
   275  2:neutral 3:positive   +   0.33,0.179,*0.49 
   276  2:neutral  2:neutral       0.07,*0.716,0.213 
   277  2:neutral  2:neutral       0.011,*0.697,0.292 
   278  2:neutral  2:neutral       0.05,*0.706,0.244 
   279  2:neutral 3:positive   +   0.337,0.292,*0.371 
   280  2:neutral 3:positive   +   0.045,0.424,*0.53 
   281  2:neutral  2:neutral       0.089,*0.57,0.34 
   282  2:neutral  2:neutral       0.072,*0.818,0.109 
   283  2:neutral 3:positive   +   0.224,0.335,*0.442 
   284  2:neutral 3:positive   +   0.05,0.405,*0.544 
   285  2:neutral  2:neutral       0.009,*0.86,0.131 
   286  2:neutral 3:positive   +   0.065,0.367,*0.569 
   287  2:neutral  2:neutral       0.052,*0.848,0.1 
   288  2:neutral  2:neutral       0.175,*0.687,0.139 
   289  2:neutral 3:positive   +   0.091,0.342,*0.566 
   290  2:neutral  2:neutral       0.015,*0.555,0.43 
   291  2:neutral  2:neutral       0.132,*0.521,0.347 
   292  2:neutral 1:negative   +   *0.577,0.292,0.131 
   293  2:neutral  2:neutral       0.1,*0.503,0.397 
   294  2:neutral 3:positive   +   0.133,0.222,*0.645 
   295  2:neutral  2:neutral       0.148,*0.809,0.043 
   296  2:neutral  2:neutral       0.09,*0.605,0.306 
   297  2:neutral 3:positive   +   0.126,0.215,*0.658 
   298  2:neutral  2:neutral       0.179,*0.705,0.115 
   299  2:neutral  2:neutral       0.285,*0.57,0.145 
   300  2:neutral  2:neutral       0.034,*0.885,0.082 
   301  2:neutral  2:neutral       0.055,*0.535,0.41 
   302  2:neutral  2:neutral       0.07,*0.72,0.21 
   303  2:neutral 3:positive   +   0.058,0.218,*0.724 
   304  2:neutral  2:neutral       0.101,*0.583,0.316 
   305  2:neutral  2:neutral       0.04,*0.76,0.199 
   306  2:neutral 3:positive   +   0.112,0.384,*0.504 
   307  2:neutral  2:neutral       0.038,*0.828,0.134 
   308  2:neutral  2:neutral       0.17,*0.778,0.052 
   309  2:neutral 3:positive   +   0.015,0.103,*0.882 
   310  2:neutral  2:neutral       0.034,*0.929,0.037 
   311  2:neutral  2:neutral       0.214,*0.444,0.342 
   312  2:neutral  2:neutral       0.104,*0.532,0.364 
   313  2:neutral  2:neutral       0.146,*0.725,0.13 
   314  2:neutral  2:neutral       0.098,*0.702,0.2 
   315  2:neutral  2:neutral       0.05,*0.567,0.382 
   316  2:neutral 3:positive   +   0.023,0.248,*0.728 
   317  2:neutral  2:neutral       0.097,*0.481,0.422 
   318  2:neutral  2:neutral       0.093,*0.615,0.292 
   319  2:neutral 3:positive   +   0.114,0.431,*0.455 
   320  2:neutral  2:neutral       0.241,*0.67,0.089 
   321  2:neutral  2:neutral       0.178,*0.582,0.24 
   322  2:neutral  2:neutral       0.069,*0.812,0.119 
   323  2:neutral  2:neutral       0.069,*0.699,0.232 
   324  2:neutral  2:neutral       0.093,*0.792,0.115 
   325  2:neutral 3:positive   +   0.069,0.462,*0.469 
   326  2:neutral  2:neutral       0.12,*0.645,0.236 
   327  2:neutral 1:negative   +   *0.364,0.335,0.301 
   328  2:neutral 1:negative   +   *0.58,0.254,0.166 
   329  2:neutral  2:neutral       0.263,*0.606,0.131 
   330  2:neutral  2:neutral       0.024,*0.889,0.086 
   331  2:neutral  2:neutral       0.167,*0.643,0.19 
   332  2:neutral  2:neutral       0.16,*0.56,0.281 
   333  2:neutral  2:neutral       0.025,*0.777,0.198 
   334  2:neutral 1:negative   +   *0.374,0.338,0.288 
   335  2:neutral 3:positive   +   0.049,0.428,*0.522 
   336  2:neutral  2:neutral       0.13,*0.508,0.362 
   337  2:neutral  2:neutral       0.06,*0.757,0.182 
   338  2:neutral  2:neutral       0.117,*0.615,0.267 
   339  2:neutral  2:neutral       0.044,*0.733,0.223 
   340  2:neutral  2:neutral       0.329,*0.473,0.198 
   341  2:neutral  2:neutral       0.066,*0.552,0.381 
   342  2:neutral 3:positive   +   0.079,0.208,*0.714 
   343  2:neutral  2:neutral       0.133,*0.58,0.287 
   344  2:neutral  2:neutral       0.029,*0.554,0.417 
   345  2:neutral  2:neutral       0.056,*0.624,0.319 
   346  2:neutral  2:neutral       0.116,*0.504,0.38 
   347  2:neutral  2:neutral       0.112,*0.567,0.32 
   348  2:neutral  2:neutral       0.212,*0.457,0.331 
   349  2:neutral  2:neutral       0.184,*0.539,0.277 
   350  2:neutral  2:neutral       0.079,*0.712,0.209 
   351  2:neutral  2:neutral       0.059,*0.564,0.376 
   352  2:neutral  2:neutral       0.052,*0.633,0.315 
   353  2:neutral  2:neutral       0.251,*0.395,0.354 
   354  2:neutral 1:negative   +   *0.837,0.055,0.108 
   355  2:neutral  2:neutral       0.099,*0.602,0.299 
   356  2:neutral 3:positive   +   0.146,0.237,*0.617 
   357  2:neutral  2:neutral       0.043,*0.645,0.312 
   358  2:neutral  2:neutral       0.119,*0.462,0.419 
   359  2:neutral  2:neutral       0.335,*0.564,0.101 
   360  2:neutral  2:neutral       0.156,*0.72,0.125 
   361  2:neutral  2:neutral       0.15,*0.717,0.133 
