Zero Weights processed. Default weights will be used
.
Warning: using -h 0 may be faster
*
optimization finished, #iter = 1292
C = 49.71792856715356
obj = 14705.853781168758, rho = 3.3353214002214338
nSV = 2821, nBSV = 2597
Total nSV = 2821
.
Warning: using -h 0 may be faster
*
optimization finished, #iter = 1295
C = 55.854458462692754
obj = 17136.3907843501, rho = 1.5549577022309116
nSV = 2830, nBSV = 2587
Total nSV = 2830
.
Warning: using -h 0 may be faster
*
optimization finished, #iter = 1259
C = 53.471848161777906
obj = 15946.726487924741, rho = 2.773767111114862
nSV = 2830, nBSV = 2588
Total nSV = 2830
.
Warning: using -h 0 may be faster
*
optimization finished, #iter = 1270
C = 45.20539256116845
obj = 12404.733171104786, rho = 1.9186901953760245
nSV = 2824, nBSV = 2608
Total nSV = 2824
.
Warning: using -h 0 may be faster
*
optimization finished, #iter = 1288
C = 55.31967786817979
obj = 16665.089754877903, rho = 1.039816069139066
nSV = 2843, nBSV = 2580
Total nSV = 2843
.
Warning: using -h 0 may be faster
*.*
optimization finished, #iter = 1688
C = 43.39298337958228
obj = 14974.775318998669, rho = 2.2014592395188766
nSV = 3511, nBSV = 3248
.
Warning: using -h 0 may be faster
..
Warning: using -h 0 may be faster
*
optimization finished, #iter = 3969
C = 455.3709689412693
obj = 370001.7401661064, rho = -30.731180133741635
nSV = 5091, nBSV = 3519
Total nSV = 5091
.
Warning: using -h 0 may be faster
...
Warning: using -h 0 may be faster
*
optimization finished, #iter = 4149
C = 465.8122180745256
obj = 380065.18680008594, rho = -27.992460458821835
nSV = 5110, nBSV = 3467
Total nSV = 5110
.
Warning: using -h 0 may be faster
...
Warning: using -h 0 may be faster
*
optimization finished, #iter = 4025
C = 483.6584419223705
obj = 405159.42550185084, rho = -31.11724671074056
nSV = 5103, nBSV = 3481
Total nSV = 5103
.
Warning: using -h 0 may be faster
...
Warning: using -h 0 may be faster
*
optimization finished, #iter = 4009
C = 460.0871336489712
obj = 380550.38159600634, rho = -27.800142875878947
nSV = 5117, nBSV = 3463
Total nSV = 5117
.
Warning: using -h 0 may be faster
...
Warning: using -h 0 may be faster
*
optimization finished, #iter = 4128
C = 461.98962679566586
obj = 383571.40268958115, rho = -30.281141184310897
nSV = 5103, nBSV = 3479
Total nSV = 5103
..
Warning: using -h 0 may be faster
...
Warning: using -h 0 may be faster
*
optimization finished, #iter = 5034
C = 432.46805348726355
obj = 403508.0350896966, rho = 12.16825602520913
nSV = 6259, nBSV = 4464
.
Warning: using -h 0 may be faster
*
optimization finished, #iter = 1144
C = 0.0
obj = 0.0, rho = NaN
nSV = 0, nBSV = 0
Total nSV = 0
.
Warning: using -h 0 may be faster
*
optimization finished, #iter = 1291
C = 16.348375599541953
obj = 3069.673536444011, rho = -1.1951644045236882
nSV = 3211, nBSV = 3061
Total nSV = 3211
.
Warning: using -h 0 may be faster
*
optimization finished, #iter = 1181
C = 8.98694678582757
obj = 1216.0086131667542, rho = -0.741110356232225
nSV = 3193, nBSV = 3084
Total nSV = 3193
.
Warning: using -h 0 may be faster
*
optimization finished, #iter = 1184
C = 0.0
obj = 0.0, rho = NaN
nSV = 0, nBSV = 0
Total nSV = 0
.
Warning: using -h 0 may be faster
*
optimization finished, #iter = 1161
C = 0.0
obj = 0.0, rho = NaN
nSV = 0, nBSV = 0
Total nSV = 0
Line search fails in two-class probability estimates
.
Warning: using -h 0 may be faster
*
optimization finished, #iter = 1399
C = 7.650390656615791
obj = 1253.6783540764354, rho = 0.6789997748026716
nSV = 3994, nBSV = 3843
Total nSV = 9230
.
Warning: using -h 0 may be faster
*
optimization finished, #iter = 1054
C = 53.17061882122762
obj = 13243.520169201653, rho = 2.3915010717876815
nSV = 2267, nBSV = 2062
Total nSV = 2267
.
Warning: using -h 0 may be faster
*
optimization finished, #iter = 1098
C = 68.16926594107468
obj = 17813.668211048272, rho = 2.4706009029579317
nSV = 2301, nBSV = 2041
Total nSV = 2301
.
Warning: using -h 0 may be faster
*
optimization finished, #iter = 1136
C = 72.43736780476081
obj = 19702.383568978792, rho = 3.9744750448191
nSV = 2284, nBSV = 2028
Total nSV = 2284
.*
optimization finished, #iter = 1054
C = 59.24791033925852
obj = 15071.272370597333, rho = 3.805385486917062
nSV = 2277, nBSV = 2056
Total nSV = 2277
.*
optimization finished, #iter = 1053
C = 52.895063776930385
obj = 13004.885052658166, rho = 3.5384207768015368
nSV = 2273, nBSV = 2050
Total nSV = 2273
.
Warning: using -h 0 may be faster
*
optimization finished, #iter = 1321
C = 50.69801168275655
obj = 15093.988076712978, rho = 3.134953976277767
nSV = 2818, nBSV = 2587
.
Warning: using -h 0 may be faster
..
Warning: using -h 0 may be faster
*
optimization finished, #iter = 3347
C = 454.18307162906245
obj = 320100.25787371816, rho = 17.100617343767027
nSV = 4143, nBSV = 2721
Total nSV = 4143
.
Warning: using -h 0 may be faster
..
Warning: using -h 0 may be faster
*
optimization finished, #iter = 3339
C = 499.24583918262925
obj = 361043.77924227424, rho = 15.871710521581853
nSV = 4149, nBSV = 2699
Total nSV = 4149
...
Warning: using -h 0 may be faster
*
optimization finished, #iter = 3285
C = 488.44925379183803
obj = 351183.2763315709, rho = 19.143863557890327
nSV = 4163, nBSV = 2733
Total nSV = 4163
...
Warning: using -h 0 may be faster
*
optimization finished, #iter = 3280
C = 494.52775717511923
obj = 358987.4718899789, rho = 9.045587785429033
nSV = 4168, nBSV = 2718
Total nSV = 4168
...
Warning: using -h 0 may be faster
*
optimization finished, #iter = 3372
C = 502.5034263326132
obj = 357813.6425687511, rho = 13.188120221593548
nSV = 4163, nBSV = 2705
Total nSV = 4163
.
Warning: using -h 0 may be faster
..
Warning: using -h 0 may be faster
*
optimization finished, #iter = 3947
C = 453.9330082982286
obj = 371777.34692700265, rho = 16.044191847270074
nSV = 5099, nBSV = 3487
.
Warning: using -h 0 may be faster
*
optimization finished, #iter = 1011
C = 22.520292358610217
obj = 3629.255361604004, rho = -2.050788113567145
nSV = 2589, nBSV = 2429
Total nSV = 2589
*
optimization finished, #iter = 917
C = 0.0
obj = 0.0, rho = NaN
nSV = 0, nBSV = 0
Total nSV = 0
*
optimization finished, #iter = 958
C = 10.906431042124739
obj = 1111.3707966158436, rho = -0.8654869526555391
nSV = 2569, nBSV = 2444
Total nSV = 2569
*
optimization finished, #iter = 989
C = 14.50237722434973
obj = 1951.6393171559898, rho = -1.3579874245469201
nSV = 2589, nBSV = 2444
Total nSV = 2589
*
optimization finished, #iter = 972
C = 11.547626753221781
obj = 1279.603474518062, rho = -0.5881447325446733
nSV = 2583, nBSV = 2444
Total nSV = 2583
Line search fails in two-class probability estimates
.
Warning: using -h 0 may be faster
*
optimization finished, #iter = 1165
C = 9.97619453363054
obj = 1344.6904090862042, rho = 0.9500012839325508
nSV = 3200, nBSV = 3066
Total nSV = 7457
.*
optimization finished, #iter = 1038
C = 66.98230062249073
obj = 17060.94112177126, rho = 1.9439019501706112
nSV = 2289, nBSV = 2055
Total nSV = 2289
.
Warning: using -h 0 may be faster
*
optimization finished, #iter = 1066
C = 54.535150080109446
obj = 13166.003404372323, rho = 1.7426605748821864
nSV = 2275, nBSV = 2057
Total nSV = 2275
.
Warning: using -h 0 may be faster
*
optimization finished, #iter = 1101
C = 65.74941537788295
obj = 17001.81512751967, rho = 3.1061591301055715
nSV = 2298, nBSV = 2042
Total nSV = 2298
.*
optimization finished, #iter = 1097
C = 65.97018198725402
obj = 17141.81689333014, rho = 1.6063039610946626
nSV = 2302, nBSV = 2041
Total nSV = 2302
.*
optimization finished, #iter = 1049
C = 62.74447215268578
obj = 15887.152249137625, rho = 3.7491997123649785
nSV = 2286, nBSV = 2056
Total nSV = 2286
.
Warning: using -h 0 may be faster
*
optimization finished, #iter = 1273
C = 53.5192633724319
obj = 15905.017825961251, rho = 2.5898154397530524
nSV = 2821, nBSV = 2593
.
Warning: using -h 0 may be faster
..
Warning: using -h 0 may be faster
*
optimization finished, #iter = 3253
C = 496.8383818166439
obj = 358926.04055675043, rho = 4.066981118741654
nSV = 4150, nBSV = 2716
Total nSV = 4150
...
Warning: using -h 0 may be faster
*
optimization finished, #iter = 3384
C = 467.34074096203074
obj = 330895.7571093903, rho = 12.488779177348599
nSV = 4155, nBSV = 2735
Total nSV = 4155
.
Warning: using -h 0 may be faster
..
Warning: using -h 0 may be faster
*
optimization finished, #iter = 3325
C = 483.78702614197584
obj = 348031.8019421905, rho = 15.930275641103421
nSV = 4200, nBSV = 2689
Total nSV = 4200
.
Warning: using -h 0 may be faster
..
Warning: using -h 0 may be faster
*
optimization finished, #iter = 3244
C = 508.80796849002274
obj = 373125.85971343814, rho = 18.288831835918007
nSV = 4170, nBSV = 2716
Total nSV = 4170
...
Warning: using -h 0 may be faster
*
optimization finished, #iter = 3313
C = 441.64363455885785
obj = 306078.02184762066, rho = 19.933147312446152
nSV = 4113, nBSV = 2768
Total nSV = 4113
.
Warning: using -h 0 may be faster
...
Warning: using -h 0 may be faster
*
optimization finished, #iter = 4280
C = 451.4834174705934
obj = 370878.88544719125, rho = 12.616578918610282
nSV = 5098, nBSV = 3476
*
optimization finished, #iter = 966
C = 12.097829652769354
obj = 1435.4138237930445, rho = -1.1873570800089106
nSV = 2580, nBSV = 2441
Total nSV = 2580
*
optimization finished, #iter = 912
C = 7.469380322712289
obj = 528.9666589883444, rho = -1.0538357301782735
nSV = 2573, nBSV = 2448
Total nSV = 2573
*
optimization finished, #iter = 890
C = 0.0
obj = 0.0, rho = NaN
nSV = 0, nBSV = 0
Total nSV = 0
*
optimization finished, #iter = 970
C = 17.020855275117444
obj = 2520.601599009258, rho = -1.2009572275017322
nSV = 2579, nBSV = 2439
Total nSV = 2579
*
optimization finished, #iter = 898
C = 0.0
obj = 0.0, rho = NaN
nSV = 0, nBSV = 0
Total nSV = 0
Line search fails in two-class probability estimates
.
Warning: using -h 0 may be faster
*
optimization finished, #iter = 1158
C = 9.540803733201514
obj = 1297.0211894306913, rho = 0.9360680142852636
nSV = 3204, nBSV = 3073
Total nSV = 7454
.
Warning: using -h 0 may be faster
..
Warning: using -h 0 may be faster
*
optimization finished, #iter = 3248
C = 498.90372339829787
obj = 361402.0668077973, rho = 12.161579965621057
nSV = 4166, nBSV = 2690
Total nSV = 4166
.
Warning: using -h 0 may be faster
..
Warning: using -h 0 may be faster
*
optimization finished, #iter = 3300
C = 533.7003392781031
obj = 394415.35472070635, rho = -27.178399849310004
nSV = 4176, nBSV = 2692
Total nSV = 4176
...
Warning: using -h 0 may be faster
*
optimization finished, #iter = 3397
C = 488.0039436963517
obj = 349117.5770519612, rho = -34.24529890580643
nSV = 4196, nBSV = 2687
Total nSV = 4196
.
Warning: using -h 0 may be faster
..
Warning: using -h 0 may be faster
*
optimization finished, #iter = 3464
C = 538.20289671489
obj = 395241.0055585789, rho = -42.74645851982588
nSV = 4198, nBSV = 2677
Total nSV = 4198
.
Warning: using -h 0 may be faster
..
Warning: using -h 0 may be faster
*
optimization finished, #iter = 3303
C = 542.8027606116744
obj = 408976.85930610023, rho = -43.68787178565295
nSV = 4189, nBSV = 2662
Total nSV = 4189
.
Warning: using -h 0 may be faster
...
Warning: using -h 0 may be faster
*.
Warning: using -h 0 may be faster
*
optimization finished, #iter = 4320
C = 496.26173487050124
obj = 418502.37558432494, rho = -35.65626246593207
nSV = 5150, nBSV = 3434
*
optimization finished, #iter = 992
C = 17.66594919013533
obj = 2249.953533458169, rho = -1.341426092063474
nSV = 2583, nBSV = 2431
Total nSV = 2583
*
optimization finished, #iter = 926
C = 0.0
obj = 0.0, rho = NaN
nSV = 0, nBSV = 0
Total nSV = 0
*
optimization finished, #iter = 917
C = 0.0
obj = 0.0, rho = NaN
nSV = 0, nBSV = 0
Total nSV = 0
*
optimization finished, #iter = 959
C = 0.0
obj = 0.0, rho = NaN
nSV = 0, nBSV = 0
Total nSV = 0
.
Warning: using -h 0 may be faster
*
optimization finished, #iter = 1011
C = 29.20359092895279
obj = 5121.785900583632, rho = -2.2055987736179783
nSV = 2602, nBSV = 2411
Total nSV = 2602
Line search fails in two-class probability estimates
.
Warning: using -h 0 may be faster
*
optimization finished, #iter = 1169
C = 11.553706414775325
obj = 1592.39986329475, rho = -1.0736413891870888
nSV = 3213, nBSV = 3068
.
Warning: using -h 0 may be faster
*
optimization finished, #iter = 1107
C = 85.05198189547583
obj = 24551.035791638962, rho = 1.1521663864023453
nSV = 2313, nBSV = 2027
Total nSV = 2313
.*
optimization finished, #iter = 1074
C = 61.723538959946545
obj = 15842.16333491421, rho = 0.6780506757822695
nSV = 2286, nBSV = 2046
Total nSV = 2286
.*
optimization finished, #iter = 1028
C = 55.20481944818084
obj = 13443.950140909286, rho = 0.902585381392267
nSV = 2273, nBSV = 2054
Total nSV = 2273
.
Warning: using -h 0 may be faster
*
optimization finished, #iter = 1123
C = 78.81439091759158
obj = 20932.561234860575, rho = 3.459105107532099
nSV = 2303, nBSV = 2029
Total nSV = 2303
.*
optimization finished, #iter = 1041
C = 54.69963184226873
obj = 12951.803784861626, rho = -0.05937680993107279
nSV = 2280, nBSV = 2057
Total nSV = 2280
.
Warning: using -h 0 may be faster
*
optimization finished, #iter = 1345
C = 56.12424504412067
obj = 16775.688690315386, rho = 1.258740813902985
nSV = 2843, nBSV = 2578
Total nSV = 7483
.
Warning: using -h 0 may be faster
*
optimization finished, #iter = 1062
C = 61.25854935946361
obj = 15608.273648770664, rho = 2.387165371791396
nSV = 2281, nBSV = 2060
Total nSV = 2281
.
Warning: using -h 0 may be faster
*
optimization finished, #iter = 1091
C = 65.2114782882596
obj = 16459.25321338377, rho = 1.3249811775246667
nSV = 2296, nBSV = 2043
Total nSV = 2296
.
Warning: using -h 0 may be faster
*
optimization finished, #iter = 1058
C = 61.271018297096234
obj = 15161.991162449667, rho = 3.3809841247652277
nSV = 2277, nBSV = 2051
Total nSV = 2277
.*
optimization finished, #iter = 1026
C = 52.58550997040516
obj = 12473.606786636712, rho = 1.100498323134239
nSV = 2263, nBSV = 2069
Total nSV = 2263
.
Warning: using -h 0 may be faster
*
optimization finished, #iter = 1091
C = 66.29474277599421
obj = 17261.77020185626, rho = 3.5888410767057706
nSV = 2278, nBSV = 2040
Total nSV = 2278
.
Warning: using -h 0 may be faster
*
optimization finished, #iter = 1299
C = 51.86968670079004
obj = 15188.91383219171, rho = -2.675303322900781
nSV = 2824, nBSV = 2593
*
optimization finished, #iter = 937
C = 0.0
obj = 0.0, rho = NaN
nSV = 0, nBSV = 0
Total nSV = 0
*
optimization finished, #iter = 962
C = 15.465690440704897
obj = 2158.325541480394, rho = -0.41454263572834454
nSV = 2576, nBSV = 2440
Total nSV = 2576
*
optimization finished, #iter = 943
C = 0.0
obj = 0.0, rho = NaN
nSV = 0, nBSV = 0
Total nSV = 0
*
optimization finished, #iter = 953
C = 8.952319220612987
obj = 933.7878477594775, rho = -0.6669413306013146
nSV = 2577, nBSV = 2446
Total nSV = 2577
*
optimization finished, #iter = 977
C = 10.876603871991533
obj = 1285.9093126360167, rho = -0.8418555199488794
nSV = 2581, nBSV = 2447
Total nSV = 2581
Line search fails in two-class probability estimates
.
Warning: using -h 0 may be faster
*
optimization finished, #iter = 1141
C = 8.141127242932772
obj = 1087.6946800129535, rho = 0.6218782152713807
nSV = 3203, nBSV = 3073
.
Warning: using -h 0 may be faster
..
Warning: using -h 0 may be faster
*
optimization finished, #iter = 3247
C = 437.19667409406463
obj = 304753.18717122526, rho = -6.09882918590365
nSV = 4092, nBSV = 2740
Total nSV = 4092
...
Warning: using -h 0 may be faster
*
optimization finished, #iter = 3312
C = 465.20686819174966
obj = 328618.385428393, rho = -30.17561658505714
nSV = 4129, nBSV = 2728
Total nSV = 4129
.
Warning: using -h 0 may be faster
..
Warning: using -h 0 may be faster
*
optimization finished, #iter = 3392
C = 461.8107151581675
obj = 326585.6063993803, rho = -30.184242811271805
nSV = 4154, nBSV = 2733
Total nSV = 4154
...
Warning: using -h 0 may be faster
*
optimization finished, #iter = 3321
C = 489.8046326824633
obj = 357162.33997261856, rho = -40.012089317497924
nSV = 4132, nBSV = 2719
Total nSV = 4132
...
Warning: using -h 0 may be faster
*
optimization finished, #iter = 3338
C = 497.639778997383
obj = 358213.2103845422, rho = -24.630546260223962
nSV = 4168, nBSV = 2718
Total nSV = 4168
.
Warning: using -h 0 may be faster
..
Warning: using -h 0 may be faster
*
optimization finished, #iter = 3971
C = 435.3754261179086
obj = 350533.6025238887, rho = 11.455561089276694
nSV = 5061, nBSV = 3520
Total nSV = 7402
*
optimization finished, #iter = 952
C = 12.464840645906355
obj = 1663.332735201237, rho = -0.4770475638838181
nSV = 2565, nBSV = 2447
Total nSV = 2565
*
optimization finished, #iter = 960
C = 12.924467094762043
obj = 1812.72125072801, rho = -0.24315974086858255
nSV = 2573, nBSV = 2451
Total nSV = 2573
*
optimization finished, #iter = 922
C = 9.285700704908463
obj = 1094.9772606634785, rho = -0.16427259474436384
nSV = 2567, nBSV = 2458
Total nSV = 2567
*
optimization finished, #iter = 920
C = 12.025957335422685
obj = 1528.8303933731402, rho = -0.07574486522937528
nSV = 2570, nBSV = 2454
Total nSV = 2570
*
optimization finished, #iter = 899
C = 0.0
obj = 0.0, rho = NaN
nSV = 0, nBSV = 0
Total nSV = 0
Line search fails in two-class probability estimates
.
Warning: using -h 0 may be faster
*
optimization finished, #iter = 1154
C = 8.022732081155471
obj = 1126.377072255112, rho = 0.2996472985877293
nSV = 3195, nBSV = 3080
.
Warning: using -h 0 may be faster
*
optimization finished, #iter = 1034
C = 50.219441865399354
obj = 11916.64420873232, rho = 0.8759245007411036
nSV = 2256, nBSV = 2066
Total nSV = 2256
.
Warning: using -h 0 may be faster
*
optimization finished, #iter = 1087
C = 66.56060913264592
obj = 17156.17697808329, rho = -3.7330321570051432
nSV = 2277, nBSV = 2047
Total nSV = 2277
.*
optimization finished, #iter = 1071
C = 60.798792826355744
obj = 14993.80719839104, rho = -0.7112784627677968
nSV = 2277, nBSV = 2048
Total nSV = 2277
.*
optimization finished, #iter = 1082
C = 59.81228457337668
obj = 15447.446425920682, rho = -1.3777003916250092
nSV = 2282, nBSV = 2047
Total nSV = 2282
.*
optimization finished, #iter = 1014
C = 46.06419358505545
obj = 10258.109457227269, rho = -1.2144388889577324
nSV = 2263, nBSV = 2073
Total nSV = 2263
.
Warning: using -h 0 may be faster
*
optimization finished, #iter = 1273
C = 47.44000432388306
obj = 13470.8752326003, rho = -1.5167332473923132
nSV = 2823, nBSV = 2588
...
Warning: using -h 0 may be faster
*
optimization finished, #iter = 3203
C = 536.1490064065378
obj = 389366.4843450398, rho = -5.875237947961386
nSV = 4205, nBSV = 2669
Total nSV = 4205
.
Warning: using -h 0 may be faster
..
Warning: using -h 0 may be faster
*
optimization finished, #iter = 3231
C = 485.69323918197773
obj = 350445.63018666545, rho = -20.393493710590032
nSV = 4149, nBSV = 2709
Total nSV = 4149
...
Warning: using -h 0 may be faster
*
optimization finished, #iter = 3260
C = 517.1559726779473
obj = 388447.6776185356, rho = -8.686690425979366
nSV = 4207, nBSV = 2721
Total nSV = 4207
...
Warning: using -h 0 may be faster
*
optimization finished, #iter = 3337
C = 506.87103574665906
obj = 371939.1046381835, rho = -26.577331754886853
nSV = 4174, nBSV = 2715
Total nSV = 4174
...
Warning: using -h 0 may be faster
*
optimization finished, #iter = 3222
C = 534.6498242263228
obj = 392207.4036471521, rho = -23.032243065278156
nSV = 4196, nBSV = 2701
Total nSV = 4196
.
Warning: using -h 0 may be faster
...
Warning: using -h 0 may be faster
*
optimization finished, #iter = 4005
C = 489.68540149111067
obj = 414139.34380593244, rho = -18.662508464649406
nSV = 5140, nBSV = 3464
Total nSV = 7469


=== Predictions under cross-validation ===

 inst#     actual  predicted error distribution
     1  2:neutral  2:neutral       0.132,*0.617,0.251 
     2  2:neutral  2:neutral       0.138,*0.731,0.131 
     3  2:neutral 3:positive   +   0.062,0.239,*0.698 
     4  2:neutral  2:neutral       0.112,*0.52,0.368 
     5  2:neutral  2:neutral       0.137,*0.692,0.17 
     6  2:neutral  2:neutral       0.238,*0.695,0.067 
     7  2:neutral  2:neutral       0.144,*0.496,0.359 
     8  2:neutral  2:neutral       0.139,*0.725,0.136 
     9  2:neutral  2:neutral       0.139,*0.624,0.237 
    10  2:neutral  2:neutral       0.243,*0.624,0.132 
    11  2:neutral 3:positive   +   0.075,0.273,*0.652 
    12  2:neutral  2:neutral       0.116,*0.688,0.197 
    13  2:neutral  2:neutral       0.13,*0.705,0.165 
    14  2:neutral  2:neutral       0.108,*0.631,0.26 
    15  2:neutral  2:neutral       0.225,*0.538,0.237 
    16  2:neutral  2:neutral       0.086,*0.57,0.344 
    17  2:neutral  2:neutral       0.179,*0.428,0.393 
    18  2:neutral  2:neutral       0.184,*0.535,0.281 
    19  2:neutral  2:neutral       0.206,*0.667,0.127 
    20  2:neutral  2:neutral       0.198,*0.71,0.092 
    21  2:neutral  2:neutral       0.314,*0.344,0.341 
    22  2:neutral  2:neutral       0.138,*0.504,0.358 
    23  2:neutral  2:neutral       0.141,*0.671,0.188 
    24  2:neutral  2:neutral       0.139,*0.74,0.121 
    25  2:neutral  2:neutral       0.135,*0.646,0.219 
    26  2:neutral 3:positive   +   0.133,0.389,*0.478 
    27  2:neutral  2:neutral       0.132,*0.782,0.086 
    28  2:neutral  2:neutral       0.253,*0.649,0.097 
    29  2:neutral  2:neutral       0.107,*0.608,0.285 
    30  2:neutral  2:neutral       0.111,*0.526,0.363 
    31  2:neutral  2:neutral       0.233,*0.682,0.085 
    32  2:neutral  2:neutral       0.245,*0.694,0.06 
    33  2:neutral  2:neutral       0.126,*0.732,0.142 
    34  2:neutral  2:neutral       0.16,*0.674,0.166 
    35  2:neutral  2:neutral       0.22,*0.697,0.082 
    36  2:neutral  2:neutral       0.098,*0.484,0.418 
    37  2:neutral  2:neutral       0.2,*0.6,0.199 
    38  2:neutral  2:neutral       0.149,*0.616,0.236 
    39  2:neutral  2:neutral       0.134,*0.702,0.164 
    40  2:neutral  2:neutral       0.112,*0.681,0.207 
    41  2:neutral  2:neutral       0.143,*0.696,0.161 
    42  2:neutral  2:neutral       0.133,*0.693,0.173 
    43  2:neutral 3:positive   +   0.158,0.081,*0.761 
    44  2:neutral  2:neutral       0.132,*0.562,0.306 
    45  2:neutral  2:neutral       0.133,*0.741,0.126 
    46  2:neutral  2:neutral       0.115,*0.716,0.169 
    47  2:neutral  2:neutral       0.126,*0.539,0.334 
    48  2:neutral 3:positive   +   0.014,0.05,*0.935 
    49  2:neutral  2:neutral       0.209,*0.696,0.095 
    50  2:neutral  2:neutral       0.128,*0.692,0.18 
    51  2:neutral  2:neutral       0.171,*0.741,0.088 
    52  2:neutral  2:neutral       0.207,*0.598,0.196 
    53  2:neutral  2:neutral       0.207,*0.516,0.277 
    54  2:neutral  2:neutral       0.146,*0.501,0.353 
    55  2:neutral  2:neutral       0.131,*0.721,0.148 
    56  2:neutral  2:neutral       0.134,*0.774,0.092 
    57  2:neutral  2:neutral       0.162,*0.654,0.184 
    58  2:neutral  2:neutral       0.141,*0.632,0.228 
    59  2:neutral  2:neutral       0.162,*0.603,0.236 
    60  2:neutral  2:neutral       0.222,*0.597,0.181 
    61  2:neutral  2:neutral       0.14,*0.687,0.173 
    62  2:neutral  2:neutral       0.122,*0.607,0.271 
    63  2:neutral  2:neutral       0.103,*0.626,0.271 
    64  2:neutral  2:neutral       0.252,*0.534,0.214 
    65  2:neutral  2:neutral       0.216,*0.689,0.095 
    66  2:neutral 3:positive   +   0.03,0.167,*0.803 
    67  2:neutral  2:neutral       0.092,*0.49,0.419 
    68  2:neutral  2:neutral       0.19,*0.552,0.258 
    69  2:neutral 3:positive   +   0.056,0.271,*0.673 
    70  2:neutral 3:positive   +   0.092,0.443,*0.465 
    71  2:neutral  2:neutral       0.173,*0.667,0.16 
    72  2:neutral 3:positive   +   0.041,0.124,*0.835 
    73  2:neutral  2:neutral       0.166,*0.558,0.276 
    74  2:neutral  2:neutral       0.122,*0.446,0.432 
    75  2:neutral  2:neutral       0.118,*0.711,0.172 
    76  2:neutral  2:neutral       0.105,*0.491,0.403 
    77  2:neutral  2:neutral       0.175,*0.486,0.339 
    78  2:neutral  2:neutral       0.121,*0.678,0.201 
    79  2:neutral  2:neutral       0.173,*0.714,0.112 
    80  2:neutral  2:neutral       0.175,*0.694,0.131 
    81  2:neutral  2:neutral       0.235,*0.522,0.243 
    82  2:neutral  2:neutral       0.179,*0.75,0.071 
    83  2:neutral 3:positive   +   0.314,0.193,*0.493 
    84  2:neutral 3:positive   +   0.06,0.183,*0.757 
    85  2:neutral  2:neutral       0.181,*0.533,0.286 
    86  2:neutral  2:neutral       0.153,*0.701,0.146 
    87  2:neutral  2:neutral       0.071,*0.472,0.457 
    88  2:neutral  2:neutral       0.12,*0.697,0.183 
    89  2:neutral  2:neutral       0.208,*0.524,0.268 
    90  2:neutral  2:neutral       0.126,*0.731,0.143 
    91  2:neutral  2:neutral       0.123,*0.574,0.303 
    92  2:neutral  2:neutral       0.167,*0.623,0.209 
    93  2:neutral  2:neutral       0.143,*0.626,0.231 
    94  2:neutral  2:neutral       0.11,*0.521,0.369 
    95  2:neutral  2:neutral       0.214,*0.489,0.297 
    96  2:neutral  2:neutral       0.202,*0.642,0.156 
    97  2:neutral  2:neutral       0.146,*0.67,0.184 
    98  2:neutral 3:positive   +   0.122,0.337,*0.541 
    99  2:neutral  2:neutral       0.143,*0.701,0.156 
   100  2:neutral  2:neutral       0.154,*0.655,0.191 
   101  2:neutral 3:positive   +   0.209,0.385,*0.406 
   102  2:neutral 3:positive   +   0.055,0.169,*0.776 
   103  2:neutral  2:neutral       0.133,*0.686,0.181 
   104  2:neutral  2:neutral       0.152,*0.582,0.266 
   105  2:neutral  2:neutral       0.13,*0.611,0.259 
   106  2:neutral 3:positive   +   0.173,0.346,*0.481 
   107  2:neutral  2:neutral       0.138,*0.643,0.219 
   108  2:neutral  2:neutral       0.159,*0.722,0.119 
   109  2:neutral  2:neutral       0.131,*0.755,0.114 
   110  2:neutral  2:neutral       0.158,*0.663,0.179 
   111  2:neutral  2:neutral       0.1,*0.516,0.384 
   112  2:neutral  2:neutral       0.128,*0.761,0.111 
   113  2:neutral  2:neutral       0.106,*0.563,0.332 
   114  2:neutral 3:positive   +   0.062,0.203,*0.734 
   115  2:neutral  2:neutral       0.132,*0.639,0.229 
   116  2:neutral  2:neutral       0.244,*0.651,0.105 
   117  2:neutral  2:neutral       0.175,*0.738,0.086 
   118  2:neutral  2:neutral       0.156,*0.561,0.283 
   119  2:neutral  2:neutral       0.134,*0.713,0.153 
   120  2:neutral 3:positive   +   0.094,0.294,*0.612 
   121  2:neutral  2:neutral       0.092,*0.462,0.446 
   122  2:neutral 3:positive   +   0.138,0.421,*0.441 
   123  2:neutral  2:neutral       0.178,*0.696,0.126 
   124  2:neutral  2:neutral       0.125,*0.632,0.243 
   125  2:neutral  2:neutral       0.132,*0.656,0.212 
   126  2:neutral 3:positive   +   0.075,0.417,*0.508 
   127  2:neutral  2:neutral       0.133,*0.677,0.19 
   128  2:neutral 3:positive   +   0.093,0.42,*0.487 
   129  2:neutral  2:neutral       0.157,*0.669,0.174 
   130  2:neutral  2:neutral       0.164,*0.63,0.207 
   131  2:neutral 3:positive   +   0.092,0.349,*0.559 
   132  2:neutral  2:neutral       0.137,*0.668,0.196 
   133  2:neutral  2:neutral       0.146,*0.777,0.077 
   134  2:neutral  2:neutral       0.126,*0.668,0.206 
   135  2:neutral  2:neutral       0.097,*0.625,0.278 
   136  2:neutral  2:neutral       0.105,*0.692,0.204 
   137  2:neutral  2:neutral       0.153,*0.684,0.163 
   138  2:neutral 3:positive   +   0.056,0.175,*0.768 
   139  2:neutral  2:neutral       0.214,*0.588,0.198 
   140  2:neutral  2:neutral       0.115,*0.647,0.238 
   141  2:neutral  2:neutral       0.15,*0.657,0.193 
   142  2:neutral  2:neutral       0.141,*0.669,0.19 
   143  2:neutral 3:positive   +   0.116,0.382,*0.501 
   144  2:neutral  2:neutral       0.206,*0.675,0.119 
   145  2:neutral 3:positive   +   0.178,0.385,*0.437 
   146  2:neutral  2:neutral       0.144,*0.658,0.198 
   147  2:neutral  2:neutral       0.13,*0.696,0.174 
   148  2:neutral  2:neutral       0.141,*0.714,0.145 
   149  2:neutral 3:positive   +   0.132,0.262,*0.606 
   150  2:neutral  2:neutral       0.141,*0.71,0.148 
   151  2:neutral  2:neutral       0.148,*0.678,0.174 
   152  2:neutral  2:neutral       0.156,*0.751,0.093 
   153  2:neutral  2:neutral       0.133,*0.746,0.12 
   154  2:neutral  2:neutral       0.22,*0.673,0.107 
   155  2:neutral 3:positive   +   0.143,0.31,*0.547 
   156  2:neutral  2:neutral       0.124,*0.574,0.301 
   157  2:neutral  2:neutral       0.153,*0.546,0.301 
   158  2:neutral  2:neutral       0.132,*0.73,0.138 
   159  2:neutral  2:neutral       0.235,*0.702,0.063 
   160  2:neutral  2:neutral       0.097,*0.558,0.345 
   161  2:neutral  2:neutral       0.151,*0.542,0.307 
   162  2:neutral  2:neutral       0.141,*0.738,0.121 
   163  2:neutral  2:neutral       0.113,*0.554,0.333 
   164  2:neutral  2:neutral       0.136,*0.653,0.211 
   165  2:neutral  2:neutral       0.167,*0.735,0.099 
   166  2:neutral  2:neutral       0.149,*0.667,0.184 
   167  2:neutral  2:neutral       0.136,*0.696,0.168 
   168  2:neutral  2:neutral       0.114,*0.608,0.278 
   169  2:neutral  2:neutral       0.127,*0.515,0.358 
   170  2:neutral  2:neutral       0.12,*0.675,0.204 
   171  2:neutral  2:neutral       0.143,*0.553,0.304 
   172  2:neutral  2:neutral       0.24,*0.564,0.195 
   173  2:neutral  2:neutral       0.257,*0.634,0.108 
   174  2:neutral  2:neutral       0.131,*0.498,0.371 
   175  2:neutral  2:neutral       0.148,*0.642,0.21 
   176  2:neutral  2:neutral       0.204,*0.636,0.161 
   177  2:neutral  2:neutral       0.137,*0.7,0.163 
   178  2:neutral  2:neutral       0.191,*0.576,0.233 
   179  2:neutral  2:neutral       0.152,*0.676,0.172 
   180  2:neutral  2:neutral       0.132,*0.668,0.2 
   181  2:neutral  2:neutral       0.186,*0.699,0.115 
   182  2:neutral  2:neutral       0.245,*0.713,0.042 
   183  2:neutral  2:neutral       0.14,*0.639,0.221 
   184  2:neutral 3:positive   +   0.082,0.276,*0.642 
   185  2:neutral  2:neutral       0.116,*0.529,0.355 
   186  2:neutral  2:neutral       0.116,*0.625,0.259 
   187  2:neutral  2:neutral       0.103,*0.465,0.432 
   188  2:neutral 3:positive   +   0.087,0.437,*0.476 
   189  2:neutral  2:neutral       0.191,*0.659,0.15 
   190  2:neutral  2:neutral       0.22,*0.637,0.142 
   191  2:neutral  2:neutral       0.15,*0.713,0.136 
   192  2:neutral  2:neutral       0.138,*0.698,0.164 
   193  2:neutral  2:neutral       0.096,*0.636,0.269 
   194  2:neutral  2:neutral       0.15,*0.707,0.143 
   195  2:neutral  2:neutral       0.102,*0.541,0.357 
   196  2:neutral  2:neutral       0.242,*0.682,0.077 
   197  2:neutral  2:neutral       0.084,*0.484,0.431 
   198  2:neutral  2:neutral       0.176,*0.557,0.268 
   199  2:neutral 3:positive   +   0.089,0.236,*0.674 
   200  2:neutral  2:neutral       0.134,*0.616,0.251 
   201  2:neutral  2:neutral       0.194,*0.702,0.104 
   202  2:neutral  2:neutral       0.163,*0.56,0.277 
   203  2:neutral  2:neutral       0.118,*0.492,0.39 
   204  2:neutral  2:neutral       0.14,*0.746,0.114 
   205  2:neutral  2:neutral       0.112,*0.652,0.237 
   206  2:neutral  2:neutral       0.148,*0.614,0.238 
   207  2:neutral  2:neutral       0.108,*0.518,0.373 
   208  2:neutral  2:neutral       0.157,*0.722,0.121 
   209  2:neutral  2:neutral       0.138,*0.738,0.124 
   210  2:neutral  2:neutral       0.215,*0.467,0.319 
   211  2:neutral  2:neutral       0.1,*0.615,0.285 
   212  2:neutral  2:neutral       0.145,*0.703,0.151 
   213  2:neutral  2:neutral       0.157,*0.63,0.213 
   214  2:neutral  2:neutral       0.148,*0.682,0.17 
   215  2:neutral  2:neutral       0.243,*0.706,0.052 
   216  2:neutral  2:neutral       0.137,*0.616,0.247 
   217  2:neutral  2:neutral       0.139,*0.72,0.141 
   218  2:neutral  2:neutral       0.224,*0.545,0.231 
   219  2:neutral  2:neutral       0.201,*0.681,0.117 
   220  2:neutral  2:neutral       0.144,*0.722,0.133 
   221  2:neutral  2:neutral       0.258,*0.562,0.18 
   222  2:neutral 3:positive   +   0.14,0.373,*0.487 
   223  2:neutral  2:neutral       0.101,*0.635,0.264 
   224  2:neutral  2:neutral       0.148,*0.709,0.143 
   225  2:neutral  2:neutral       0.164,*0.712,0.124 
   226  2:neutral  2:neutral       0.141,*0.65,0.21 
   227  2:neutral  2:neutral       0.114,*0.696,0.191 
   228  2:neutral 3:positive   +   0.083,0.345,*0.572 
   229  2:neutral  2:neutral       0.116,*0.66,0.224 
   230  2:neutral  2:neutral       0.178,*0.544,0.278 
   231  2:neutral  2:neutral       0.144,*0.551,0.305 
   232  2:neutral  2:neutral       0.226,*0.637,0.137 
   233  2:neutral  2:neutral       0.186,*0.609,0.205 
   234  2:neutral  2:neutral       0.13,*0.603,0.266 
   235  2:neutral  2:neutral       0.167,*0.688,0.144 
   236  2:neutral  2:neutral       0.15,*0.585,0.265 
   237  2:neutral  2:neutral       0.171,*0.573,0.255 
   238  2:neutral  2:neutral       0.245,*0.652,0.103 
   239  2:neutral  2:neutral       0.137,*0.62,0.243 
   240  2:neutral  2:neutral       0.166,*0.659,0.175 
   241  2:neutral  2:neutral       0.204,*0.62,0.177 
   242  2:neutral  2:neutral       0.128,*0.652,0.221 
   243  2:neutral 3:positive   +   0.074,0.337,*0.588 
   244  2:neutral  2:neutral       0.133,*0.706,0.161 
   245  2:neutral  2:neutral       0.163,*0.694,0.142 
   246  2:neutral 3:positive   +   0.076,0.357,*0.567 
   247  2:neutral  2:neutral       0.153,*0.782,0.065 
   248  2:neutral 3:positive   +   0.062,0.249,*0.689 
   249  2:neutral  2:neutral       0.178,*0.534,0.288 
   250  2:neutral  2:neutral       0.132,*0.679,0.189 
   251  2:neutral 3:positive   +   0.116,0.353,*0.531 
   252  2:neutral  2:neutral       0.123,*0.53,0.347 
   253  2:neutral  2:neutral       0.119,*0.656,0.224 
   254  2:neutral  2:neutral       0.189,*0.645,0.167 
   255  2:neutral  2:neutral       0.137,*0.743,0.119 
   256  2:neutral  2:neutral       0.152,*0.486,0.362 
   257  2:neutral  2:neutral       0.138,*0.643,0.219 
   258  2:neutral  2:neutral       0.162,*0.749,0.089 
   259  2:neutral  2:neutral       0.128,*0.521,0.351 
   260  2:neutral  2:neutral       0.138,*0.696,0.166 
   261  2:neutral 3:positive   +   0.105,0.397,*0.498 
   262  2:neutral  2:neutral       0.147,*0.72,0.134 
   263  2:neutral  2:neutral       0.126,*0.627,0.248 
   264  2:neutral  2:neutral       0.147,*0.741,0.111 
   265  2:neutral  2:neutral       0.099,*0.554,0.347 
   266  2:neutral  2:neutral       0.139,*0.723,0.138 
   267  2:neutral 3:positive   +   0.07,0.187,*0.743 
   268  2:neutral  2:neutral       0.16,*0.693,0.147 
   269  2:neutral 3:positive   +   0.101,0.412,*0.487 
   270  2:neutral  2:neutral       0.18,*0.623,0.197 
   271  2:neutral  2:neutral       0.257,*0.597,0.146 
   272  2:neutral  2:neutral       0.122,*0.584,0.294 
   273  2:neutral  2:neutral       0.232,*0.644,0.125 
   274  2:neutral 3:positive   +   0.107,0.26,*0.633 
   275  2:neutral  2:neutral       0.243,*0.555,0.202 
   276  2:neutral  2:neutral       0.149,*0.686,0.164 
   277  2:neutral  2:neutral       0.086,*0.541,0.373 
   278  2:neutral  2:neutral       0.133,*0.729,0.138 
   279  2:neutral  2:neutral       0.227,*0.501,0.272 
   280  2:neutral  2:neutral       0.102,*0.554,0.344 
   281  2:neutral  2:neutral       0.152,*0.696,0.152 
   282  2:neutral  2:neutral       0.123,*0.744,0.133 
   283  2:neutral  2:neutral       0.258,*0.381,0.361 
   284  2:neutral  2:neutral       0.13,*0.562,0.308 
   285  2:neutral  2:neutral       0.136,*0.765,0.099 
   286  2:neutral  2:neutral       0.11,*0.622,0.268 
   287  2:neutral  2:neutral       0.155,*0.75,0.095 
   288  2:neutral  2:neutral       0.216,*0.646,0.137 
   289  2:neutral  2:neutral       0.156,*0.656,0.188 
   290  2:neutral  2:neutral       0.077,*0.466,0.457 
   291  2:neutral  2:neutral       0.173,*0.69,0.136 
   292  2:neutral  2:neutral       0.294,*0.517,0.189 
   293  2:neutral 3:positive   +   0.037,0.192,*0.771 
   294  2:neutral 3:positive   +   0.078,0.419,*0.503 
   295  2:neutral  2:neutral       0.228,*0.706,0.065 
   296  2:neutral  2:neutral       0.137,*0.668,0.196 
   297  2:neutral 3:positive   +   0.136,0.3,*0.564 
   298  2:neutral  2:neutral       0.116,*0.647,0.237 
   299  2:neutral  2:neutral       0.148,*0.674,0.178 
   300  2:neutral  2:neutral       0.162,*0.711,0.127 
   301  2:neutral  2:neutral       0.14,*0.515,0.345 
   302  2:neutral  2:neutral       0.148,*0.672,0.18 
   303  2:neutral 3:positive   +   0.063,0.2,*0.737 
   304  2:neutral  2:neutral       0.194,*0.459,0.347 
   305  2:neutral  2:neutral       0.129,*0.722,0.149 
   306  2:neutral  2:neutral       0.118,*0.665,0.217 
   307  2:neutral  2:neutral       0.148,*0.728,0.124 
   308  2:neutral  2:neutral       0.179,*0.761,0.06 
   309  2:neutral 3:positive   +   0.042,0.105,*0.852 
   310  2:neutral  2:neutral       0.182,*0.719,0.099 
   311  2:neutral  2:neutral       0.147,*0.54,0.313 
   312  2:neutral  2:neutral       0.172,*0.592,0.235 
   313  2:neutral  2:neutral       0.186,*0.688,0.126 
   314  2:neutral  2:neutral       0.202,*0.624,0.174 
   315  2:neutral  2:neutral       0.115,*0.693,0.192 
   316  2:neutral 3:positive   +   0.055,0.328,*0.617 
   317  2:neutral  2:neutral       0.101,*0.551,0.348 
   318  2:neutral  2:neutral       0.139,*0.686,0.175 
   319  2:neutral  2:neutral       0.15,*0.509,0.341 
   320  2:neutral  2:neutral       0.147,*0.717,0.136 
   321  2:neutral  2:neutral       0.144,*0.731,0.125 
   322  2:neutral  2:neutral       0.135,*0.758,0.107 
   323  2:neutral  2:neutral       0.151,*0.465,0.384 
   324  2:neutral  2:neutral       0.145,*0.7,0.155 
   325  2:neutral  2:neutral       0.138,*0.699,0.163 
   326  2:neutral  2:neutral       0.134,*0.68,0.187 
   327  2:neutral 3:positive   +   0.295,0.253,*0.452 
   328  2:neutral  2:neutral       0.224,*0.566,0.21 
   329  2:neutral  2:neutral       0.214,*0.528,0.257 
   330  2:neutral  2:neutral       0.131,*0.738,0.131 
   331  2:neutral  2:neutral       0.138,*0.662,0.2 
   332  2:neutral  2:neutral       0.152,*0.719,0.128 
   333  2:neutral  2:neutral       0.133,*0.691,0.176 
   334  2:neutral 3:positive   +   0.197,0.327,*0.476 
   335  2:neutral 3:positive   +   0.071,0.399,*0.53 
   336  2:neutral  2:neutral       0.132,*0.624,0.245 
   337  2:neutral  2:neutral       0.141,*0.727,0.132 
   338  2:neutral  2:neutral       0.195,*0.552,0.253 
   339  2:neutral  2:neutral       0.142,*0.667,0.191 
   340  2:neutral  2:neutral       0.197,*0.599,0.204 
   341  2:neutral  2:neutral       0.127,*0.633,0.241 
   342  2:neutral 3:positive   +   0.164,0.137,*0.699 
   343  2:neutral  2:neutral       0.219,*0.637,0.144 
   344  2:neutral  2:neutral       0.092,*0.518,0.39 
   345  2:neutral  2:neutral       0.118,*0.758,0.124 
   346  2:neutral  2:neutral       0.123,*0.587,0.29 
   347  2:neutral  2:neutral       0.138,*0.643,0.219 
   348  2:neutral  2:neutral       0.183,*0.55,0.267 
   349  2:neutral  2:neutral       0.157,*0.68,0.163 
   350  2:neutral  2:neutral       0.131,*0.675,0.194 
   351  2:neutral  2:neutral       0.111,*0.665,0.224 
   352  2:neutral  2:neutral       0.125,*0.682,0.193 
   353  2:neutral  2:neutral       0.111,*0.538,0.35 
   354  2:neutral  2:neutral       0.329,*0.42,0.251 
   355  2:neutral  2:neutral       0.137,*0.679,0.183 
   356  2:neutral  2:neutral       0.184,*0.5,0.315 
   357  2:neutral  2:neutral       0.121,*0.598,0.281 
   358  2:neutral 3:positive   +   0.068,0.378,*0.553 
   359  2:neutral  2:neutral       0.244,*0.689,0.067 
   360  2:neutral  2:neutral       0.162,*0.727,0.11 
   361  2:neutral  2:neutral       0.136,*0.74,0.124 
   362  2:neutral  2:neutral       0.288,*0.457,0.255 
   363  2:neutral  2:neutral       0.176,*0.696,0.128 
   364  2:neutral  2:neutral       0.13,*0.721,0.149 
   365  2:neutral 3:positive   +   0.224,0.173,*0.603 
   366  2:neutral  2:neutral       0.135,*0.696,0.169 
   367  2:neutral  2:neutral       0.209,*0.6,0.191 
   368  2:neutral  2:neutral       0.133,*0.726,0.141 
   369  2:neutral  2:neutral       0.1,*0.662,0.238 
   370  2:neutral  2:neutral       0.14,*0.544,0.317 
   371  2:neutral  2:neutral       0.167,*0.75,0.084 
   372  2:neutral  2:neutral       0.138,*0.591,0.271 
   373  2:neutral  2:neutral       0.136,*0.639,0.225 
