Zero Weights processed. Default weights will be used
..
Warning: using -h 0 may be faster
*
optimization finished, #iter = 2422
C = 1104.2623349394548
obj = 604820.2007884035, rho = -21.893451967646925
nSV = 2424, nBSV = 947
Total nSV = 2424
..
Warning: using -h 0 may be faster
*
optimization finished, #iter = 2444
C = 1065.7336239480924
obj = 559635.854795719, rho = -23.75439483351788
nSV = 2413, nBSV = 968
Total nSV = 2413
..
Warning: using -h 0 may be faster
*
optimization finished, #iter = 2390
C = 1024.7738126934744
obj = 545157.9698804937, rho = -23.919044861422268
nSV = 2382, nBSV = 976
Total nSV = 2382
..
Warning: using -h 0 may be faster
*
optimization finished, #iter = 2273
C = 1021.0726174717078
obj = 540090.9638900917, rho = -28.165787064431907
nSV = 2362, nBSV = 976
Total nSV = 2362
..
Warning: using -h 0 may be faster
*
optimization finished, #iter = 2278
C = 1036.0872236889468
obj = 551693.5707363621, rho = -24.904608386067576
nSV = 2382, nBSV = 976
Total nSV = 2382
..
Warning: using -h 0 may be faster
*
optimization finished, #iter = 2793
C = 1068.3747304136857
obj = 685486.4494916169, rho = -21.104478278848074
nSV = 2907, nBSV = 1288
...
Warning: using -h 0 may be faster
*
optimization finished, #iter = 3938
C = 2842.48363251629
obj = 2789379.1461413014, rho = -24.33998151617191
nSV = 4169, nBSV = 1358
Total nSV = 4169
....
Warning: using -h 0 may be faster
*
optimization finished, #iter = 4075
C = 2848.0175418776334
obj = 2764003.079074504, rho = -139.28089314768943
nSV = 4130, nBSV = 1333
Total nSV = 4130
...
Warning: using -h 0 may be faster
*
optimization finished, #iter = 3922
C = 2765.525205003126
obj = 2682276.229625992, rho = -124.14331003840555
nSV = 4098, nBSV = 1348
Total nSV = 4098
....
Warning: using -h 0 may be faster
*
optimization finished, #iter = 4130
C = 2761.2040027839066
obj = 2745436.2523523066, rho = -129.4657035791572
nSV = 4143, nBSV = 1307
Total nSV = 4143
.
Warning: using -h 0 may be faster
...
Warning: using -h 0 may be faster
*
optimization finished, #iter = 4088
C = 2773.934470935048
obj = 2698937.9850814813, rho = -134.82893000121254
nSV = 4152, nBSV = 1323
Total nSV = 4152
.....
Warning: using -h 0 may be faster
*
optimization finished, #iter = 5158
C = 2992.3829684955895
obj = 3434316.4980856236, rho = -18.910065384442323
nSV = 5059, nBSV = 1726
..
Warning: using -h 0 may be faster
*
optimization finished, #iter = 2535
C = 1113.6088365439064
obj = 658766.8617987555, rho = -6.834285027633838
nSV = 2780, nBSV = 1138
Total nSV = 2780
..
Warning: using -h 0 may be faster
*
optimization finished, #iter = 2656
C = 1089.8587726279075
obj = 648576.2128975678, rho = -53.576307261675176
nSV = 2807, nBSV = 1169
Total nSV = 2807
..
Warning: using -h 0 may be faster
*
optimization finished, #iter = 2558
C = 1146.783384367126
obj = 700851.3536610701, rho = -61.54015374091686
nSV = 2791, nBSV = 1130
Total nSV = 2791
..
Warning: using -h 0 may be faster
*
optimization finished, #iter = 2625
C = 1110.4293698446706
obj = 678303.3416599996, rho = -35.18919889520825
nSV = 2785, nBSV = 1131
Total nSV = 2785
..
Warning: using -h 0 may be faster
*
optimization finished, #iter = 2447
C = 1156.342104586793
obj = 709792.1234208815, rho = -59.64889905708388
nSV = 2791, nBSV = 1130
Total nSV = 2791
...
Warning: using -h 0 may be faster
*
optimization finished, #iter = 3027
C = 1140.2376077934982
obj = 813042.3278635393, rho = 2.269745674673399
nSV = 3368, nBSV = 1494
Total nSV = 7841
.
Warning: using -h 0 may be faster
*
optimization finished, #iter = 1817
C = 1005.2808502753965
obj = 443259.80372800626, rho = -24.2599877648564
nSV = 1951, nBSV = 760
Total nSV = 1951
.
Warning: using -h 0 may be faster
*
optimization finished, #iter = 1839
C = 1046.8748973385564
obj = 464977.131574852, rho = -37.435971136598305
nSV = 1974, nBSV = 743
Total nSV = 1974
.
Warning: using -h 0 may be faster
*
optimization finished, #iter = 1895
C = 964.087276849886
obj = 425129.75024471676, rho = -29.96061149268163
nSV = 1944, nBSV = 782
Total nSV = 1944
.
Warning: using -h 0 may be faster
*
optimization finished, #iter = 1839
C = 1035.088284652961
obj = 461443.514575344, rho = -23.693526162813928
nSV = 1961, nBSV = 733
Total nSV = 1961
.
Warning: using -h 0 may be faster
*
optimization finished, #iter = 1800
C = 1067.1605559645668
obj = 478946.42816891155, rho = -32.18831087932129
nSV = 1979, nBSV = 749
Total nSV = 1979
..
Warning: using -h 0 may be faster
*
optimization finished, #iter = 2348
C = 1040.099428257421
obj = 552475.0506064617, rho = -11.077021489291885
nSV = 2403, nBSV = 956
...
Warning: using -h 0 may be faster
*
optimization finished, #iter = 3363
C = 2508.382947926876
obj = 2064131.5432366673, rho = -131.1140836316788
nSV = 3389, nBSV = 976
Total nSV = 3389
...
Warning: using -h 0 may be faster
*
optimization finished, #iter = 3368
C = 2768.1703078805817
obj = 2274210.9444254036, rho = -141.10090500844905
nSV = 3415, nBSV = 981
Total nSV = 3415
...
Warning: using -h 0 may be faster
*
optimization finished, #iter = 3214
C = 2607.510858016926
obj = 2084012.2875084742, rho = -124.3569494805448
nSV = 3415, nBSV = 1014
Total nSV = 3415
...
Warning: using -h 0 may be faster
*
optimization finished, #iter = 3069
C = 2449.0349534088045
obj = 1967025.5445361715, rho = -101.51326050013841
nSV = 3390, nBSV = 994
Total nSV = 3390
...
Warning: using -h 0 may be faster
*
optimization finished, #iter = 3459
C = 2485.9078541511585
obj = 2004756.0089278645, rho = -92.87865937143
nSV = 3483, nBSV = 976
Total nSV = 3483
....
Warning: using -h 0 may be faster
*
optimization finished, #iter = 4253
C = 2811.8066661377015
obj = 2768389.9809554606, rho = 9.460602489025577
nSV = 4193, nBSV = 1300
..
Warning: using -h 0 may be faster
*
optimization finished, #iter = 2094
C = 1103.6183047980194
obj = 561139.9847934083, rho = 15.737280384957277
nSV = 2315, nBSV = 869
Total nSV = 2315
..
Warning: using -h 0 may be faster
*
optimization finished, #iter = 2160
C = 1085.2005352848864
obj = 559844.9803179487, rho = -45.86436349154501
nSV = 2285, nBSV = 863
Total nSV = 2285
..
Warning: using -h 0 may be faster
*
optimization finished, #iter = 2078
C = 1059.0336569851313
obj = 538382.6113130216, rho = -34.27827622575349
nSV = 2298, nBSV = 858
Total nSV = 2298
..
Warning: using -h 0 may be faster
*
optimization finished, #iter = 2212
C = 1100.3154920558563
obj = 575400.8854705278, rho = -38.69835046501296
nSV = 2286, nBSV = 842
Total nSV = 2286
..
Warning: using -h 0 may be faster
*
optimization finished, #iter = 2151
C = 1097.005172585038
obj = 564517.1389562514, rho = -52.09191402793254
nSV = 2312, nBSV = 862
Total nSV = 2312
..
Warning: using -h 0 may be faster
*
optimization finished, #iter = 2526
C = 1080.2537675339754
obj = 651284.2725260408, rho = 10.473978416957491
nSV = 2765, nBSV = 1113
Total nSV = 6404
.
Warning: using -h 0 may be faster
*
optimization finished, #iter = 1776
C = 1038.4112705844896
obj = 458639.6497869211, rho = -26.277151550019802
nSV = 1952, nBSV = 738
Total nSV = 1952
.
Warning: using -h 0 may be faster
*
optimization finished, #iter = 1874
C = 1084.7758437757495
obj = 483160.80355344206, rho = -15.638110013003882
nSV = 1996, nBSV = 743
Total nSV = 1996
.
Warning: using -h 0 may be faster
*
optimization finished, #iter = 1855
C = 1097.7434157063065
obj = 504994.8258226709, rho = -14.158418090978932
nSV = 1982, nBSV = 726
Total nSV = 1982
.
Warning: using -h 0 may be faster
*
optimization finished, #iter = 1908
C = 1075.1524156219423
obj = 484090.7086108472, rho = -17.162260982443847
nSV = 1968, nBSV = 730
Total nSV = 1968
.
Warning: using -h 0 may be faster
*
optimization finished, #iter = 1931
C = 1060.435837953512
obj = 469472.6155660481, rho = -10.88165828823738
nSV = 1992, nBSV = 739
Total nSV = 1992
..
Warning: using -h 0 may be faster
*
optimization finished, #iter = 2371
C = 1095.0479638257914
obj = 583289.9393499157, rho = -13.3471338501386
nSV = 2414, nBSV = 981
...
Warning: using -h 0 may be faster
*
optimization finished, #iter = 3409
C = 2591.2439198189486
obj = 2065454.608975027, rho = -104.48836489556788
nSV = 3456, nBSV = 994
Total nSV = 3456
...
Warning: using -h 0 may be faster
*
optimization finished, #iter = 3336
C = 2501.8911973671757
obj = 2015510.518238376, rho = -112.77441042451524
nSV = 3415, nBSV = 1000
Total nSV = 3415
...
Warning: using -h 0 may be faster
*
optimization finished, #iter = 3150
C = 2472.2783840701004
obj = 2002048.8019283253, rho = -107.25686878030552
nSV = 3362, nBSV = 1026
Total nSV = 3362
...
Warning: using -h 0 may be faster
*
optimization finished, #iter = 3225
C = 2497.7443538459315
obj = 2002150.373861398, rho = -80.52265566946579
nSV = 3413, nBSV = 988
Total nSV = 3413
...
Warning: using -h 0 may be faster
*
optimization finished, #iter = 3342
C = 2689.351635609666
obj = 2255982.831426542, rho = -114.87480034600935
nSV = 3437, nBSV = 1003
Total nSV = 3437
...
Warning: using -h 0 may be faster
*
optimization finished, #iter = 3967
C = 2689.857114863391
obj = 2555254.2969256616, rho = -47.76877132096015
nSV = 4111, nBSV = 1334
..
Warning: using -h 0 may be faster
*
optimization finished, #iter = 2198
C = 1165.8003610614965
obj = 610421.3958343292, rho = -50.722522891946696
nSV = 2335, nBSV = 846
Total nSV = 2335
..
Warning: using -h 0 may be faster
*
optimization finished, #iter = 2316
C = 1112.5300182373767
obj = 564704.3714240091, rho = -46.96408033657247
nSV = 2338, nBSV = 844
Total nSV = 2338
..
Warning: using -h 0 may be faster
*
optimization finished, #iter = 2086
C = 1168.3961061545763
obj = 615257.6803227506, rho = -62.19851384724957
nSV = 2330, nBSV = 864
Total nSV = 2330
..
Warning: using -h 0 may be faster
*
optimization finished, #iter = 2285
C = 1123.772952743723
obj = 578125.081613316, rho = -51.852747257428845
nSV = 2338, nBSV = 877
Total nSV = 2338
..
Warning: using -h 0 may be faster
*
optimization finished, #iter = 2171
C = 1088.2543343609475
obj = 560626.093820224, rho = -48.34366494304144
nSV = 2300, nBSV = 853
Total nSV = 2300
..
Warning: using -h 0 may be faster
*
optimization finished, #iter = 2416
C = 1125.8500672064533
obj = 678180.892924356, rho = 8.285757371551131
nSV = 2760, nBSV = 1163
Total nSV = 6352
...
Warning: using -h 0 may be faster
*
optimization finished, #iter = 3421
C = 2655.3810298402054
obj = 2136790.671259856, rho = 5.4219938596517
nSV = 3489, nBSV = 984
Total nSV = 3489
...
Warning: using -h 0 may be faster
*
optimization finished, #iter = 3248
C = 2665.936454538094
obj = 2222213.2738112053, rho = -129.06639006968493
nSV = 3429, nBSV = 981
Total nSV = 3429
...
Warning: using -h 0 may be faster
*
optimization finished, #iter = 3452
C = 2740.1859293703856
obj = 2293657.5132673485, rho = -138.62585120927582
nSV = 3454, nBSV = 985
Total nSV = 3454
...
Warning: using -h 0 may be faster
*
optimization finished, #iter = 3200
C = 2695.1352180873896
obj = 2300972.893955562, rho = -122.73606700414989
nSV = 3421, nBSV = 1010
Total nSV = 3421
...
Warning: using -h 0 may be faster
*
optimization finished, #iter = 3241
C = 2605.646607185368
obj = 2141184.0077978964, rho = -126.1932854784999
nSV = 3446, nBSV = 1008
Total nSV = 3446
....
Warning: using -h 0 may be faster
*
optimization finished, #iter = 4107
C = 2842.248812970833
obj = 2814990.4655991243, rho = -144.34520802720317
nSV = 4217, nBSV = 1293
..
Warning: using -h 0 may be faster
*
optimization finished, #iter = 2180
C = 1195.0480832004491
obj = 621174.3399022246, rho = -54.75805674771563
nSV = 2354, nBSV = 842
Total nSV = 2354
..
Warning: using -h 0 may be faster
*
optimization finished, #iter = 2119
C = 1138.4003656228042
obj = 582647.3411971098, rho = 1.0516013782413371
nSV = 2277, nBSV = 852
Total nSV = 2277
..
Warning: using -h 0 may be faster
*
optimization finished, #iter = 2019
C = 1197.81817163198
obj = 623054.6305432617, rho = 7.665337981733895
nSV = 2302, nBSV = 855
Total nSV = 2302
..
Warning: using -h 0 may be faster
*
optimization finished, #iter = 2112
C = 1088.013037178109
obj = 540062.2924698633, rho = 6.143779542476866
nSV = 2309, nBSV = 845
Total nSV = 2309
..
Warning: using -h 0 may be faster
*
optimization finished, #iter = 2043
C = 1106.778422477991
obj = 564089.5002282937, rho = 10.425127958858369
nSV = 2314, nBSV = 860
Total nSV = 2314
..
Warning: using -h 0 may be faster
*
optimization finished, #iter = 2525
C = 1189.9079705359397
obj = 727845.1589250494, rho = -61.837313137776725
nSV = 2821, nBSV = 1121
.
Warning: using -h 0 may be faster
*
optimization finished, #iter = 1869
C = 1136.2246779471052
obj = 523806.3821722396, rho = -27.09114948293234
nSV = 1979, nBSV = 731
Total nSV = 1979
..
Warning: using -h 0 may be faster
*
optimization finished, #iter = 2032
C = 1084.7878691195067
obj = 496946.05543945066, rho = -32.999088476394235
nSV = 2000, nBSV = 726
Total nSV = 2000
..
Warning: using -h 0 may be faster
*
optimization finished, #iter = 2011
C = 1052.5096176889654
obj = 470301.305332291, rho = -23.651843915753997
nSV = 2012, nBSV = 744
Total nSV = 2012
..
Warning: using -h 0 may be faster
*
optimization finished, #iter = 2010
C = 1025.4001510815567
obj = 460403.3785551415, rho = -23.50848890490866
nSV = 1973, nBSV = 746
Total nSV = 1973
.
Warning: using -h 0 may be faster
*
optimization finished, #iter = 1972
C = 1069.7758394108102
obj = 483053.18583632685, rho = -15.163952268788126
nSV = 2019, nBSV = 731
Total nSV = 2019
..
Warning: using -h 0 may be faster
*
optimization finished, #iter = 2453
C = 1088.9892088478973
obj = 589601.5991006691, rho = -24.232308851916756
nSV = 2409, nBSV = 958
Total nSV = 6458
.
Warning: using -h 0 may be faster
*
optimization finished, #iter = 1984
C = 1069.379145708586
obj = 496924.5988834489, rho = -21.6052998888922
nSV = 1993, nBSV = 732
Total nSV = 1993
.
Warning: using -h 0 may be faster
*
optimization finished, #iter = 1902
C = 1046.1719303956759
obj = 479231.9097513604, rho = 0.3137963242675204
nSV = 1972, nBSV = 719
Total nSV = 1972
.
Warning: using -h 0 may be faster
*
optimization finished, #iter = 1818
C = 1004.2873299279549
obj = 453940.8537978836, rho = -5.460162683731892
nSV = 1953, nBSV = 753
Total nSV = 1953
.
Warning: using -h 0 may be faster
*
optimization finished, #iter = 1927
C = 1120.8449279991576
obj = 523312.45184620464, rho = -21.161612831156752
nSV = 1999, nBSV = 736
Total nSV = 1999
.
Warning: using -h 0 may be faster
*
optimization finished, #iter = 1864
C = 1065.3469608928233
obj = 492474.8154140097, rho = -19.94849562671051
nSV = 1981, nBSV = 744
Total nSV = 1981
..
Warning: using -h 0 may be faster
*
optimization finished, #iter = 2234
C = 1054.3872519338488
obj = 578105.1911291222, rho = -33.936184253030994
nSV = 2383, nBSV = 1000
..
Warning: using -h 0 may be faster
*
optimization finished, #iter = 2056
C = 1041.584285647212
obj = 521540.5333208025, rho = -39.91591491133454
nSV = 2218, nBSV = 900
Total nSV = 2218
..
Warning: using -h 0 may be faster
*
optimization finished, #iter = 2057
C = 1059.3863261316897
obj = 529724.7398195649, rho = -30.33212047922519
nSV = 2312, nBSV = 845
Total nSV = 2312
..
Warning: using -h 0 may be faster
*
optimization finished, #iter = 2081
C = 1066.8225231935774
obj = 543114.4229083065, rho = -33.45142666273189
nSV = 2289, nBSV = 878
Total nSV = 2289
..
Warning: using -h 0 may be faster
*
optimization finished, #iter = 2248
C = 1119.5081169420864
obj = 559023.5230456528, rho = -24.82749560726652
nSV = 2332, nBSV = 852
Total nSV = 2332
.
Warning: using -h 0 may be faster
*
optimization finished, #iter = 1912
C = 1038.6513148031277
obj = 514383.2957289516, rho = -32.60695384900937
nSV = 2259, nBSV = 912
Total nSV = 2259
..
Warning: using -h 0 may be faster
*
optimization finished, #iter = 2609
C = 1098.9666472244223
obj = 649408.7634841199, rho = -6.570704583474676
nSV = 2789, nBSV = 1141
...
Warning: using -h 0 may be faster
*
optimization finished, #iter = 3033
C = 2462.5906195262114
obj = 2035723.2054870771, rho = -102.60005135332615
nSV = 3323, nBSV = 1068
Total nSV = 3323
...
Warning: using -h 0 may be faster
*
optimization finished, #iter = 3321
C = 2596.777963208404
obj = 2113115.5572434603, rho = -118.3569193556258
nSV = 3399, nBSV = 986
Total nSV = 3399
...
Warning: using -h 0 may be faster
*
optimization finished, #iter = 3550
C = 2494.927326783793
obj = 2002630.835531557, rho = -116.1038290475367
nSV = 3466, nBSV = 964
Total nSV = 3466
...
Warning: using -h 0 may be faster
*
optimization finished, #iter = 3525
C = 2633.079196054051
obj = 2175079.4550431496, rho = -122.81737235590172
nSV = 3462, nBSV = 968
Total nSV = 3462
...
Warning: using -h 0 may be faster
*
optimization finished, #iter = 3639
C = 2600.044560418415
obj = 2114322.4793847497, rho = -124.59466237311545
nSV = 3471, nBSV = 969
Total nSV = 3471
...
Warning: using -h 0 may be faster
*
optimization finished, #iter = 3822
C = 2632.7903465618792
obj = 2579701.213399825, rho = -8.197339371149623
nSV = 4088, nBSV = 1357
Total nSV = 6368
.
Warning: using -h 0 may be faster
*
optimization finished, #iter = 1973
C = 986.2578809814809
obj = 487807.2789595355, rho = -9.49457528567773
nSV = 2228, nBSV = 918
Total nSV = 2228
.
Warning: using -h 0 may be faster
*
optimization finished, #iter = 1909
C = 1128.0250423442358
obj = 574018.9493564141, rho = -5.669855276610229
nSV = 2238, nBSV = 913
Total nSV = 2238
..
Warning: using -h 0 may be faster
*
optimization finished, #iter = 2093
C = 1007.2630504794137
obj = 492083.89880991826, rho = 7.715658099611652
nSV = 2247, nBSV = 915
Total nSV = 2247
.
Warning: using -h 0 may be faster
*
optimization finished, #iter = 1969
C = 1027.9823846604888
obj = 506835.0479399725, rho = -10.033444602281705
nSV = 2253, nBSV = 909
Total nSV = 2253
.
Warning: using -h 0 may be faster
*
optimization finished, #iter = 1952
C = 1079.3594973041818
obj = 542293.07181821, rho = -0.6343222641731442
nSV = 2254, nBSV = 880
Total nSV = 2254
..
Warning: using -h 0 may be faster
*
optimization finished, #iter = 2568
C = 1051.3417090521352
obj = 610418.7452792855, rho = 0.08688128882127359
nSV = 2777, nBSV = 1145
.
Warning: using -h 0 may be faster
*
optimization finished, #iter = 1741
C = 1034.7864385217413
obj = 472810.51108432445, rho = -32.404877179375084
nSV = 1944, nBSV = 743
Total nSV = 1944
.
Warning: using -h 0 may be faster
*
optimization finished, #iter = 1825
C = 1027.7577667296296
obj = 460264.40536650934, rho = -21.237963227978724
nSV = 1949, nBSV = 763
Total nSV = 1949
.
Warning: using -h 0 may be faster
*
optimization finished, #iter = 1946
C = 1012.7232462389959
obj = 447139.67470726557, rho = -11.784530782295148
nSV = 1968, nBSV = 743
Total nSV = 1968
.
Warning: using -h 0 may be faster
*
optimization finished, #iter = 1898
C = 1053.8316568906728
obj = 486769.0649273023, rho = -24.665165726293523
nSV = 1964, nBSV = 744
Total nSV = 1964
.
Warning: using -h 0 may be faster
*
optimization finished, #iter = 1855
C = 1095.0889431540004
obj = 512346.46650572645, rho = -21.500040913579248
nSV = 1974, nBSV = 744
Total nSV = 1974
..
Warning: using -h 0 may be faster
*
optimization finished, #iter = 2286
C = 1067.9177505263792
obj = 582875.3007194188, rho = -20.870071764744257
nSV = 2362, nBSV = 964
...
Warning: using -h 0 may be faster
*
optimization finished, #iter = 3252
C = 2550.6397529927403
obj = 2074314.1300329887, rho = -21.83073107375457
nSV = 3409, nBSV = 980
Total nSV = 3409
...
Warning: using -h 0 may be faster
*
optimization finished, #iter = 3137
C = 2527.3094630342316
obj = 2051638.4244515274, rho = -108.13134063475042
nSV = 3357, nBSV = 1004
Total nSV = 3357
...
Warning: using -h 0 may be faster
*
optimization finished, #iter = 3492
C = 2752.138475156886
obj = 2245916.1532455217, rho = -109.82079311323653
nSV = 3496, nBSV = 964
Total nSV = 3496
...
Warning: using -h 0 may be faster
*
optimization finished, #iter = 3265
C = 2754.123197591209
obj = 2358351.3065933483, rho = -91.18149624543206
nSV = 3405, nBSV = 983
Total nSV = 3405
...
Warning: using -h 0 may be faster
*
optimization finished, #iter = 3106
C = 2618.8448599176386
obj = 2203672.9499553824, rho = -70.93974576824766
nSV = 3398, nBSV = 996
Total nSV = 3398
...
Warning: using -h 0 may be faster
*
optimization finished, #iter = 3991
C = 2857.9211212496043
obj = 2842781.929862141, rho = -125.09163171652347
nSV = 4153, nBSV = 1308
Total nSV = 6395


=== Predictions under cross-validation ===

 inst#     actual  predicted error distribution
     1  2:neutral  2:neutral       0.133,*0.552,0.315 
     2  2:neutral  2:neutral       0.016,*0.836,0.148 
     3  2:neutral 3:positive   +   0.077,0.141,*0.781 
     4  2:neutral  2:neutral       0.125,*0.577,0.298 
     5  2:neutral  2:neutral       0.056,*0.627,0.316 
     6  2:neutral 1:negative   +   *0.642,0.315,0.043 
     7  2:neutral 3:positive   +   0.051,0.199,*0.75 
     8  2:neutral  2:neutral       0.094,*0.69,0.216 
     9  2:neutral  2:neutral       0.103,*0.496,0.402 
    10  2:neutral 1:negative   +   *0.761,0.147,0.092 
    11  2:neutral 3:positive   +   0.023,0.442,*0.535 
    12  2:neutral  2:neutral       0.078,*0.806,0.116 
    13  2:neutral  2:neutral       0.027,*0.784,0.189 
    14  2:neutral  2:neutral       0.017,*0.626,0.358 
    15  2:neutral  2:neutral       0.296,*0.483,0.222 
    16  2:neutral  2:neutral       0.028,*0.543,0.429 
    17  2:neutral 3:positive   +   0.28,0.335,*0.385 
    18  2:neutral  2:neutral       0.233,*0.388,0.38 
    19  2:neutral  2:neutral       0.115,*0.57,0.315 
    20  2:neutral  2:neutral       0.017,*0.951,0.032 
    21  2:neutral  2:neutral       0.252,*0.379,0.369 
    22  2:neutral  2:neutral       0.092,*0.459,0.448 
    23  2:neutral  2:neutral       0.087,*0.63,0.283 
    24  2:neutral  2:neutral       0.063,*0.768,0.17 
    25  2:neutral  2:neutral       0.077,*0.563,0.36 
    26  2:neutral 3:positive   +   0.274,0.288,*0.438 
    27  2:neutral  2:neutral       0.029,*0.708,0.263 
    28  2:neutral  2:neutral       0.391,*0.409,0.199 
    29  2:neutral  2:neutral       0.031,*0.753,0.216 
    30  2:neutral 3:positive   +   0.049,0.407,*0.544 
    31  2:neutral 1:negative   +   *0.465,0.44,0.095 
    32  2:neutral 1:negative   +   *0.947,0.044,0.008 
    33  2:neutral  2:neutral       0.013,*0.754,0.233 
    34  2:neutral  2:neutral       0.097,*0.633,0.27 
    35  2:neutral  2:neutral       0.119,*0.822,0.059 
    36  2:neutral  2:neutral       0.013,*0.772,0.215 
    37  2:neutral  2:neutral       0.328,*0.473,0.199 
    38  2:neutral  2:neutral       0.118,*0.608,0.273 
    39  2:neutral  2:neutral       0.029,*0.734,0.237 
    40  2:neutral  2:neutral       0.055,*0.505,0.441 
    41  2:neutral  2:neutral       0.075,*0.783,0.142 
    42  2:neutral  2:neutral       0.041,*0.576,0.383 
    43  2:neutral 3:positive   +   0.318,0.097,*0.585 
    44  2:neutral  2:neutral       0.077,*0.489,0.434 
    45  2:neutral  2:neutral       0.037,*0.792,0.171 
    46  2:neutral  2:neutral       0.021,*0.54,0.44 
    47  2:neutral  2:neutral       0.049,*0.639,0.313 
    48  2:neutral 3:positive   +   0.054,0.394,*0.552 
    49  2:neutral  2:neutral       0.064,*0.802,0.134 
    50  2:neutral  2:neutral       0.042,*0.797,0.162 
    51  2:neutral  2:neutral       0.169,*0.782,0.049 
    52  2:neutral  2:neutral       0.192,*0.482,0.326 
    53  2:neutral  2:neutral       0.262,*0.381,0.357 
    54  2:neutral  2:neutral       0.101,*0.563,0.336 
    55  2:neutral  2:neutral       0.041,*0.805,0.154 
    56  2:neutral  2:neutral       0.028,*0.91,0.061 
    57  2:neutral  2:neutral       0.162,*0.434,0.404 
    58  2:neutral  2:neutral       0.074,*0.477,0.449 
    59  2:neutral  2:neutral       0.091,*0.501,0.408 
    60  2:neutral  2:neutral       0.07,*0.614,0.316 
    61  2:neutral  2:neutral       0.114,*0.681,0.205 
    62  2:neutral  2:neutral       0.155,*0.681,0.163 
    63  2:neutral  2:neutral       0.051,*0.576,0.374 
    64  2:neutral 3:positive   +   0.15,0.368,*0.481 
    65  2:neutral  2:neutral       0.276,*0.584,0.14 
    66  2:neutral 3:positive   +   0.04,0.187,*0.773 
    67  2:neutral 3:positive   +   0.129,0.435,*0.436 
    68  2:neutral 3:positive   +   0.183,0.386,*0.432 
    69  2:neutral 3:positive   +   0.053,0.367,*0.579 
    70  2:neutral 3:positive   +   0.156,0.34,*0.505 
    71  2:neutral  2:neutral       0.153,*0.691,0.156 
    72  2:neutral 3:positive   +   0.038,0.071,*0.892 
    73  2:neutral 3:positive   +   0.121,0.351,*0.528 
    74  2:neutral 3:positive   +   0.046,0.364,*0.59 
    75  2:neutral  2:neutral       0.082,*0.765,0.153 
    76  2:neutral  2:neutral       0.102,*0.571,0.328 
    77  2:neutral 3:positive   +   0.097,0.437,*0.466 
    78  2:neutral  2:neutral       0.06,*0.566,0.374 
    79  2:neutral 1:negative   +   *0.492,0.403,0.105 
    80  2:neutral  2:neutral       0.109,*0.818,0.072 
    81  2:neutral 1:negative   +   *0.402,0.359,0.239 
    82  2:neutral  2:neutral       0.11,*0.807,0.083 
    83  2:neutral 1:negative   +   *0.593,0.156,0.251 
    84  2:neutral 3:positive   +   0.035,0.285,*0.68 
    85  2:neutral 1:negative   +   *0.452,0.421,0.127 
    86  2:neutral  2:neutral       0.056,*0.79,0.154 
    87  2:neutral 3:positive   +   0.014,0.458,*0.528 
    88  2:neutral 3:positive   +   0.026,0.461,*0.513 
    89  2:neutral 1:negative   +   *0.665,0.142,0.193 
    90  2:neutral  2:neutral       0.011,*0.755,0.234 
    91  2:neutral  2:neutral       0.118,*0.612,0.27 
    92  2:neutral  2:neutral       0.133,*0.652,0.216 
    93  2:neutral  2:neutral       0.078,*0.59,0.332 
    94  2:neutral  2:neutral       0.088,*0.484,0.427 
    95  2:neutral  2:neutral       0.115,*0.49,0.395 
    96  2:neutral  2:neutral       0.092,*0.712,0.195 
    97  2:neutral  2:neutral       0.103,*0.624,0.272 
    98  2:neutral 3:positive   +   0.087,0.287,*0.626 
    99  2:neutral  2:neutral       0.066,*0.712,0.222 
   100  2:neutral  2:neutral       0.084,*0.733,0.183 
   101  2:neutral 3:positive   +   0.233,0.268,*0.498 
   102  2:neutral 3:positive   +   0.088,0.421,*0.49 
   103  2:neutral  2:neutral       0.067,*0.702,0.23 
   104  2:neutral  2:neutral       0.17,*0.487,0.343 
   105  2:neutral  2:neutral       0.073,*0.598,0.329 
   106  2:neutral 3:positive   +   0.057,0.233,*0.71 
   107  2:neutral  2:neutral       0.096,*0.591,0.313 
   108  2:neutral  2:neutral       0.039,*0.821,0.14 
   109  2:neutral  2:neutral       0.02,*0.674,0.306 
   110  2:neutral  2:neutral       0.144,*0.564,0.292 
   111  2:neutral  2:neutral       0.062,*0.485,0.453 
   112  2:neutral  2:neutral       0.009,*0.862,0.129 
   113  2:neutral  2:neutral       0.031,*0.807,0.162 
   114  2:neutral 3:positive   +   0.103,0.351,*0.546 
   115  2:neutral  2:neutral       0.067,*0.521,0.412 
   116  2:neutral  2:neutral       0.114,*0.791,0.095 
   117  2:neutral  2:neutral       0.04,*0.875,0.084 
   118  2:neutral 3:positive   +   0.129,0.345,*0.526 
   119  2:neutral  2:neutral       0.03,*0.871,0.099 
   120  2:neutral 3:positive   +   0.049,0.193,*0.759 
   121  2:neutral  2:neutral       0.076,*0.507,0.417 
   122  2:neutral 3:positive   +   0.132,0.256,*0.612 
   123  2:neutral  2:neutral       0.149,*0.783,0.068 
   124  2:neutral  2:neutral       0.06,*0.794,0.145 
   125  2:neutral  2:neutral       0.101,*0.752,0.146 
   126  2:neutral  2:neutral       0.054,*0.572,0.375 
   127  2:neutral  2:neutral       0.051,*0.686,0.264 
   128  2:neutral 3:positive   +   0.023,0.369,*0.608 
   129  2:neutral  2:neutral       0.149,*0.532,0.319 
   130  2:neutral  2:neutral       0.074,*0.514,0.412 
   131  2:neutral  2:neutral       0.299,*0.36,0.341 
   132  2:neutral  2:neutral       0.074,*0.645,0.28 
   133  2:neutral  2:neutral       0.113,*0.659,0.228 
   134  2:neutral 3:positive   +   0.045,0.46,*0.495 
   135  2:neutral  2:neutral       0.022,*0.696,0.282 
   136  2:neutral  2:neutral       0.007,*0.728,0.265 
   137  2:neutral  2:neutral       0.078,*0.744,0.178 
   138  2:neutral  2:neutral       0.035,*0.664,0.301 
   139  2:neutral  2:neutral       0.211,*0.591,0.198 
   140  2:neutral  2:neutral       0.097,*0.582,0.322 
   141  2:neutral  2:neutral       0.084,*0.711,0.206 
   142  2:neutral  2:neutral       0.169,*0.489,0.343 
   143  2:neutral  2:neutral       0.23,*0.56,0.21 
   144  2:neutral  2:neutral       0.135,*0.732,0.133 
   145  2:neutral 3:positive   +   0.203,0.263,*0.534 
   146  2:neutral  2:neutral       0.389,*0.491,0.12 
   147  2:neutral  2:neutral       0.026,*0.694,0.28 
   148  2:neutral  2:neutral       0.133,*0.668,0.199 
   149  2:neutral 3:positive   +   0.175,0.283,*0.543 
   150  2:neutral  2:neutral       0.089,*0.728,0.183 
   151  2:neutral  2:neutral       0.113,*0.724,0.163 
   152  2:neutral  2:neutral       0.041,*0.826,0.133 
   153  2:neutral  2:neutral       0.038,*0.832,0.13 
   154  2:neutral  2:neutral       0.144,*0.71,0.146 
   155  2:neutral  2:neutral       0.056,*0.488,0.457 
   156  2:neutral 3:positive   +   0.085,0.272,*0.643 
   157  2:neutral  2:neutral       0.049,*0.655,0.297 
   158  2:neutral  2:neutral       0.045,*0.83,0.125 
   159  2:neutral  2:neutral       0.108,*0.823,0.069 
   160  2:neutral  2:neutral       0.007,*0.631,0.362 
   161  2:neutral  2:neutral       0.19,*0.583,0.228 
   162  2:neutral  2:neutral       0.04,*0.775,0.185 
   163  2:neutral  2:neutral       0.015,*0.686,0.299 
   164  2:neutral  2:neutral       0.107,*0.601,0.291 
   165  2:neutral  2:neutral       0.071,*0.806,0.122 
   166  2:neutral  2:neutral       0.061,*0.688,0.252 
   167  2:neutral  2:neutral       0.092,*0.663,0.245 
   168  2:neutral  2:neutral       0.039,*0.686,0.275 
   169  2:neutral  2:neutral       0.145,*0.511,0.343 
   170  2:neutral  2:neutral       0.047,*0.781,0.172 
   171  2:neutral  2:neutral       0.076,*0.476,0.448 
   172  2:neutral  2:neutral       0.096,*0.614,0.29 
   173  2:neutral 1:negative   +   *0.757,0.205,0.038 
   174  2:neutral  2:neutral       0.097,*0.511,0.393 
   175  2:neutral  2:neutral       0.053,*0.79,0.157 
   176  2:neutral  2:neutral       0.424,*0.475,0.101 
   177  2:neutral  2:neutral       0.022,*0.736,0.242 
   178  2:neutral  2:neutral       0.136,*0.774,0.09 
   179  2:neutral  2:neutral       0.223,*0.584,0.193 
   180  2:neutral  2:neutral       0.04,*0.805,0.155 
   181  2:neutral  2:neutral       0.078,*0.711,0.211 
   182  2:neutral 1:negative   +   *0.905,0.082,0.014 
   183  2:neutral  2:neutral       0.074,*0.61,0.316 
   184  2:neutral  2:neutral       0.088,*0.556,0.356 
   185  2:neutral  2:neutral       0.05,*0.604,0.346 
   186  2:neutral  2:neutral       0.012,*0.733,0.255 
   187  2:neutral  2:neutral       0.056,*0.477,0.467 
   188  2:neutral 3:positive   +   0.051,0.402,*0.547 
   189  2:neutral 1:negative   +   *0.698,0.247,0.056 
   190  2:neutral  2:neutral       0.348,*0.59,0.062 
   191  2:neutral  2:neutral       0.135,*0.732,0.132 
   192  2:neutral  2:neutral       0.039,*0.771,0.19 
   193  2:neutral  2:neutral       0.013,*0.682,0.305 
   194  2:neutral  2:neutral       0.088,*0.845,0.068 
   195  2:neutral 3:positive   +   0.117,0.232,*0.651 
   196  2:neutral  2:neutral       0.112,*0.686,0.202 
   197  2:neutral  2:neutral       0.087,*0.528,0.385 
   198  2:neutral  2:neutral       0.313,*0.44,0.247 
   199  2:neutral 3:positive   +   0.09,0.21,*0.7 
   200  2:neutral  2:neutral       0.066,*0.523,0.41 
   201  2:neutral  2:neutral       0.035,*0.883,0.082 
   202  2:neutral  2:neutral       0.086,*0.643,0.27 
   203  2:neutral 3:positive   +   0.081,0.424,*0.494 
   204  2:neutral  2:neutral       0.014,*0.955,0.031 
   205  2:neutral  2:neutral       0.016,*0.656,0.329 
   206  2:neutral  2:neutral       0.31,*0.45,0.24 
   207  2:neutral 3:positive   +   0.025,0.481,*0.493 
   208  2:neutral  2:neutral       0.031,*0.853,0.116 
   209  2:neutral  2:neutral       0.026,*0.879,0.096 
   210  2:neutral 3:positive   +   0.309,0.295,*0.397 
   211  2:neutral  2:neutral       0.024,*0.744,0.232 
   212  2:neutral  2:neutral       0.023,*0.857,0.12 
   213  2:neutral  2:neutral       0.077,*0.668,0.254 
   214  2:neutral  2:neutral       0.118,*0.581,0.3 
   215  2:neutral  2:neutral       0.242,*0.656,0.102 
   216  2:neutral 3:positive   +   0.067,0.449,*0.484 
   217  2:neutral  2:neutral       0.045,*0.751,0.203 
   218  2:neutral 3:positive   +   0.189,0.387,*0.424 
   219  2:neutral  2:neutral       0.09,*0.78,0.13 
   220  2:neutral  2:neutral       0.084,*0.466,0.45 
   221  2:neutral 1:negative   +   *0.349,0.337,0.314 
   222  2:neutral 3:positive   +   0.166,0.349,*0.485 
   223  2:neutral  2:neutral       0.042,*0.559,0.399 
   224  2:neutral  2:neutral       0.106,*0.588,0.306 
   225  2:neutral  2:neutral       0.037,*0.857,0.107 
   226  2:neutral  2:neutral       0.077,*0.723,0.2 
   227  2:neutral  2:neutral       0.043,*0.805,0.152 
   228  2:neutral 3:positive   +   0.04,0.399,*0.561 
   229  2:neutral 3:positive   +   0.035,0.444,*0.521 
   230  2:neutral 1:negative   +   *0.547,0.271,0.182 
   231  2:neutral  2:neutral       0.059,*0.832,0.11 
   232  2:neutral  2:neutral       0.319,*0.445,0.237 
   233  2:neutral 3:positive   +   0.251,0.323,*0.425 
   234  2:neutral 3:positive   +   0.068,0.451,*0.481 
   235  2:neutral  2:neutral       0.2,*0.65,0.15 
   236  2:neutral  2:neutral       0.105,*0.495,0.4 
   237  2:neutral 3:positive   +   0.04,0.255,*0.705 
   238  2:neutral  2:neutral       0.26,*0.572,0.168 
   239  2:neutral  2:neutral       0.092,*0.605,0.303 
   240  2:neutral  2:neutral       0.073,*0.658,0.268 
   241  2:neutral 3:positive   +   0.325,0.329,*0.346 
   242  2:neutral  2:neutral       0.071,*0.769,0.16 
   243  2:neutral 3:positive   +   0.023,0.407,*0.57 
   244  2:neutral  2:neutral       0.053,*0.696,0.252 
   245  2:neutral  2:neutral       0.144,*0.688,0.168 
   246  2:neutral 3:positive   +   0.018,0.34,*0.642 
   247  2:neutral  2:neutral       0.012,*0.954,0.034 
   248  2:neutral  2:neutral       0.065,*0.468,0.467 
   249  2:neutral  2:neutral       0.225,*0.405,0.37 
   250  2:neutral  2:neutral       0.045,*0.711,0.244 
   251  2:neutral  2:neutral       0.079,*0.585,0.336 
   252  2:neutral 3:positive   +   0.047,0.454,*0.499 
   253  2:neutral  2:neutral       0.178,*0.674,0.147 
   254  2:neutral  2:neutral       0.119,*0.781,0.1 
   255  2:neutral  2:neutral       0.037,*0.781,0.182 
   256  2:neutral  2:neutral       0.093,*0.635,0.272 
   257  2:neutral  2:neutral       0.096,*0.591,0.313 
   258  2:neutral  2:neutral       0.039,*0.886,0.076 
   259  2:neutral 3:positive   +   0.061,0.427,*0.512 
   260  2:neutral  2:neutral       0.059,*0.81,0.131 
   261  2:neutral 3:positive   +   0.022,0.339,*0.639 
   262  2:neutral  2:neutral       0.046,*0.747,0.207 
   263  2:neutral  2:neutral       0.066,*0.484,0.45 
   264  2:neutral  2:neutral       0.036,*0.874,0.09 
   265  2:neutral  2:neutral       0.115,*0.52,0.364 
   266  2:neutral  2:neutral       0.032,*0.855,0.113 
   267  2:neutral 3:positive   +   0.189,0.145,*0.666 
   268  2:neutral  2:neutral       0.182,*0.662,0.156 
   269  2:neutral  2:neutral       0.198,*0.494,0.309 
   270  2:neutral 3:positive   +   0.179,0.336,*0.485 
   271  2:neutral 3:positive   +   0.351,0.262,*0.387 
   272  2:neutral  2:neutral       0.08,*0.516,0.403 
   273  2:neutral  2:neutral       0.35,*0.494,0.155 
   274  2:neutral 3:positive   +   0.074,0.423,*0.503 
   275  2:neutral 3:positive   +   0.428,0.13,*0.442 
   276  2:neutral  2:neutral       0.059,*0.787,0.154 
   277  2:neutral  2:neutral       0.008,*0.627,0.365 
   278  2:neutral  2:neutral       0.048,*0.713,0.239 
   279  2:neutral 3:positive   +   0.303,0.311,*0.386 
   280  2:neutral 3:positive   +   0.037,0.358,*0.604 
   281  2:neutral  2:neutral       0.097,*0.595,0.309 
   282  2:neutral  2:neutral       0.04,*0.843,0.116 
   283  2:neutral  2:neutral       0.259,*0.411,0.33 
   284  2:neutral 3:positive   +   0.035,0.402,*0.563 
   285  2:neutral  2:neutral       0.009,*0.891,0.099 
   286  2:neutral 3:positive   +   0.097,0.4,*0.503 
   287  2:neutral  2:neutral       0.04,*0.895,0.064 
   288  2:neutral  2:neutral       0.166,*0.694,0.14 
   289  2:neutral  2:neutral       0.06,*0.64,0.299 
   290  2:neutral 3:positive   +   0.017,0.455,*0.528 
   291  2:neutral  2:neutral       0.162,*0.566,0.272 
   292  2:neutral 1:negative   +   *0.722,0.166,0.112 
   293  2:neutral 3:positive   +   0.045,0.427,*0.528 
   294  2:neutral 3:positive   +   0.113,0.19,*0.697 
   295  2:neutral  2:neutral       0.121,*0.843,0.036 
   296  2:neutral  2:neutral       0.074,*0.645,0.28 
   297  2:neutral 3:positive   +   0.124,0.286,*0.59 
   298  2:neutral  2:neutral       0.107,*0.654,0.24 
   299  2:neutral  2:neutral       0.299,*0.54,0.161 
   300  2:neutral  2:neutral       0.033,*0.859,0.108 
   301  2:neutral  2:neutral       0.049,*0.569,0.383 
   302  2:neutral  2:neutral       0.054,*0.767,0.179 
   303  2:neutral 3:positive   +   0.058,0.222,*0.72 
   304  2:neutral 3:positive   +   0.078,0.381,*0.54 
   305  2:neutral  2:neutral       0.04,*0.755,0.205 
   306  2:neutral  2:neutral       0.068,*0.576,0.357 
   307  2:neutral  2:neutral       0.035,*0.778,0.187 
   308  2:neutral  2:neutral       0.121,*0.862,0.017 
   309  2:neutral 3:positive   +   0.023,0.214,*0.764 
   310  2:neutral  2:neutral       0.035,*0.944,0.021 
   311  2:neutral  2:neutral       0.191,*0.467,0.342 
   312  2:neutral  2:neutral       0.086,*0.627,0.286 
   313  2:neutral  2:neutral       0.214,*0.657,0.128 
   314  2:neutral  2:neutral       0.096,*0.705,0.198 
   315  2:neutral 3:positive   +   0.021,0.445,*0.535 
   316  2:neutral 3:positive   +   0.023,0.272,*0.705 
   317  2:neutral  2:neutral       0.091,*0.642,0.267 
   318  2:neutral  2:neutral       0.098,*0.664,0.238 
   319  2:neutral 3:positive   +   0.119,0.406,*0.475 
   320  2:neutral  2:neutral       0.276,*0.596,0.127 
   321  2:neutral  2:neutral       0.142,*0.7,0.158 
   322  2:neutral  2:neutral       0.045,*0.801,0.155 
   323  2:neutral  2:neutral       0.059,*0.633,0.307 
   324  2:neutral  2:neutral       0.106,*0.699,0.196 
   325  2:neutral  2:neutral       0.058,*0.571,0.371 
   326  2:neutral  2:neutral       0.126,*0.541,0.334 
   327  2:neutral 1:negative   +   *0.548,0.285,0.166 
   328  2:neutral 1:negative   +   *0.726,0.159,0.115 
   329  2:neutral  2:neutral       0.279,*0.583,0.137 
   330  2:neutral  2:neutral       0.019,*0.875,0.106 
   331  2:neutral  2:neutral       0.109,*0.657,0.234 
   332  2:neutral  2:neutral       0.118,*0.648,0.235 
   333  2:neutral  2:neutral       0.012,*0.882,0.106 
   334  2:neutral 1:negative   +   *0.375,0.372,0.253 
   335  2:neutral 3:positive   +   0.026,0.39,*0.585 
   336  2:neutral  2:neutral       0.112,*0.522,0.366 
   337  2:neutral  2:neutral       0.053,*0.789,0.159 
   338  2:neutral  2:neutral       0.096,*0.678,0.226 
   339  2:neutral  2:neutral       0.041,*0.799,0.161 
   340  2:neutral  2:neutral       0.324,*0.433,0.243 
   341  2:neutral  2:neutral       0.066,*0.638,0.296 
   342  2:neutral 3:positive   +   0.053,0.107,*0.84 
   343  2:neutral  2:neutral       0.185,*0.665,0.15 
   344  2:neutral  2:neutral       0.028,*0.53,0.441 
   345  2:neutral  2:neutral       0.038,*0.696,0.265 
   346  2:neutral  2:neutral       0.078,*0.58,0.342 
   347  2:neutral  2:neutral       0.096,*0.591,0.313 
   348  2:neutral  2:neutral       0.199,*0.54,0.261 
   349  2:neutral  2:neutral       0.207,*0.479,0.314 
   350  2:neutral  2:neutral       0.066,*0.729,0.205 
   351  2:neutral  2:neutral       0.041,*0.606,0.353 
   352  2:neutral  2:neutral       0.031,*0.722,0.247 
   353  2:neutral  2:neutral       0.184,*0.43,0.386 
   354  2:neutral 1:negative   +   *0.89,0.044,0.067 
   355  2:neutral  2:neutral       0.077,*0.626,0.298 
   356  2:neutral 3:positive   +   0.125,0.212,*0.664 
   357  2:neutral  2:neutral       0.04,*0.676,0.284 
   358  2:neutral  2:neutral       0.099,*0.499,0.402 
   359  2:neutral  2:neutral       0.356,*0.585,0.059 
