Zero Weights processed. Default weights will be used
..
Warning: using -h 0 may be faster
*
optimization finished, #iter = 2504
C = 533.9768518170846
obj = 257619.46297469377, rho = 1.1192245070371274
nSV = 2482, nBSV = 1378
Total nSV = 2482
..
Warning: using -h 0 may be faster
*
optimization finished, #iter = 2558
C = 549.9379933898065
obj = 276085.57691675646, rho = -15.427098525675316
nSV = 2503, nBSV = 1343
Total nSV = 2503
..
Warning: using -h 0 may be faster
*
optimization finished, #iter = 2511
C = 560.2766588576036
obj = 271789.92407084256, rho = -22.507646959880518
nSV = 2521, nBSV = 1354
Total nSV = 2521
..
Warning: using -h 0 may be faster
*
optimization finished, #iter = 2441
C = 532.6482158877059
obj = 258860.25574721018, rho = -13.6467518170198
nSV = 2494, nBSV = 1367
Total nSV = 2494
..
Warning: using -h 0 may be faster
*
optimization finished, #iter = 2362
C = 525.7597669350382
obj = 257897.047859992, rho = -14.583511336709606
nSV = 2469, nBSV = 1384
Total nSV = 2469
.
Warning: using -h 0 may be faster
..
Warning: using -h 0 may be faster
*
optimization finished, #iter = 3001
C = 523.4233171790164
obj = 298969.43363959587, rho = -2.9365985377792256
nSV = 3023, nBSV = 1788
....
Warning: using -h 0 may be faster
*
optimization finished, #iter = 4891
C = 1877.4679504484818
obj = 1686583.365617409, rho = -6.103763199169713
nSV = 4426, nBSV = 1811
Total nSV = 4426
.
Warning: using -h 0 may be faster
...
Warning: using -h 0 may be faster
*
optimization finished, #iter = 4585
C = 1757.4759769003206
obj = 1608240.9261225844, rho = -92.64248456242758
nSV = 4373, nBSV = 1830
Total nSV = 4373
....
Warning: using -h 0 may be faster
*
optimization finished, #iter = 4605
C = 1930.752060494477
obj = 1810740.6519989702, rho = -101.41791264589898
nSV = 4422, nBSV = 1768
Total nSV = 4422
....
Warning: using -h 0 may be faster
*
optimization finished, #iter = 4763
C = 1873.480344279342
obj = 1734749.494839516, rho = -114.8996594562642
nSV = 4412, nBSV = 1793
Total nSV = 4412
....
Warning: using -h 0 may be faster
*
optimization finished, #iter = 4734
C = 1926.622994980181
obj = 1808414.4747754878, rho = -102.85018794262182
nSV = 4418, nBSV = 1793
Total nSV = 4418
.
Warning: using -h 0 may be faster
.....
Warning: using -h 0 may be faster
*
optimization finished, #iter = 6101
C = 1996.4081717267823
obj = 2130639.7185896095, rho = 12.58681867960556
nSV = 5372, nBSV = 2341
..
Warning: using -h 0 may be faster
*
optimization finished, #iter = 2674
C = 505.64029106960515
obj = 261411.09249524452, rho = -0.1636042350667281
nSV = 2877, nBSV = 1623
Total nSV = 2877
..
Warning: using -h 0 may be faster
*
optimization finished, #iter = 2714
C = 538.5232823504894
obj = 286866.3755682851, rho = -36.046856252557596
nSV = 2910, nBSV = 1580
Total nSV = 2910
..
Warning: using -h 0 may be faster
*
optimization finished, #iter = 2592
C = 487.73878129619965
obj = 251584.2840568923, rho = -21.090818783411258
nSV = 2834, nBSV = 1619
Total nSV = 2834
.
Warning: using -h 0 may be faster
.
Warning: using -h 0 may be faster
*
optimization finished, #iter = 2754
C = 483.0939091799004
obj = 246302.57742005133, rho = -29.939101210218983
nSV = 2884, nBSV = 1612
Total nSV = 2884
..
Warning: using -h 0 may be faster
*
optimization finished, #iter = 2738
C = 552.2206346984103
obj = 293604.6130683045, rho = -28.347223594887108
nSV = 2910, nBSV = 1565
Total nSV = 2910
.
Warning: using -h 0 may be faster
..
Warning: using -h 0 may be faster
*
optimization finished, #iter = 3335
C = 499.73075751622514
obj = 302206.78156518604, rho = 8.049953189262807
nSV = 3528, nBSV = 2046
Total nSV = 8119
..*
optimization finished, #iter = 2009
C = 534.9640179081031
obj = 218045.3060556194, rho = -19.27410726919503
nSV = 2018, nBSV = 1046
Total nSV = 2018
..
Warning: using -h 0 may be faster
*
optimization finished, #iter = 2043
C = 565.9674228632219
obj = 236276.24168775164, rho = -4.684005051111175
nSV = 2069, nBSV = 1036
Total nSV = 2069
..
Warning: using -h 0 may be faster
*
optimization finished, #iter = 2057
C = 565.5083249692967
obj = 237464.2621969904, rho = 3.9054151725162347
nSV = 2057, nBSV = 1038
Total nSV = 2057
.
Warning: using -h 0 may be faster
*
optimization finished, #iter = 1961
C = 531.5839430245106
obj = 223219.40262033945, rho = 8.774398634694373
nSV = 2019, nBSV = 1068
Total nSV = 2019
.
Warning: using -h 0 may be faster
*
optimization finished, #iter = 1975
C = 476.716083223896
obj = 193848.24879932162, rho = 0.7419267765702203
nSV = 2001, nBSV = 1057
Total nSV = 2001
..
Warning: using -h 0 may be faster
*
optimization finished, #iter = 2434
C = 520.9563654489153
obj = 252274.17355430988, rho = 2.58614141152828
nSV = 2469, nBSV = 1381
....
Warning: using -h 0 may be faster
*
optimization finished, #iter = 4052
C = 1731.465284953531
obj = 1356476.057192936, rho = 5.735082659874546
nSV = 3606, nBSV = 1359
Total nSV = 3606
...
Warning: using -h 0 may be faster
*
optimization finished, #iter = 3806
C = 1723.993385947727
obj = 1337528.279468777, rho = 7.66030601757636
nSV = 3621, nBSV = 1396
Total nSV = 3621
....
Warning: using -h 0 may be faster
*
optimization finished, #iter = 4169
C = 1768.39319948492
obj = 1391581.9244511467, rho = 4.261408580245894
nSV = 3700, nBSV = 1367
Total nSV = 3700
....
Warning: using -h 0 may be faster
*
optimization finished, #iter = 4229
C = 1797.8447919304565
obj = 1418182.9341418582, rho = -6.803520937214327
nSV = 3671, nBSV = 1330
Total nSV = 3671
...
Warning: using -h 0 may be faster
*
optimization finished, #iter = 3780
C = 1731.8808418119452
obj = 1361977.483660586, rho = -11.57005249387852
nSV = 3581, nBSV = 1377
Total nSV = 3581
....
Warning: using -h 0 may be faster
*
optimization finished, #iter = 4859
C = 1842.5010408833334
obj = 1686983.269677403, rho = 22.537264857308006
nSV = 4425, nBSV = 1784
..
Warning: using -h 0 may be faster
*
optimization finished, #iter = 2302
C = 573.9404762579087
obj = 269288.72449495463, rho = -31.57860588678297
nSV = 2413, nBSV = 1201
Total nSV = 2413
..
Warning: using -h 0 may be faster
*
optimization finished, #iter = 2153
C = 556.7296282972173
obj = 254708.0933574103, rho = -25.89631133933485
nSV = 2361, nBSV = 1233
Total nSV = 2361
..
Warning: using -h 0 may be faster
*
optimization finished, #iter = 2178
C = 499.6927349007022
obj = 226642.91059964983, rho = -28.330727773304893
nSV = 2326, nBSV = 1254
Total nSV = 2326
..
Warning: using -h 0 may be faster
*
optimization finished, #iter = 2221
C = 504.0864308941674
obj = 227995.5261413275, rho = -14.902560575662717
nSV = 2336, nBSV = 1235
Total nSV = 2336
..
Warning: using -h 0 may be faster
*
optimization finished, #iter = 2183
C = 483.22096647531333
obj = 215218.82856746914, rho = -24.276669352983284
nSV = 2325, nBSV = 1268
Total nSV = 2325
..
Warning: using -h 0 may be faster
*
optimization finished, #iter = 2638
C = 505.9626247365068
obj = 266980.85300453956, rho = 10.312203312179903
nSV = 2837, nBSV = 1609
Total nSV = 6657
..
Warning: using -h 0 may be faster
*
optimization finished, #iter = 2058
C = 581.9547750052662
obj = 247206.66723254943, rho = -16.294194564169153
nSV = 2040, nBSV = 1048
Total nSV = 2040
..*
optimization finished, #iter = 2084
C = 575.8452458562596
obj = 242939.04331012204, rho = -18.200737575733402
nSV = 2066, nBSV = 1026
Total nSV = 2066
.
Warning: using -h 0 may be faster
*
optimization finished, #iter = 1986
C = 564.7864948441239
obj = 237208.0966493214, rho = -15.312135966220044
nSV = 2040, nBSV = 1056
Total nSV = 2040
.
Warning: using -h 0 may be faster
*
optimization finished, #iter = 1858
C = 543.5870468241968
obj = 220757.65501949948, rho = -18.875147310330608
nSV = 2019, nBSV = 1084
Total nSV = 2019
.
Warning: using -h 0 may be faster
*
optimization finished, #iter = 1904
C = 560.5736363100485
obj = 240684.70842659348, rho = -15.3280995155412
nSV = 2034, nBSV = 1053
Total nSV = 2034
..
Warning: using -h 0 may be faster
*
optimization finished, #iter = 2310
C = 547.2539235504626
obj = 264938.23943690734, rho = 1.4432984879612665
nSV = 2471, nBSV = 1377
...
Warning: using -h 0 may be faster
*.
Warning: using -h 0 may be faster
*
optimization finished, #iter = 4049
C = 1786.1289497662062
obj = 1397177.424302891, rho = -90.98075511744658
nSV = 3687, nBSV = 1348
Total nSV = 3687
....
Warning: using -h 0 may be faster
*
optimization finished, #iter = 4016
C = 1763.2968882109158
obj = 1366959.3966144759, rho = -72.6592911140257
nSV = 3643, nBSV = 1393
Total nSV = 3643
.
Warning: using -h 0 may be faster
...
Warning: using -h 0 may be faster
*
optimization finished, #iter = 4102
C = 1699.1701730539576
obj = 1298326.0516228185, rho = -78.91889539813629
nSV = 3668, nBSV = 1366
Total nSV = 3668
...
Warning: using -h 0 may be faster
*
optimization finished, #iter = 3823
C = 1682.7514884438617
obj = 1288584.0141771818, rho = -89.96022211538079
nSV = 3625, nBSV = 1387
Total nSV = 3625
...
Warning: using -h 0 may be faster
*
optimization finished, #iter = 3759
C = 1642.7263173264878
obj = 1278471.5692015248, rho = -87.6165072132608
nSV = 3613, nBSV = 1359
Total nSV = 3613
.....
Warning: using -h 0 may be faster
*
optimization finished, #iter = 5090
C = 1805.2635966418852
obj = 1572047.1395205853, rho = -2.9508948160604564
nSV = 4423, nBSV = 1776
..
Warning: using -h 0 may be faster
*
optimization finished, #iter = 2219
C = 526.8623086828328
obj = 231466.4945202895, rho = 12.117212628411083
nSV = 2375, nBSV = 1242
Total nSV = 2375
..
Warning: using -h 0 may be faster
*
optimization finished, #iter = 2209
C = 547.2489232077868
obj = 252629.85533776178, rho = -32.085237255599466
nSV = 2380, nBSV = 1209
Total nSV = 2380
..
Warning: using -h 0 may be faster
*
optimization finished, #iter = 2261
C = 570.3752657552018
obj = 263926.7636045883, rho = -23.3921206571382
nSV = 2388, nBSV = 1225
Total nSV = 2388
..
Warning: using -h 0 may be faster
*
optimization finished, #iter = 2114
C = 515.9770117489247
obj = 230829.66134331454, rho = -31.55402279294821
nSV = 2365, nBSV = 1237
Total nSV = 2365
..
Warning: using -h 0 may be faster
*
optimization finished, #iter = 2120
C = 511.7092500817336
obj = 232311.69842118007, rho = -24.512335322990115
nSV = 2349, nBSV = 1234
Total nSV = 2349
..
Warning: using -h 0 may be faster
*
optimization finished, #iter = 2650
C = 517.7952638619067
obj = 271062.14948388666, rho = 13.940528585248103
nSV = 2870, nBSV = 1605
Total nSV = 6600
...
Warning: using -h 0 may be faster
*
optimization finished, #iter = 3860
C = 1826.4352261371264
obj = 1474992.3606189797, rho = -104.50022109990503
nSV = 3652, nBSV = 1338
Total nSV = 3652
....
Warning: using -h 0 may be faster
*
optimization finished, #iter = 4458
C = 1794.009332688847
obj = 1397551.6302159072, rho = 33.12591503347294
nSV = 3686, nBSV = 1317
Total nSV = 3686
....
Warning: using -h 0 may be faster
*
optimization finished, #iter = 4075
C = 1785.938192591161
obj = 1397541.7115999812, rho = 11.26111608399347
nSV = 3664, nBSV = 1356
Total nSV = 3664
....
Warning: using -h 0 may be faster
*
optimization finished, #iter = 4507
C = 1885.1209858164
obj = 1501505.86040178, rho = 11.357006877196113
nSV = 3713, nBSV = 1302
Total nSV = 3713
....
Warning: using -h 0 may be faster
*
optimization finished, #iter = 4107
C = 1782.3529377144548
obj = 1405758.4597932063, rho = 17.527812018692803
nSV = 3656, nBSV = 1369
Total nSV = 3656
....
Warning: using -h 0 may be faster
*
optimization finished, #iter = 4925
C = 1952.1883164624571
obj = 1862068.3361570528, rho = -114.38103073582016
nSV = 4440, nBSV = 1772
..
Warning: using -h 0 may be faster
*
optimization finished, #iter = 2230
C = 585.397180853405
obj = 270338.9240362908, rho = -24.335390639019355
nSV = 2377, nBSV = 1216
Total nSV = 2377
..
Warning: using -h 0 may be faster
*
optimization finished, #iter = 2147
C = 520.1327386286353
obj = 233249.80156724065, rho = 9.621576691355587
nSV = 2329, nBSV = 1237
Total nSV = 2329
..
Warning: using -h 0 may be faster
*
optimization finished, #iter = 2228
C = 509.73227398451326
obj = 226711.76180902973, rho = 12.0721322840879
nSV = 2352, nBSV = 1250
Total nSV = 2352
..
Warning: using -h 0 may be faster
*
optimization finished, #iter = 2126
C = 565.387302000216
obj = 259368.85727695783, rho = 12.099280608454277
nSV = 2376, nBSV = 1229
Total nSV = 2376
..
Warning: using -h 0 may be faster
*
optimization finished, #iter = 2177
C = 642.4701746419482
obj = 306769.9478524772, rho = 16.10006892509806
nSV = 2415, nBSV = 1183
Total nSV = 2415
..
Warning: using -h 0 may be faster
*
optimization finished, #iter = 2733
C = 555.7386135717858
obj = 297209.58749568503, rho = -29.18567120557226
nSV = 2900, nBSV = 1583
..*
optimization finished, #iter = 2037
C = 540.1639672668078
obj = 230144.34429403348, rho = -7.778067606966916
nSV = 2054, nBSV = 1063
Total nSV = 2054
.
Warning: using -h 0 may be faster
*
optimization finished, #iter = 1965
C = 562.6673056022111
obj = 241951.3550311024, rho = -2.94975692491382
nSV = 2049, nBSV = 1038
Total nSV = 2049
..
Warning: using -h 0 may be faster
*
optimization finished, #iter = 2036
C = 590.1088111533046
obj = 254663.3421445334, rho = -7.5270190989024925
nSV = 2091, nBSV = 1028
Total nSV = 2091
.
Warning: using -h 0 may be faster
*
optimization finished, #iter = 1962
C = 591.7411752701377
obj = 253943.82119417036, rho = -5.974867058059302
nSV = 2045, nBSV = 1055
Total nSV = 2045
..
Warning: using -h 0 may be faster
*
optimization finished, #iter = 2072
C = 528.9204970164263
obj = 219999.6618411314, rho = -4.945380260955731
nSV = 2042, nBSV = 1048
Total nSV = 2042
..
Warning: using -h 0 may be faster
*
optimization finished, #iter = 2567
C = 540.9883826595675
obj = 267954.28185599647, rho = -7.702919761694324
nSV = 2505, nBSV = 1348
Total nSV = 6685
.
Warning: using -h 0 may be faster
*
optimization finished, #iter = 1930
C = 547.3142492587034
obj = 232803.21066134676, rho = -23.500351847767387
nSV = 2015, nBSV = 1053
Total nSV = 2015
..
Warning: using -h 0 may be faster
*
optimization finished, #iter = 2129
C = 596.7772997145472
obj = 258411.65710116396, rho = 3.4424864897196197
nSV = 2052, nBSV = 1028
Total nSV = 2052
.
Warning: using -h 0 may be faster
*
optimization finished, #iter = 1975
C = 568.3852897863974
obj = 243047.06016178033, rho = -0.3072271052704072
nSV = 2023, nBSV = 1027
Total nSV = 2023
.
Warning: using -h 0 may be faster
*
optimization finished, #iter = 1923
C = 553.7471419230573
obj = 231239.89051333492, rho = 4.01992830853775
nSV = 2037, nBSV = 1065
Total nSV = 2037
..*
optimization finished, #iter = 2014
C = 566.7523553802301
obj = 242015.17686734512, rho = 9.28206443981505
nSV = 2053, nBSV = 1052
Total nSV = 2053
..
Warning: using -h 0 may be faster
*.
Warning: using -h 0 may be faster
*
optimization finished, #iter = 2582
C = 553.8716638690611
obj = 274777.75836042647, rho = -20.74126411150526
nSV = 2494, nBSV = 1358
..
Warning: using -h 0 may be faster
*
optimization finished, #iter = 2269
C = 519.2649281529069
obj = 228348.63955109593, rho = -13.572095526934064
nSV = 2390, nBSV = 1227
Total nSV = 2390
..
Warning: using -h 0 may be faster
*
optimization finished, #iter = 2146
C = 519.9507028985812
obj = 229558.08901142856, rho = 0.1652609269093548
nSV = 2363, nBSV = 1235
Total nSV = 2363
..
Warning: using -h 0 may be faster
*
optimization finished, #iter = 2232
C = 518.2116130421965
obj = 230561.8099182509, rho = 7.061365711836254
nSV = 2362, nBSV = 1231
Total nSV = 2362
..
Warning: using -h 0 may be faster
*
optimization finished, #iter = 2203
C = 495.43956878966367
obj = 218991.1847368609, rho = 0.45317947735121805
nSV = 2345, nBSV = 1239
Total nSV = 2345
..
Warning: using -h 0 may be faster
*
optimization finished, #iter = 2244
C = 526.5937218039422
obj = 236942.23973089774, rho = -7.7122918503124644
nSV = 2369, nBSV = 1236
Total nSV = 2369
..
Warning: using -h 0 may be faster
*
optimization finished, #iter = 2620
C = 510.364436469677
obj = 266419.08166160743, rho = 1.168151883122724
nSV = 2859, nBSV = 1599
...
Warning: using -h 0 may be faster
*
optimization finished, #iter = 3949
C = 1734.695732871006
obj = 1365195.6087072357, rho = -1.2787341641665286
nSV = 3633, nBSV = 1381
Total nSV = 3633
...
Warning: using -h 0 may be faster
*
optimization finished, #iter = 3763
C = 1551.9703119859162
obj = 1187245.6849024242, rho = 14.551675241740416
nSV = 3570, nBSV = 1402
Total nSV = 3570
...
Warning: using -h 0 may be faster
*
optimization finished, #iter = 3748
C = 1731.924662168847
obj = 1354892.7294325293, rho = 21.459119266868985
nSV = 3593, nBSV = 1394
Total nSV = 3593
....
Warning: using -h 0 may be faster
*
optimization finished, #iter = 4010
C = 1673.1666677059327
obj = 1282517.3598217831, rho = 6.900689974352068
nSV = 3618, nBSV = 1356
Total nSV = 3618
...
Warning: using -h 0 may be faster
*
optimization finished, #iter = 3784
C = 1772.4382694480107
obj = 1396983.2475723193, rho = -4.195749972514145
nSV = 3625, nBSV = 1378
Total nSV = 3625
....
Warning: using -h 0 may be faster
*
optimization finished, #iter = 4762
C = 1808.7047000303746
obj = 1669285.6568269322, rho = 17.665982239703975
nSV = 4376, nBSV = 1818
Total nSV = 6595
..
Warning: using -h 0 may be faster
*
optimization finished, #iter = 2067
C = 462.2653642171627
obj = 196349.429326284, rho = -14.797377223402545
nSV = 2323, nBSV = 1287
Total nSV = 2323
..
Warning: using -h 0 may be faster
*
optimization finished, #iter = 2147
C = 512.9768955761713
obj = 228503.14069025102, rho = -20.635547096076674
nSV = 2362, nBSV = 1253
Total nSV = 2362
..
Warning: using -h 0 may be faster
*
optimization finished, #iter = 2134
C = 462.66648901879586
obj = 199600.25400716477, rho = -21.555852666607265
nSV = 2311, nBSV = 1273
Total nSV = 2311
..
Warning: using -h 0 may be faster
*
optimization finished, #iter = 2106
C = 506.25060894379425
obj = 226424.51709620954, rho = -11.665877067259132
nSV = 2329, nBSV = 1262
Total nSV = 2329
..
Warning: using -h 0 may be faster
*
optimization finished, #iter = 2111
C = 487.31499865310553
obj = 214615.90517523637, rho = -16.245498090494056
nSV = 2341, nBSV = 1246
Total nSV = 2341
..
Warning: using -h 0 may be faster
*
optimization finished, #iter = 2537
C = 471.4660906590032
obj = 237773.33818721332, rho = 5.3471675886250845
nSV = 2846, nBSV = 1636
..*
optimization finished, #iter = 2016
C = 529.7209173500117
obj = 223614.7669655344, rho = -6.565254309306044
nSV = 2036, nBSV = 1062
Total nSV = 2036
.
Warning: using -h 0 may be faster
*
optimization finished, #iter = 1958
C = 568.9066051178526
obj = 237723.02476623456, rho = -6.3767300582631306
nSV = 2035, nBSV = 1046
Total nSV = 2035
.
Warning: using -h 0 may be faster
*
optimization finished, #iter = 1905
C = 563.9236855526894
obj = 238619.93226296693, rho = -12.200665984401644
nSV = 2011, nBSV = 1068
Total nSV = 2011
.
Warning: using -h 0 may be faster
*
optimization finished, #iter = 1962
C = 565.8397879124336
obj = 237442.05834677303, rho = -15.9244582490383
nSV = 2046, nBSV = 1059
Total nSV = 2046
.
Warning: using -h 0 may be faster
*
optimization finished, #iter = 1999
C = 562.6263088429944
obj = 241032.72304626615, rho = -3.75731475136809
nSV = 2030, nBSV = 1049
Total nSV = 2030
..
Warning: using -h 0 may be faster
*
optimization finished, #iter = 2316
C = 550.3995028266531
obj = 273843.8849029943, rho = -7.877538731714186
nSV = 2457, nBSV = 1369
....
Warning: using -h 0 may be faster
*
optimization finished, #iter = 4165
C = 1812.6649959823544
obj = 1411674.2699452732, rho = -72.42429086311819
nSV = 3658, nBSV = 1317
Total nSV = 3658
....
Warning: using -h 0 may be faster
*
optimization finished, #iter = 4060
C = 1752.5449902809285
obj = 1366963.551290109, rho = -44.24853305311562
nSV = 3607, nBSV = 1362
Total nSV = 3607
...
Warning: using -h 0 may be faster
*
optimization finished, #iter = 3992
C = 1811.8943418967363
obj = 1428581.6376879034, rho = -75.74777940284143
nSV = 3634, nBSV = 1345
Total nSV = 3634
...
Warning: using -h 0 may be faster
*
optimization finished, #iter = 3960
C = 1834.0902716877479
obj = 1468861.6117597148, rho = -74.67709426850747
nSV = 3652, nBSV = 1340
Total nSV = 3652
...
Warning: using -h 0 may be faster
*
optimization finished, #iter = 3892
C = 1740.9378923261577
obj = 1353200.2286812365, rho = -75.89817632029404
nSV = 3603, nBSV = 1369
Total nSV = 3603
.
Warning: using -h 0 may be faster
....
Warning: using -h 0 may be faster
*
optimization finished, #iter = 5253
C = 1907.4557225028716
obj = 1739426.3402281774, rho = -74.23009935126275
nSV = 4494, nBSV = 1728
Total nSV = 6671


=== Predictions under cross-validation ===

 inst#     actual  predicted error distribution
     1  2:neutral  2:neutral       0.153,*0.618,0.229 
     2  2:neutral  2:neutral       0.018,*0.923,0.059 
     3  2:neutral 3:positive   +   0.134,0.22,*0.646 
     4  2:neutral  2:neutral       0.132,*0.542,0.325 
     5  2:neutral  2:neutral       0.043,*0.713,0.244 
     6  2:neutral 1:negative   +   *0.623,0.312,0.065 
     7  2:neutral  2:neutral       0.043,*0.555,0.402 
     8  2:neutral  2:neutral       0.054,*0.879,0.067 
     9  2:neutral  2:neutral       0.1,*0.56,0.341 
    10  2:neutral 1:negative   +   *0.623,0.217,0.16 
    11  2:neutral 3:positive   +   0.02,0.369,*0.611 
    12  2:neutral  2:neutral       0.07,*0.736,0.194 
    13  2:neutral  2:neutral       0.03,*0.705,0.265 
    14  2:neutral  2:neutral       0.024,*0.749,0.227 
    15  2:neutral  2:neutral       0.353,*0.446,0.202 
    16  2:neutral  2:neutral       0.016,*0.67,0.314 
    17  2:neutral 3:positive   +   0.353,0.295,*0.353 
    18  2:neutral  2:neutral       0.232,*0.424,0.344 
    19  2:neutral  2:neutral       0.159,*0.65,0.191 
    20  2:neutral  2:neutral       0.047,*0.908,0.045 
    21  2:neutral 3:positive   +   0.208,0.311,*0.48 
    22  2:neutral 3:positive   +   0.079,0.387,*0.533 
    23  2:neutral  2:neutral       0.076,*0.669,0.255 
    24  2:neutral  2:neutral       0.046,*0.624,0.329 
    25  2:neutral  2:neutral       0.082,*0.647,0.271 
    26  2:neutral  2:neutral       0.306,*0.408,0.285 
    27  2:neutral  2:neutral       0.029,*0.775,0.196 
    28  2:neutral  2:neutral       0.395,*0.4,0.206 
    29  2:neutral  2:neutral       0.023,*0.745,0.232 
    30  2:neutral  2:neutral       0.046,*0.497,0.456 
    31  2:neutral  2:neutral       0.373,*0.472,0.155 
    32  2:neutral 1:negative   +   *0.954,0.031,0.015 
    33  2:neutral  2:neutral       0.019,*0.798,0.182 
    34  2:neutral  2:neutral       0.074,*0.704,0.221 
    35  2:neutral  2:neutral       0.138,*0.745,0.116 
    36  2:neutral  2:neutral       0.011,*0.915,0.075 
    37  2:neutral  2:neutral       0.248,*0.579,0.172 
    38  2:neutral  2:neutral       0.108,*0.74,0.152 
    39  2:neutral  2:neutral       0.044,*0.702,0.254 
    40  2:neutral  2:neutral       0.019,*0.594,0.387 
    41  2:neutral  2:neutral       0.094,*0.601,0.305 
    42  2:neutral  2:neutral       0.021,*0.685,0.294 
    43  2:neutral 3:positive   +   0.215,0.097,*0.688 
    44  2:neutral  2:neutral       0.125,*0.451,0.425 
    45  2:neutral  2:neutral       0.033,*0.904,0.063 
    46  2:neutral  2:neutral       0.012,*0.824,0.164 
    47  2:neutral  2:neutral       0.038,*0.59,0.373 
    48  2:neutral 3:positive   +   0.035,0.165,*0.799 
    49  2:neutral  2:neutral       0.061,*0.84,0.099 
    50  2:neutral  2:neutral       0.063,*0.763,0.174 
    51  2:neutral  2:neutral       0.09,*0.858,0.052 
    52  2:neutral  2:neutral       0.229,*0.502,0.269 
    53  2:neutral  2:neutral       0.284,*0.46,0.256 
    54  2:neutral 3:positive   +   0.074,0.403,*0.523 
    55  2:neutral  2:neutral       0.042,*0.596,0.362 
    56  2:neutral  2:neutral       0.08,*0.817,0.103 
    57  2:neutral  2:neutral       0.108,*0.615,0.277 
    58  2:neutral  2:neutral       0.068,*0.526,0.406 
    59  2:neutral  2:neutral       0.104,*0.545,0.35 
    60  2:neutral  2:neutral       0.094,*0.673,0.233 
    61  2:neutral  2:neutral       0.071,*0.849,0.08 
    62  2:neutral  2:neutral       0.094,*0.593,0.313 
    63  2:neutral  2:neutral       0.021,*0.781,0.198 
    64  2:neutral  2:neutral       0.198,*0.546,0.256 
    65  2:neutral  2:neutral       0.224,*0.699,0.076 
    66  2:neutral 3:positive   +   0.036,0.126,*0.838 
    67  2:neutral  2:neutral       0.055,*0.654,0.292 
    68  2:neutral  2:neutral       0.175,*0.572,0.253 
    69  2:neutral 3:positive   +   0.032,0.298,*0.67 
    70  2:neutral  2:neutral       0.088,*0.469,0.442 
    71  2:neutral  2:neutral       0.101,*0.758,0.142 
    72  2:neutral 3:positive   +   0.028,0.127,*0.845 
    73  2:neutral 3:positive   +   0.145,0.29,*0.565 
    74  2:neutral 3:positive   +   0.052,0.472,*0.476 
    75  2:neutral  2:neutral       0.055,*0.69,0.254 
    76  2:neutral  2:neutral       0.097,*0.648,0.255 
    77  2:neutral 3:positive   +   0.105,0.34,*0.554 
    78  2:neutral  2:neutral       0.085,*0.563,0.353 
    79  2:neutral  2:neutral       0.31,*0.582,0.108 
    80  2:neutral  2:neutral       0.074,*0.871,0.055 
    81  2:neutral 1:negative   +   *0.392,0.281,0.326 
    82  2:neutral  2:neutral       0.126,*0.837,0.038 
    83  2:neutral 1:negative   +   *0.59,0.067,0.343 
    84  2:neutral 3:positive   +   0.035,0.13,*0.835 
    85  2:neutral  2:neutral       0.311,*0.569,0.12 
    86  2:neutral  2:neutral       0.045,*0.833,0.122 
    87  2:neutral  2:neutral       0.014,*0.501,0.485 
    88  2:neutral  2:neutral       0.027,*0.504,0.469 
    89  2:neutral 1:negative   +   *0.472,0.32,0.207 
    90  2:neutral  2:neutral       0.021,*0.849,0.13 
    91  2:neutral  2:neutral       0.072,*0.582,0.345 
    92  2:neutral  2:neutral       0.129,*0.663,0.208 
    93  2:neutral  2:neutral       0.086,*0.645,0.27 
    94  2:neutral 3:positive   +   0.08,0.321,*0.598 
    95  2:neutral 3:positive   +   0.125,0.399,*0.476 
    96  2:neutral  2:neutral       0.062,*0.828,0.111 
    97  2:neutral  2:neutral       0.067,*0.799,0.134 
    98  2:neutral 3:positive   +   0.066,0.252,*0.681 
    99  2:neutral  2:neutral       0.06,*0.789,0.151 
   100  2:neutral  2:neutral       0.11,*0.704,0.186 
   101  2:neutral  2:neutral       0.256,*0.591,0.153 
   102  2:neutral 3:positive   +   0.103,0.328,*0.568 
   103  2:neutral  2:neutral       0.053,*0.697,0.25 
   104  2:neutral  2:neutral       0.184,*0.517,0.299 
   105  2:neutral  2:neutral       0.075,*0.648,0.277 
   106  2:neutral 3:positive   +   0.138,0.321,*0.541 
   107  2:neutral  2:neutral       0.085,*0.639,0.277 
   108  2:neutral  2:neutral       0.051,*0.89,0.059 
   109  2:neutral  2:neutral       0.009,*0.849,0.141 
   110  2:neutral  2:neutral       0.082,*0.78,0.138 
   111  2:neutral  2:neutral       0.091,*0.485,0.424 
   112  2:neutral  2:neutral       0.008,*0.832,0.16 
   113  2:neutral  2:neutral       0.05,*0.567,0.383 
   114  2:neutral 3:positive   +   0.076,0.294,*0.629 
   115  2:neutral  2:neutral       0.048,*0.574,0.378 
   116  2:neutral  2:neutral       0.114,*0.784,0.103 
   117  2:neutral  2:neutral       0.031,*0.931,0.038 
   118  2:neutral  2:neutral       0.087,*0.517,0.396 
   119  2:neutral  2:neutral       0.042,*0.748,0.21 
   120  2:neutral 3:positive   +   0.061,0.229,*0.711 
   121  2:neutral  2:neutral       0.065,*0.555,0.379 
   122  2:neutral 3:positive   +   0.117,0.309,*0.574 
   123  2:neutral  2:neutral       0.067,*0.848,0.085 
   124  2:neutral  2:neutral       0.061,*0.809,0.131 
   125  2:neutral  2:neutral       0.129,*0.76,0.111 
   126  2:neutral 3:positive   +   0.032,0.249,*0.719 
   127  2:neutral  2:neutral       0.02,*0.851,0.128 
   128  2:neutral 3:positive   +   0.031,0.353,*0.616 
   129  2:neutral  2:neutral       0.102,*0.66,0.237 
   130  2:neutral  2:neutral       0.073,*0.543,0.385 
   131  2:neutral 1:negative   +   *0.364,0.318,0.319 
   132  2:neutral  2:neutral       0.069,*0.676,0.255 
   133  2:neutral  2:neutral       0.057,*0.859,0.084 
   134  2:neutral  2:neutral       0.02,*0.783,0.197 
   135  2:neutral  2:neutral       0.015,*0.752,0.233 
   136  2:neutral  2:neutral       0.008,*0.713,0.279 
   137  2:neutral  2:neutral       0.108,*0.672,0.22 
   138  2:neutral  2:neutral       0.073,*0.468,0.458 
   139  2:neutral  2:neutral       0.166,*0.697,0.137 
   140  2:neutral  2:neutral       0.076,*0.481,0.443 
   141  2:neutral  2:neutral       0.038,*0.818,0.145 
   142  2:neutral  2:neutral       0.171,*0.688,0.141 
   143  2:neutral  2:neutral       0.193,*0.488,0.319 
   144  2:neutral  2:neutral       0.137,*0.722,0.141 
   145  2:neutral 3:positive   +   0.203,0.367,*0.43 
   146  2:neutral  2:neutral       0.228,*0.633,0.14 
   147  2:neutral  2:neutral       0.034,*0.722,0.244 
   148  2:neutral  2:neutral       0.097,*0.666,0.237 
   149  2:neutral 3:positive   +   0.156,0.288,*0.557 
   150  2:neutral  2:neutral       0.065,*0.781,0.154 
   151  2:neutral  2:neutral       0.062,*0.832,0.106 
   152  2:neutral  2:neutral       0.019,*0.92,0.061 
   153  2:neutral  2:neutral       0.019,*0.866,0.115 
   154  2:neutral  2:neutral       0.265,*0.571,0.163 
   155  2:neutral  2:neutral       0.1,*0.519,0.381 
   156  2:neutral 3:positive   +   0.102,0.302,*0.597 
   157  2:neutral  2:neutral       0.05,*0.719,0.231 
   158  2:neutral  2:neutral       0.05,*0.79,0.16 
   159  2:neutral  2:neutral       0.095,*0.828,0.077 
   160  2:neutral  2:neutral       0.023,*0.614,0.363 
   161  2:neutral  2:neutral       0.132,*0.541,0.327 
   162  2:neutral  2:neutral       0.021,*0.924,0.056 
   163  2:neutral  2:neutral       0.026,*0.643,0.331 
   164  2:neutral  2:neutral       0.128,*0.586,0.286 
   165  2:neutral  2:neutral       0.079,*0.774,0.147 
   166  2:neutral  2:neutral       0.064,*0.784,0.152 
   167  2:neutral 3:positive   +   0.078,0.431,*0.491 
   168  2:neutral  2:neutral       0.033,*0.74,0.227 
   169  2:neutral  2:neutral       0.098,*0.676,0.226 
   170  2:neutral  2:neutral       0.086,*0.819,0.095 
   171  2:neutral 3:positive   +   0.076,0.426,*0.498 
   172  2:neutral 3:positive   +   0.251,0.346,*0.403 
   173  2:neutral 1:negative   +   *0.816,0.154,0.03 
   174  2:neutral  2:neutral       0.096,*0.534,0.37 
   175  2:neutral  2:neutral       0.049,*0.794,0.157 
   176  2:neutral  2:neutral       0.326,*0.496,0.178 
   177  2:neutral  2:neutral       0.038,*0.899,0.062 
   178  2:neutral  2:neutral       0.238,*0.634,0.128 
   179  2:neutral  2:neutral       0.125,*0.618,0.257 
   180  2:neutral  2:neutral       0.04,*0.839,0.121 
   181  2:neutral  2:neutral       0.076,*0.711,0.213 
   182  2:neutral 1:negative   +   *0.713,0.242,0.045 
   183  2:neutral  2:neutral       0.07,*0.71,0.22 
   184  2:neutral 3:positive   +   0.074,0.375,*0.551 
   185  2:neutral  2:neutral       0.061,*0.63,0.31 
   186  2:neutral  2:neutral       0.015,*0.863,0.122 
   187  2:neutral  2:neutral       0.061,*0.577,0.362 
   188  2:neutral 3:positive   +   0.065,0.396,*0.539 
   189  2:neutral 1:negative   +   *0.474,0.41,0.115 
   190  2:neutral 1:negative   +   *0.563,0.344,0.093 
   191  2:neutral  2:neutral       0.152,*0.598,0.249 
   192  2:neutral  2:neutral       0.064,*0.796,0.139 
   193  2:neutral  2:neutral       0.014,*0.731,0.256 
   194  2:neutral  2:neutral       0.08,*0.728,0.192 
   195  2:neutral  2:neutral       0.054,*0.522,0.424 
   196  2:neutral  2:neutral       0.138,*0.725,0.137 
   197  2:neutral  2:neutral       0.07,*0.542,0.388 
   198  2:neutral  2:neutral       0.324,*0.462,0.214 
   199  2:neutral 3:positive   +   0.076,0.287,*0.637 
   200  2:neutral  2:neutral       0.031,*0.773,0.195 
   201  2:neutral  2:neutral       0.091,*0.843,0.066 
   202  2:neutral  2:neutral       0.119,*0.647,0.234 
   203  2:neutral 3:positive   +   0.052,0.467,*0.481 
   204  2:neutral  2:neutral       0.023,*0.927,0.05 
   205  2:neutral  2:neutral       0.011,*0.704,0.284 
   206  2:neutral  2:neutral       0.144,*0.518,0.338 
   207  2:neutral 3:positive   +   0.045,0.381,*0.574 
   208  2:neutral  2:neutral       0.016,*0.914,0.07 
   209  2:neutral  2:neutral       0.029,*0.905,0.066 
   210  2:neutral 3:positive   +   0.282,0.306,*0.412 
   211  2:neutral  2:neutral       0.022,*0.865,0.112 
   212  2:neutral  2:neutral       0.025,*0.893,0.082 
   213  2:neutral  2:neutral       0.052,*0.497,0.451 
   214  2:neutral  2:neutral       0.037,*0.644,0.319 
   215  2:neutral  2:neutral       0.323,*0.594,0.082 
   216  2:neutral  2:neutral       0.061,*0.606,0.332 
   217  2:neutral  2:neutral       0.043,*0.823,0.133 
   218  2:neutral  2:neutral       0.275,*0.437,0.288 
   219  2:neutral  2:neutral       0.052,*0.638,0.311 
   220  2:neutral  2:neutral       0.1,*0.608,0.292 
   221  2:neutral 1:negative   +   *0.573,0.271,0.157 
   222  2:neutral 3:positive   +   0.118,0.405,*0.477 
   223  2:neutral  2:neutral       0.029,*0.586,0.385 
   224  2:neutral  2:neutral       0.095,*0.765,0.14 
   225  2:neutral  2:neutral       0.043,*0.826,0.131 
   226  2:neutral  2:neutral       0.065,*0.768,0.168 
   227  2:neutral  2:neutral       0.036,*0.819,0.144 
   228  2:neutral 3:positive   +   0.042,0.294,*0.664 
   229  2:neutral  2:neutral       0.018,*0.604,0.378 
   230  2:neutral 1:negative   +   *0.409,0.326,0.265 
   231  2:neutral  2:neutral       0.066,*0.785,0.149 
   232  2:neutral 1:negative   +   *0.396,0.393,0.211 
   233  2:neutral  2:neutral       0.185,*0.517,0.298 
   234  2:neutral  2:neutral       0.06,*0.602,0.338 
   235  2:neutral  2:neutral       0.217,*0.662,0.121 
   236  2:neutral 3:positive   +   0.096,0.41,*0.495 
   237  2:neutral 3:positive   +   0.045,0.395,*0.56 
   238  2:neutral  2:neutral       0.209,*0.69,0.101 
   239  2:neutral  2:neutral       0.057,*0.506,0.437 
   240  2:neutral  2:neutral       0.077,*0.667,0.255 
   241  2:neutral 1:negative   +   *0.398,0.304,0.299 
   242  2:neutral  2:neutral       0.053,*0.608,0.338 
   243  2:neutral 3:positive   +   0.023,0.267,*0.709 
   244  2:neutral  2:neutral       0.048,*0.763,0.189 
   245  2:neutral  2:neutral       0.172,*0.728,0.099 
   246  2:neutral 3:positive   +   0.017,0.423,*0.561 
   247  2:neutral  2:neutral       0.009,*0.953,0.038 
   248  2:neutral 3:positive   +   0.067,0.465,*0.468 
   249  2:neutral 3:positive   +   0.194,0.36,*0.447 
   250  2:neutral  2:neutral       0.035,*0.79,0.175 
   251  2:neutral  2:neutral       0.079,*0.568,0.353 
   252  2:neutral 3:positive   +   0.035,0.409,*0.555 
   253  2:neutral  2:neutral       0.11,*0.608,0.282 
   254  2:neutral  2:neutral       0.121,*0.728,0.15 
   255  2:neutral  2:neutral       0.024,*0.819,0.157 
   256  2:neutral  2:neutral       0.063,*0.58,0.357 
   257  2:neutral  2:neutral       0.085,*0.639,0.277 
   258  2:neutral  2:neutral       0.081,*0.853,0.065 
   259  2:neutral  2:neutral       0.156,*0.571,0.273 
   260  2:neutral  2:neutral       0.07,*0.871,0.059 
   261  2:neutral  2:neutral       0.024,*0.519,0.457 
   262  2:neutral  2:neutral       0.056,*0.768,0.176 
   263  2:neutral  2:neutral       0.069,*0.515,0.416 
   264  2:neutral  2:neutral       0.031,*0.917,0.053 
   265  2:neutral  2:neutral       0.086,*0.597,0.318 
   266  2:neutral  2:neutral       0.026,*0.863,0.111 
   267  2:neutral 3:positive   +   0.189,0.261,*0.55 
   268  2:neutral  2:neutral       0.078,*0.827,0.095 
   269  2:neutral 3:positive   +   0.19,0.397,*0.414 
   270  2:neutral  2:neutral       0.125,*0.464,0.411 
   271  2:neutral  2:neutral       0.31,*0.37,0.32 
   272  2:neutral  2:neutral       0.075,*0.611,0.314 
   273  2:neutral  2:neutral       0.296,*0.586,0.119 
   274  2:neutral  2:neutral       0.098,*0.476,0.426 
   275  2:neutral 3:positive   +   0.429,0.12,*0.45 
   276  2:neutral  2:neutral       0.051,*0.785,0.163 
   277  2:neutral 3:positive   +   0.011,0.493,*0.496 
   278  2:neutral  2:neutral       0.032,*0.523,0.445 
   279  2:neutral 3:positive   +   0.325,0.269,*0.405 
   280  2:neutral  2:neutral       0.022,*0.632,0.346 
   281  2:neutral  2:neutral       0.035,*0.548,0.416 
   282  2:neutral  2:neutral       0.03,*0.923,0.047 
   283  2:neutral 3:positive   +   0.329,0.307,*0.365 
   284  2:neutral 3:positive   +   0.056,0.381,*0.563 
   285  2:neutral  2:neutral       0.021,*0.886,0.093 
   286  2:neutral 3:positive   +   0.068,0.447,*0.484 
   287  2:neutral  2:neutral       0.036,*0.895,0.069 
   288  2:neutral  2:neutral       0.155,*0.731,0.114 
   289  2:neutral  2:neutral       0.043,*0.794,0.162 
   290  2:neutral 3:positive   +   0.01,0.484,*0.506 
   291  2:neutral  2:neutral       0.105,*0.688,0.207 
   292  2:neutral 1:negative   +   *0.754,0.144,0.102 
   293  2:neutral 3:positive   +   0.064,0.45,*0.485 
   294  2:neutral 3:positive   +   0.067,0.373,*0.56 
   295  2:neutral  2:neutral       0.089,*0.869,0.042 
   296  2:neutral  2:neutral       0.069,*0.676,0.255 
   297  2:neutral 3:positive   +   0.141,0.328,*0.531 
   298  2:neutral  2:neutral       0.044,*0.667,0.289 
   299  2:neutral  2:neutral       0.163,*0.599,0.238 
   300  2:neutral  2:neutral       0.055,*0.848,0.096 
   301  2:neutral  2:neutral       0.062,*0.545,0.394 
   302  2:neutral  2:neutral       0.093,*0.787,0.12 
   303  2:neutral 3:positive   +   0.044,0.222,*0.734 
   304  2:neutral  2:neutral       0.117,*0.483,0.4 
   305  2:neutral  2:neutral       0.036,*0.897,0.067 
   306  2:neutral  2:neutral       0.038,*0.624,0.338 
   307  2:neutral  2:neutral       0.014,*0.916,0.069 
   308  2:neutral  2:neutral       0.062,*0.923,0.015 
   309  2:neutral 3:positive   +   0.027,0.055,*0.917 
   310  2:neutral  2:neutral       0.058,*0.924,0.018 
   311  2:neutral  2:neutral       0.165,*0.51,0.325 
   312  2:neutral  2:neutral       0.111,*0.71,0.179 
   313  2:neutral  2:neutral       0.078,*0.622,0.3 
   314  2:neutral  2:neutral       0.114,*0.745,0.141 
   315  2:neutral  2:neutral       0.027,*0.553,0.419 
   316  2:neutral 3:positive   +   0.031,0.287,*0.682 
   317  2:neutral  2:neutral       0.067,*0.869,0.064 
   318  2:neutral  2:neutral       0.068,*0.825,0.106 
   319  2:neutral 3:positive   +   0.093,0.405,*0.502 
   320  2:neutral  2:neutral       0.089,*0.812,0.099 
   321  2:neutral  2:neutral       0.082,*0.798,0.121 
   322  2:neutral  2:neutral       0.046,*0.773,0.18 
   323  2:neutral  2:neutral       0.096,*0.561,0.343 
   324  2:neutral  2:neutral       0.068,*0.752,0.18 
   325  2:neutral  2:neutral       0.054,*0.815,0.132 
   326  2:neutral  2:neutral       0.061,*0.82,0.119 
   327  2:neutral 1:negative   +   *0.922,0.036,0.042 
   328  2:neutral 1:negative   +   *0.562,0.352,0.086 
   329  2:neutral  2:neutral       0.297,*0.542,0.161 
   330  2:neutral  2:neutral       0.03,*0.893,0.077 
   331  2:neutral  2:neutral       0.08,*0.667,0.254 
   332  2:neutral  2:neutral       0.082,*0.713,0.206 
   333  2:neutral  2:neutral       0.016,*0.926,0.059 
   334  2:neutral 1:negative   +   *0.395,0.302,0.303 
   335  2:neutral 3:positive   +   0.02,0.362,*0.618 
   336  2:neutral  2:neutral       0.089,*0.547,0.364 
   337  2:neutral  2:neutral       0.045,*0.695,0.26 
   338  2:neutral  2:neutral       0.116,*0.523,0.361 
   339  2:neutral  2:neutral       0.052,*0.81,0.138 
   340  2:neutral  2:neutral       0.301,*0.456,0.243 
   341  2:neutral  2:neutral       0.049,*0.587,0.365 
   342  2:neutral 3:positive   +   0.103,0.226,*0.671 
   343  2:neutral  2:neutral       0.253,*0.577,0.17 
   344  2:neutral  2:neutral       0.024,*0.757,0.22 
   345  2:neutral  2:neutral       0.017,*0.83,0.153 
   346  2:neutral  2:neutral       0.09,*0.654,0.255 
   347  2:neutral  2:neutral       0.085,*0.639,0.277 
   348  2:neutral  2:neutral       0.274,*0.475,0.251 
   349  2:neutral  2:neutral       0.122,*0.6,0.279 
   350  2:neutral  2:neutral       0.027,*0.825,0.148 
   351  2:neutral  2:neutral       0.066,*0.628,0.306 
   352  2:neutral  2:neutral       0.019,*0.834,0.146 
   353  2:neutral  2:neutral       0.181,*0.623,0.196 
   354  2:neutral 1:negative   +   *0.85,0.06,0.091 
   355  2:neutral  2:neutral       0.068,*0.684,0.248 
