Zero Weights processed. Default weights will be used
.
Warning: using -h 0 may be faster
*
optimization finished, #iter = 1703
C = 133.06932550667398
obj = 51579.54256560749, rho = 1.5139341055790225
nSV = 2678, nBSV = 2180
Total nSV = 2678
.
Warning: using -h 0 may be faster
*
optimization finished, #iter = 1741
C = 122.44448834379646
obj = 46173.269501588984, rho = 2.0383245607003757
nSV = 2684, nBSV = 2192
Total nSV = 2684
.
Warning: using -h 0 may be faster
*
optimization finished, #iter = 1733
C = 133.0428873013757
obj = 52160.603393162, rho = 7.274029790619881
nSV = 2680, nBSV = 2190
Total nSV = 2680
.
Warning: using -h 0 may be faster
*
optimization finished, #iter = 1641
C = 118.59925843795149
obj = 44617.96256897938, rho = 2.748787601189411
nSV = 2663, nBSV = 2212
Total nSV = 2663
.
Warning: using -h 0 may be faster
*
optimization finished, #iter = 1723
C = 119.31868429983366
obj = 44838.758018007014, rho = 2.4598568580515514
nSV = 2679, nBSV = 2199
Total nSV = 2679
.
Warning: using -h 0 may be faster
.
Warning: using -h 0 may be faster
*
optimization finished, #iter = 2172
C = 110.00082078484066
obj = 48719.615878473065, rho = 2.8902382849161468
nSV = 3311, nBSV = 2777
.
Warning: using -h 0 may be faster
...
Warning: using -h 0 may be faster
*
optimization finished, #iter = 4726
C = 799.5803186726448
obj = 698110.204497621, rho = -56.36623983756539
nSV = 4923, nBSV = 2872
Total nSV = 4923
.
Warning: using -h 0 may be faster
...
Warning: using -h 0 may be faster
*
optimization finished, #iter = 4873
C = 747.8429270394455
obj = 628926.838599311, rho = 16.559843348030817
nSV = 4870, nBSV = 2909
Total nSV = 4870
.
Warning: using -h 0 may be faster
...
Warning: using -h 0 may be faster
*
optimization finished, #iter = 4803
C = 748.8700906094391
obj = 634079.0341724211, rho = 14.967955201564074
nSV = 4897, nBSV = 2870
Total nSV = 4897
.
Warning: using -h 0 may be faster
...
Warning: using -h 0 may be faster
*
optimization finished, #iter = 4607
C = 680.0561386779191
obj = 544547.1275560809, rho = 20.841947413749676
nSV = 4848, nBSV = 2899
Total nSV = 4848
.
Warning: using -h 0 may be faster
...
Warning: using -h 0 may be faster
*
optimization finished, #iter = 4813
C = 618.6160344488444
obj = 492999.76467472955, rho = 16.31732290277649
nSV = 4836, nBSV = 2950
Total nSV = 4836
..
Warning: using -h 0 may be faster
...
Warning: using -h 0 may be faster
*
optimization finished, #iter = 5914
C = 716.8780824165631
obj = 688041.2467263318, rho = 17.95657424665685
nSV = 5944, nBSV = 3740
.
Warning: using -h 0 may be faster
*
optimization finished, #iter = 1686
C = 74.42749944835886
obj = 24004.871224005332, rho = -3.489587276032857
nSV = 3035, nBSV = 2608
Total nSV = 3035
.
Warning: using -h 0 may be faster
*.
Warning: using -h 0 may be faster
*
optimization finished, #iter = 1731
C = 85.58204440818075
obj = 28754.54510893331, rho = -6.565273360946892
nSV = 3059, nBSV = 2577
Total nSV = 3059
.
Warning: using -h 0 may be faster
*
optimization finished, #iter = 1632
C = 60.37194135142309
obj = 18027.024923215347, rho = -5.303073243495198
nSV = 3026, nBSV = 2638
Total nSV = 3026
.
Warning: using -h 0 may be faster
*
optimization finished, #iter = 1698
C = 80.16912408399199
obj = 26036.834802391804, rho = -6.774670277629738
nSV = 3056, nBSV = 2617
Total nSV = 3056
.
Warning: using -h 0 may be faster
*
optimization finished, #iter = 1746
C = 69.90316160542484
obj = 22005.110661165996, rho = -6.649603530334888
nSV = 3022, nBSV = 2616
Total nSV = 3022
.
Warning: using -h 0 may be faster
*
optimization finished, #iter = 1941
C = 63.01972092994334
obj = 23182.396047893217, rho = 4.979221905229637
nSV = 3757, nBSV = 3312
Total nSV = 8749
.
Warning: using -h 0 may be faster
*
optimization finished, #iter = 1352
C = 127.93034628619102
obj = 42135.402698617545, rho = 3.5016514317143113
nSV = 2156, nBSV = 1751
Total nSV = 2156
.
Warning: using -h 0 may be faster
*
optimization finished, #iter = 1387
C = 135.6982270566072
obj = 44236.7526542984, rho = 6.653746736442578
nSV = 2173, nBSV = 1720
Total nSV = 2173
.
Warning: using -h 0 may be faster
*
optimization finished, #iter = 1362
C = 138.23354566554838
obj = 45621.835162815805, rho = 5.759678047236591
nSV = 2167, nBSV = 1739
Total nSV = 2167
.
Warning: using -h 0 may be faster
*
optimization finished, #iter = 1422
C = 151.85482980483386
obj = 52314.34034674558, rho = 6.778108831456471
nSV = 2177, nBSV = 1728
Total nSV = 2177
.
Warning: using -h 0 may be faster
*
optimization finished, #iter = 1357
C = 134.2069127709701
obj = 43547.62152606539, rho = 8.224688033916664
nSV = 2173, nBSV = 1742
Total nSV = 2173
.
Warning: using -h 0 may be faster
*
optimization finished, #iter = 1637
C = 121.95112316870129
obj = 46840.615283942236, rho = 5.925118230801226
nSV = 2662, nBSV = 2219
...
Warning: using -h 0 may be faster
*
optimization finished, #iter = 3834
C = 708.2279918579463
obj = 512772.4830077563, rho = -45.74296602749869
nSV = 3986, nBSV = 2217
Total nSV = 3986
.
Warning: using -h 0 may be faster
..
Warning: using -h 0 may be faster
*
optimization finished, #iter = 3910
C = 720.2621820625385
obj = 537795.7372922185, rho = -38.745954568935936
nSV = 3998, nBSV = 2247
Total nSV = 3998
...
Warning: using -h 0 may be faster
*
optimization finished, #iter = 3786
C = 704.0539618536807
obj = 512692.24534728297, rho = -40.727091172780824
nSV = 3956, nBSV = 2260
Total nSV = 3956
.
Warning: using -h 0 may be faster
...
Warning: using -h 0 may be faster
*
optimization finished, #iter = 4077
C = 749.4692508219247
obj = 550250.7636053083, rho = -49.32000312529415
nSV = 3999, nBSV = 2223
Total nSV = 3999
...
Warning: using -h 0 may be faster
*
optimization finished, #iter = 3745
C = 706.1378720502412
obj = 509589.7396451023, rho = -51.592143731016144
nSV = 3958, nBSV = 2263
Total nSV = 3958
.
Warning: using -h 0 may be faster
...
Warning: using -h 0 may be faster
*
optimization finished, #iter = 4545
C = 698.3657747134586
obj = 578448.5838680683, rho = 21.24564974448746
nSV = 4878, nBSV = 2918
.
Warning: using -h 0 may be faster
*
optimization finished, #iter = 1385
C = 84.04923924209963
obj = 24360.883784107038, rho = -7.108041299516157
nSV = 2470, nBSV = 2062
Total nSV = 2470
.
Warning: using -h 0 may be faster
*
optimization finished, #iter = 1338
C = 81.78803328511317
obj = 22560.546228599127, rho = 4.98381930772337
nSV = 2449, nBSV = 2066
Total nSV = 2449
.
Warning: using -h 0 may be faster
*
optimization finished, #iter = 1278
C = 79.99707246114339
obj = 22130.424750658036, rho = 5.791212108517684
nSV = 2459, nBSV = 2071
Total nSV = 2459
.
Warning: using -h 0 may be faster
*
optimization finished, #iter = 1365
C = 94.09313232652086
obj = 26904.116489470714, rho = 2.917821339970949
nSV = 2482, nBSV = 2048
Total nSV = 2482
.
Warning: using -h 0 may be faster
*
optimization finished, #iter = 1314
C = 92.33741625985695
obj = 27045.62829892846, rho = 3.9500172830672042
nSV = 2449, nBSV = 2066
Total nSV = 2449
.
Warning: using -h 0 may be faster
*
optimization finished, #iter = 1637
C = 75.21371794306128
obj = 24600.01987786901, rho = 5.54037318200575
nSV = 3051, nBSV = 2607
Total nSV = 7114
.
Warning: using -h 0 may be faster
*
optimization finished, #iter = 1421
C = 130.59720966377907
obj = 41710.55623260065, rho = 3.281244536822208
nSV = 2168, nBSV = 1751
Total nSV = 2168
.
Warning: using -h 0 may be faster
*
optimization finished, #iter = 1511
C = 170.3441669789166
obj = 60795.38179944109, rho = 1.7862124902447987
nSV = 2204, nBSV = 1698
Total nSV = 2204
.
Warning: using -h 0 may be faster
*
optimization finished, #iter = 1396
C = 139.37350422992512
obj = 45537.14772704527, rho = -0.22658990316332586
nSV = 2175, nBSV = 1736
Total nSV = 2175
.
Warning: using -h 0 may be faster
*
optimization finished, #iter = 1458
C = 145.9764929649974
obj = 48626.60502529643, rho = 0.9519897488508654
nSV = 2194, nBSV = 1721
Total nSV = 2194
.
Warning: using -h 0 may be faster
*
optimization finished, #iter = 1406
C = 136.69703934154376
obj = 43956.91692813492, rho = 7.9262490716704495
nSV = 2188, nBSV = 1717
Total nSV = 2188
.
Warning: using -h 0 may be faster
*
optimization finished, #iter = 1639
C = 127.31166297511739
obj = 48528.4773994698, rho = 2.838586174826113
nSV = 2682, nBSV = 2200
.
Warning: using -h 0 may be faster
..
Warning: using -h 0 may be faster
*
optimization finished, #iter = 3855
C = 690.4229166365541
obj = 494757.82841907773, rho = -37.06550703492945
nSV = 3960, nBSV = 2266
Total nSV = 3960
.
Warning: using -h 0 may be faster
..
Warning: using -h 0 may be faster
*
optimization finished, #iter = 3830
C = 676.8142374828063
obj = 487193.72917997005, rho = 16.816566222348204
nSV = 3956, nBSV = 2254
Total nSV = 3956
...
Warning: using -h 0 may be faster
*
optimization finished, #iter = 3855
C = 687.5915017047056
obj = 481143.66532879195, rho = 14.742259972302284
nSV = 3958, nBSV = 2258
Total nSV = 3958
.
Warning: using -h 0 may be faster
...
Warning: using -h 0 may be faster
*
optimization finished, #iter = 4037
C = 733.7890382284069
obj = 536324.8101762083, rho = 8.830945791298456
nSV = 4000, nBSV = 2232
Total nSV = 4000
.
Warning: using -h 0 may be faster
..
Warning: using -h 0 may be faster
*
optimization finished, #iter = 3890
C = 666.3569998547758
obj = 474080.755406455, rho = 21.343219757070447
nSV = 3946, nBSV = 2280
Total nSV = 3946
.
Warning: using -h 0 may be faster
....
Warning: using -h 0 may be faster
*
optimization finished, #iter = 5140
C = 689.4803483445843
obj = 562629.0401793537, rho = 12.696689078030321
nSV = 4909, nBSV = 2892
.
Warning: using -h 0 may be faster
*
optimization finished, #iter = 1330
C = 72.80541408641481
obj = 18525.8281876188, rho = -6.452315629462705
nSV = 2441, nBSV = 2080
Total nSV = 2441
.
Warning: using -h 0 may be faster
*
optimization finished, #iter = 1329
C = 75.02888658863317
obj = 19817.14607039057, rho = -4.476058772091232
nSV = 2430, nBSV = 2093
Total nSV = 2430
.
Warning: using -h 0 may be faster
*
optimization finished, #iter = 1424
C = 95.1625156708954
obj = 27278.59042753379, rho = -7.104446276000811
nSV = 2462, nBSV = 2055
Total nSV = 2462
.
Warning: using -h 0 may be faster
*
optimization finished, #iter = 1468
C = 103.48131579310537
obj = 31435.67114791761, rho = -8.580830595734893
nSV = 2492, nBSV = 2039
Total nSV = 2492
.
Warning: using -h 0 may be faster
*
optimization finished, #iter = 1386
C = 82.4976144351807
obj = 22470.208218501324, rho = -7.117945451589152
nSV = 2463, nBSV = 2056
Total nSV = 2463
.
Warning: using -h 0 may be faster
*
optimization finished, #iter = 1655
C = 75.01164194432143
obj = 24113.64266145674, rho = 6.753415090119926
nSV = 3027, nBSV = 2618
Total nSV = 7122
.
Warning: using -h 0 may be faster
...
Warning: using -h 0 may be faster
*
optimization finished, #iter = 4073
C = 737.8579903249037
obj = 538267.2803678429, rho = 19.39478397224119
nSV = 3996, nBSV = 2208
Total nSV = 3996
.
Warning: using -h 0 may be faster
...
Warning: using -h 0 may be faster
*
optimization finished, #iter = 4416
C = 783.5297782576538
obj = 576470.705478039, rho = -43.25140181484623
nSV = 4056, nBSV = 2183
Total nSV = 4056
....
Warning: using -h 0 may be faster
*
optimization finished, #iter = 4043
C = 751.1989263825287
obj = 558571.9957997779, rho = -46.3692284937121
nSV = 4008, nBSV = 2230
Total nSV = 4008
.
Warning: using -h 0 may be faster
...
Warning: using -h 0 may be faster
*
optimization finished, #iter = 4030
C = 784.1024768208629
obj = 584279.3925632016, rho = -55.9776869564418
nSV = 3985, nBSV = 2223
Total nSV = 3985
.
Warning: using -h 0 may be faster
...
Warning: using -h 0 may be faster
*
optimization finished, #iter = 4019
C = 743.8403808192949
obj = 547742.3210702314, rho = -44.66627490983466
nSV = 3996, nBSV = 2251
Total nSV = 3996
.
Warning: using -h 0 may be faster
....
Warning: using -h 0 may be faster
*
optimization finished, #iter = 5078
C = 756.1469345382679
obj = 639999.8698743981, rho = -52.02830455679563
nSV = 4917, nBSV = 2860
.
Warning: using -h 0 may be faster
*
optimization finished, #iter = 1518
C = 109.50719847738426
obj = 33226.57774450924, rho = -10.68205513235698
nSV = 2500, nBSV = 2017
Total nSV = 2500
.
Warning: using -h 0 may be faster
*
optimization finished, #iter = 1466
C = 106.05926709385281
obj = 32341.46741026177, rho = -5.6514654328988545
nSV = 2492, nBSV = 2035
Total nSV = 2492
.
Warning: using -h 0 may be faster
*
optimization finished, #iter = 1546
C = 104.9581718450344
obj = 30998.662263086368, rho = -4.944531892403819
nSV = 2498, nBSV = 2018
Total nSV = 2498
.
Warning: using -h 0 may be faster
*
optimization finished, #iter = 1460
C = 97.83325747958528
obj = 29082.697249960656, rho = -8.193292724923682
nSV = 2487, nBSV = 2042
Total nSV = 2487
.
Warning: using -h 0 may be faster
*
optimization finished, #iter = 1270
C = 81.82746824678033
obj = 21733.94135729611, rho = -6.649280626701136
nSV = 2466, nBSV = 2069
Total nSV = 2466
.
Warning: using -h 0 may be faster
*
optimization finished, #iter = 1733
C = 88.2323044789777
obj = 29976.037189066923, rho = -8.715792098200714
nSV = 3072, nBSV = 2588
.
Warning: using -h 0 may be faster
*
optimization finished, #iter = 1416
C = 157.5908418284223
obj = 53894.1918574542, rho = -6.96088315534452
nSV = 2191, nBSV = 1708
Total nSV = 2191
.
Warning: using -h 0 may be faster
*
optimization finished, #iter = 1385
C = 141.4560998599383
obj = 47064.24138490641, rho = 0.2813948733316041
nSV = 2166, nBSV = 1734
Total nSV = 2166
.
Warning: using -h 0 may be faster
*
optimization finished, #iter = 1308
C = 119.73056080478538
obj = 37845.98970693407, rho = 6.327322915289529
nSV = 2162, nBSV = 1753
Total nSV = 2162
.
Warning: using -h 0 may be faster
*
optimization finished, #iter = 1436
C = 148.91617167273176
obj = 51214.476669965945, rho = -1.1839789775299847
nSV = 2195, nBSV = 1712
Total nSV = 2195
.
Warning: using -h 0 may be faster
*
optimization finished, #iter = 1566
C = 190.90840178688333
obj = 70864.32323276567, rho = -2.5067071974271333
nSV = 2230, nBSV = 1669
Total nSV = 2230
.
Warning: using -h 0 may be faster
*
optimization finished, #iter = 1783
C = 135.20819542480015
obj = 53946.823927048325, rho = 2.1350731960377907
nSV = 2699, nBSV = 2175
Total nSV = 7167
.
Warning: using -h 0 may be faster
*
optimization finished, #iter = 1520
C = 158.18069205534928
obj = 53693.75800140291, rho = -6.293551821733834
nSV = 2192, nBSV = 1718
Total nSV = 2192
.
Warning: using -h 0 may be faster
*
optimization finished, #iter = 1427
C = 147.0264657981369
obj = 49069.77662397265, rho = -8.826377844482986
nSV = 2177, nBSV = 1735
Total nSV = 2177
.
Warning: using -h 0 may be faster
*
optimization finished, #iter = 1371
C = 130.28576405229325
obj = 41342.89359460331, rho = -7.882560455715218
nSV = 2172, nBSV = 1744
Total nSV = 2172
.
Warning: using -h 0 may be faster
*
optimization finished, #iter = 1396
C = 132.17382500992431
obj = 40729.19852141798, rho = -7.557647346471339
nSV = 2159, nBSV = 1740
Total nSV = 2159
.
Warning: using -h 0 may be faster
*
optimization finished, #iter = 1422
C = 140.13111703920373
obj = 45521.301245647, rho = -2.1533855798526766
nSV = 2173, nBSV = 1731
Total nSV = 2173
.
Warning: using -h 0 may be faster
*
optimization finished, #iter = 1695
C = 126.28561758350406
obj = 47486.82148198853, rho = -6.635504439979474
nSV = 2667, nBSV = 2192
.
Warning: using -h 0 may be faster
*
optimization finished, #iter = 1431
C = 96.33564656175676
obj = 26982.322149973632, rho = -4.529632608469856
nSV = 2483, nBSV = 2052
Total nSV = 2483
.
Warning: using -h 0 may be faster
*
optimization finished, #iter = 1412
C = 81.15738028178359
obj = 21969.03628726232, rho = -4.088303356793394
nSV = 2471, nBSV = 2061
Total nSV = 2471
.
Warning: using -h 0 may be faster
*
optimization finished, #iter = 1294
C = 74.74802634613727
obj = 20020.740135369226, rho = -2.416568445202622
nSV = 2439, nBSV = 2061
Total nSV = 2439
.
Warning: using -h 0 may be faster
*
optimization finished, #iter = 1291
C = 69.84200629420079
obj = 17941.81463973854, rho = -4.289257867697937
nSV = 2432, nBSV = 2092
Total nSV = 2432
.
Warning: using -h 0 may be faster
*
optimization finished, #iter = 1309
C = 71.00895981652894
obj = 18374.35818751088, rho = -4.026527660098133
nSV = 2438, nBSV = 2082
Total nSV = 2438
.
Warning: using -h 0 may be faster
*
optimization finished, #iter = 1571
C = 67.5141139279129
obj = 20576.29285731688, rho = 3.4757998028175634
nSV = 3035, nBSV = 2616
.
Warning: using -h 0 may be faster
..
Warning: using -h 0 may be faster
*
optimization finished, #iter = 3929
C = 729.5991019828834
obj = 538381.1554965572, rho = 11.414206488846565
nSV = 3976, nBSV = 2258
Total nSV = 3976
.
Warning: using -h 0 may be faster
..
Warning: using -h 0 may be faster
*
optimization finished, #iter = 3836
C = 698.1971338853119
obj = 500731.7949477728, rho = 14.477229603466508
nSV = 3941, nBSV = 2288
Total nSV = 3941
.
Warning: using -h 0 may be faster
..
Warning: using -h 0 may be faster
*
optimization finished, #iter = 3805
C = 689.8054327851137
obj = 493109.5039780329, rho = 15.357127046769216
nSV = 3955, nBSV = 2257
Total nSV = 3955
.
Warning: using -h 0 may be faster
..
Warning: using -h 0 may be faster
*
optimization finished, #iter = 3995
C = 683.2586399621047
obj = 497221.724542801, rho = 5.465231655744604
nSV = 4012, nBSV = 2260
Total nSV = 4012
...
Warning: using -h 0 may be faster
*
optimization finished, #iter = 3940
C = 674.8469849799385
obj = 478300.40371015994, rho = 13.37433455903345
nSV = 3953, nBSV = 2255
Total nSV = 3953
.
Warning: using -h 0 may be faster
...
Warning: using -h 0 may be faster
*
optimization finished, #iter = 4738
C = 690.5166344555586
obj = 576477.3979441174, rho = 18.21280861218224
nSV = 4842, nBSV = 2901
Total nSV = 7087
.
Warning: using -h 0 may be faster
*
optimization finished, #iter = 1312
C = 77.04508324852647
obj = 20236.289702500108, rho = -3.50161027951815
nSV = 2440, nBSV = 2093
Total nSV = 2440
.
Warning: using -h 0 may be faster
*
optimization finished, #iter = 1244
C = 58.62564053967721
obj = 13931.88381037228, rho = -1.2651082810852992
nSV = 2411, nBSV = 2099
Total nSV = 2411
.
Warning: using -h 0 may be faster
*
optimization finished, #iter = 1326
C = 68.56831163828038
obj = 18136.896083137595, rho = -0.4413502978528548
nSV = 2427, nBSV = 2095
Total nSV = 2427
.
Warning: using -h 0 may be faster
*
optimization finished, #iter = 1286
C = 68.57719949174981
obj = 17439.8063351677, rho = -4.620840611142429
nSV = 2417, nBSV = 2098
Total nSV = 2417
.
Warning: using -h 0 may be faster
*
optimization finished, #iter = 1358
C = 75.25552139161152
obj = 19934.32290298483, rho = -4.389780392549545
nSV = 2457, nBSV = 2079
Total nSV = 2457
.
Warning: using -h 0 may be faster
*
optimization finished, #iter = 1563
C = 60.02162132831746
obj = 17787.850102353194, rho = 2.517223768009515
nSV = 3018, nBSV = 2646
.
Warning: using -h 0 may be faster
*
optimization finished, #iter = 1431
C = 147.53253683109304
obj = 47481.282345766675, rho = 4.632377649953538
nSV = 2191, nBSV = 1712
Total nSV = 2191
.
Warning: using -h 0 may be faster
*
optimization finished, #iter = 1319
C = 117.94798390553716
obj = 35047.49398680951, rho = -2.6820736616191665
nSV = 2151, nBSV = 1764
Total nSV = 2151
.
Warning: using -h 0 may be faster
*
optimization finished, #iter = 1415
C = 136.24282013786802
obj = 42833.63117056276, rho = -5.096484330856933
nSV = 2167, nBSV = 1728
Total nSV = 2167
.
Warning: using -h 0 may be faster
*
optimization finished, #iter = 1362
C = 123.07601049789224
obj = 38667.287691456506, rho = -1.4144570542613226
nSV = 2163, nBSV = 1737
Total nSV = 2163
.
Warning: using -h 0 may be faster
*
optimization finished, #iter = 1420
C = 147.90901141753838
obj = 48992.47000843545, rho = -3.956850747992368
nSV = 2183, nBSV = 1736
Total nSV = 2183
.
Warning: using -h 0 may be faster
*
optimization finished, #iter = 1628
C = 117.14116278656286
obj = 42280.08856649791, rho = -3.6810218582702667
nSV = 2673, nBSV = 2205
...
Warning: using -h 0 may be faster
*
optimization finished, #iter = 3785
C = 745.0889382496505
obj = 552376.6343203397, rho = 6.371378858917703
nSV = 3984, nBSV = 2224
Total nSV = 3984
.
Warning: using -h 0 may be faster
...
Warning: using -h 0 may be faster
*
optimization finished, #iter = 4113
C = 764.4903777966339
obj = 561102.0560283347, rho = 7.793440363893737
nSV = 4036, nBSV = 2198
Total nSV = 4036
...
Warning: using -h 0 may be faster
*
optimization finished, #iter = 3852
C = 697.2639590872733
obj = 492920.04141945724, rho = -1.4944350537066984
nSV = 3981, nBSV = 2249
Total nSV = 3981
.
Warning: using -h 0 may be faster
..
Warning: using -h 0 may be faster
*
optimization finished, #iter = 3830
C = 710.7512742093849
obj = 510106.5406583509, rho = 10.563918843006329
nSV = 3959, nBSV = 2260
Total nSV = 3959
....
Warning: using -h 0 may be faster
*
optimization finished, #iter = 4115
C = 829.4905211124029
obj = 625205.1688632221, rho = 1.4361163603914842
nSV = 4025, nBSV = 2218
Total nSV = 4025
.
Warning: using -h 0 may be faster
...
Warning: using -h 0 may be faster
*
optimization finished, #iter = 4801
C = 734.7258456186966
obj = 611053.3627919159, rho = -33.94483181590907
nSV = 4901, nBSV = 2908
Total nSV = 7128


=== Predictions under cross-validation ===

 inst#     actual  predicted error distribution
     1  2:neutral  2:neutral       0.083,*0.64,0.277 
     2  2:neutral  2:neutral       0.046,*0.857,0.097 
     3  2:neutral 3:positive   +   0.06,0.306,*0.634 
     4  2:neutral  2:neutral       0.101,*0.531,0.368 
     5  2:neutral  2:neutral       0.057,*0.684,0.259 
     6  2:neutral 1:negative   +   *0.537,0.418,0.045 
     7  2:neutral  2:neutral       0.111,*0.673,0.215 
     8  2:neutral  2:neutral       0.072,*0.802,0.126 
     9  2:neutral  2:neutral       0.093,*0.638,0.269 
    10  2:neutral 1:negative   +   *0.718,0.185,0.096 
    11  2:neutral 3:positive   +   0.037,0.336,*0.627 
    12  2:neutral  2:neutral       0.047,*0.68,0.273 
    13  2:neutral  2:neutral       0.023,*0.826,0.151 
    14  2:neutral  2:neutral       0.026,*0.714,0.26 
    15  2:neutral 1:negative   +   *0.489,0.31,0.201 
    16  2:neutral  2:neutral       0.013,*0.602,0.385 
    17  2:neutral 3:positive   +   0.314,0.3,*0.386 
    18  2:neutral  2:neutral       0.207,*0.452,0.341 
    19  2:neutral  2:neutral       0.156,*0.744,0.099 
    20  2:neutral  2:neutral       0.086,*0.859,0.056 
    21  2:neutral 1:negative   +   *0.401,0.246,0.353 
    22  2:neutral  2:neutral       0.089,*0.466,0.445 
    23  2:neutral  2:neutral       0.067,*0.733,0.2 
    24  2:neutral  2:neutral       0.062,*0.736,0.202 
    25  2:neutral  2:neutral       0.08,*0.695,0.225 
    26  2:neutral  2:neutral       0.121,*0.494,0.385 
    27  2:neutral  2:neutral       0.014,*0.877,0.109 
    28  2:neutral 1:negative   +   *0.749,0.174,0.077 
    29  2:neutral  2:neutral       0.023,*0.692,0.285 
    30  2:neutral  2:neutral       0.046,*0.582,0.373 
    31  2:neutral  2:neutral       0.372,*0.544,0.084 
    32  2:neutral 1:negative   +   *0.937,0.046,0.017 
    33  2:neutral  2:neutral       0.042,*0.821,0.137 
    34  2:neutral  2:neutral       0.097,*0.717,0.186 
    35  2:neutral  2:neutral       0.173,*0.761,0.066 
    36  2:neutral  2:neutral       0.039,*0.793,0.168 
    37  2:neutral  2:neutral       0.227,*0.601,0.172 
    38  2:neutral  2:neutral       0.109,*0.69,0.201 
    39  2:neutral  2:neutral       0.037,*0.806,0.157 
    40  2:neutral  2:neutral       0.023,*0.562,0.415 
    41  2:neutral  2:neutral       0.059,*0.746,0.195 
    42  2:neutral  2:neutral       0.041,*0.706,0.253 
    43  2:neutral 3:positive   +   0.171,0.117,*0.712 
    44  2:neutral  2:neutral       0.123,*0.508,0.369 
    45  2:neutral  2:neutral       0.025,*0.911,0.064 
    46  2:neutral  2:neutral       0.013,*0.844,0.144 
    47  2:neutral  2:neutral       0.035,*0.649,0.316 
    48  2:neutral 3:positive   +   0.011,0.036,*0.953 
    49  2:neutral  2:neutral       0.1,*0.786,0.114 
    50  2:neutral  2:neutral       0.03,*0.783,0.188 
    51  2:neutral  2:neutral       0.067,*0.853,0.08 
    52  2:neutral  2:neutral       0.252,*0.597,0.15 
    53  2:neutral  2:neutral       0.369,*0.422,0.209 
    54  2:neutral  2:neutral       0.096,*0.511,0.393 
    55  2:neutral  2:neutral       0.036,*0.694,0.27 
    56  2:neutral  2:neutral       0.031,*0.889,0.08 
    57  2:neutral  2:neutral       0.118,*0.71,0.171 
    58  2:neutral  2:neutral       0.07,*0.645,0.285 
    59  2:neutral  2:neutral       0.091,*0.605,0.304 
    60  2:neutral  2:neutral       0.17,*0.599,0.231 
    61  2:neutral  2:neutral       0.06,*0.819,0.121 
    62  2:neutral  2:neutral       0.056,*0.69,0.254 
    63  2:neutral  2:neutral       0.018,*0.827,0.154 
    64  2:neutral  2:neutral       0.317,*0.508,0.175 
    65  2:neutral  2:neutral       0.196,*0.738,0.066 
    66  2:neutral 3:positive   +   0.015,0.157,*0.828 
    67  2:neutral  2:neutral       0.029,*0.739,0.232 
    68  2:neutral  2:neutral       0.222,*0.488,0.29 
    69  2:neutral 3:positive   +   0.027,0.258,*0.715 
    70  2:neutral  2:neutral       0.063,*0.505,0.432 
    71  2:neutral  2:neutral       0.138,*0.707,0.154 
    72  2:neutral 3:positive   +   0.026,0.122,*0.852 
    73  2:neutral  2:neutral       0.178,*0.455,0.367 
    74  2:neutral  2:neutral       0.082,*0.528,0.39 
    75  2:neutral  2:neutral       0.037,*0.794,0.169 
    76  2:neutral  2:neutral       0.062,*0.693,0.245 
    77  2:neutral  2:neutral       0.177,*0.47,0.353 
    78  2:neutral  2:neutral       0.056,*0.686,0.258 
    79  2:neutral  2:neutral       0.171,*0.735,0.094 
    80  2:neutral  2:neutral       0.054,*0.895,0.051 
    81  2:neutral 3:positive   +   0.303,0.317,*0.38 
    82  2:neutral  2:neutral       0.139,*0.806,0.056 
    83  2:neutral 1:negative   +   *0.524,0.086,0.389 
    84  2:neutral 3:positive   +   0.033,0.079,*0.889 
    85  2:neutral  2:neutral       0.17,*0.649,0.181 
    86  2:neutral  2:neutral       0.066,*0.818,0.116 
    87  2:neutral  2:neutral       0.015,*0.549,0.436 
    88  2:neutral  2:neutral       0.037,*0.616,0.347 
    89  2:neutral  2:neutral       0.228,*0.542,0.23 
    90  2:neutral  2:neutral       0.051,*0.86,0.089 
    91  2:neutral  2:neutral       0.057,*0.767,0.176 
    92  2:neutral  2:neutral       0.118,*0.627,0.255 
    93  2:neutral  2:neutral       0.102,*0.677,0.221 
    94  2:neutral 3:positive   +   0.059,0.377,*0.565 
    95  2:neutral  2:neutral       0.178,*0.456,0.366 
    96  2:neutral  2:neutral       0.104,*0.741,0.155 
    97  2:neutral  2:neutral       0.059,*0.839,0.102 
    98  2:neutral 3:positive   +   0.085,0.324,*0.591 
    99  2:neutral  2:neutral       0.057,*0.825,0.118 
   100  2:neutral  2:neutral       0.123,*0.698,0.18 
   101  2:neutral  2:neutral       0.304,*0.557,0.139 
   102  2:neutral 3:positive   +   0.071,0.214,*0.715 
   103  2:neutral  2:neutral       0.042,*0.753,0.205 
   104  2:neutral  2:neutral       0.196,*0.499,0.305 
   105  2:neutral  2:neutral       0.084,*0.689,0.227 
   106  2:neutral 3:positive   +   0.197,0.318,*0.485 
   107  2:neutral  2:neutral       0.084,*0.695,0.221 
   108  2:neutral  2:neutral       0.038,*0.914,0.048 
   109  2:neutral  2:neutral       0.024,*0.751,0.225 
   110  2:neutral  2:neutral       0.054,*0.872,0.074 
   111  2:neutral  2:neutral       0.077,*0.523,0.4 
   112  2:neutral  2:neutral       0.01,*0.905,0.085 
   113  2:neutral  2:neutral       0.054,*0.548,0.398 
   114  2:neutral 3:positive   +   0.052,0.262,*0.686 
   115  2:neutral  2:neutral       0.047,*0.746,0.206 
   116  2:neutral  2:neutral       0.319,*0.556,0.125 
   117  2:neutral  2:neutral       0.035,*0.928,0.037 
   118  2:neutral  2:neutral       0.104,*0.69,0.206 
   119  2:neutral  2:neutral       0.031,*0.78,0.189 
   120  2:neutral 3:positive   +   0.081,0.338,*0.581 
   121  2:neutral  2:neutral       0.053,*0.549,0.399 
   122  2:neutral 3:positive   +   0.103,0.278,*0.62 
   123  2:neutral  2:neutral       0.065,*0.821,0.114 
   124  2:neutral  2:neutral       0.109,*0.745,0.147 
   125  2:neutral  2:neutral       0.083,*0.721,0.196 
   126  2:neutral 3:positive   +   0.03,0.311,*0.658 
   127  2:neutral  2:neutral       0.023,*0.865,0.111 
   128  2:neutral  2:neutral       0.045,*0.522,0.433 
   129  2:neutral  2:neutral       0.113,*0.717,0.17 
   130  2:neutral  2:neutral       0.095,*0.593,0.312 
   131  2:neutral 3:positive   +   0.143,0.379,*0.478 
   132  2:neutral  2:neutral       0.055,*0.743,0.203 
   133  2:neutral  2:neutral       0.051,*0.876,0.073 
   134  2:neutral  2:neutral       0.035,*0.84,0.125 
   135  2:neutral  2:neutral       0.026,*0.71,0.263 
   136  2:neutral  2:neutral       0.011,*0.711,0.278 
   137  2:neutral  2:neutral       0.091,*0.725,0.184 
   138  2:neutral 3:positive   +   0.041,0.269,*0.689 
   139  2:neutral  2:neutral       0.195,*0.597,0.208 
   140  2:neutral  2:neutral       0.065,*0.56,0.375 
   141  2:neutral  2:neutral       0.043,*0.786,0.172 
   142  2:neutral  2:neutral       0.097,*0.806,0.098 
   143  2:neutral  2:neutral       0.154,*0.45,0.396 
   144  2:neutral  2:neutral       0.145,*0.769,0.087 
   145  2:neutral  2:neutral       0.169,*0.43,0.402 
   146  2:neutral  2:neutral       0.085,*0.794,0.121 
   147  2:neutral  2:neutral       0.036,*0.755,0.209 
   148  2:neutral  2:neutral       0.08,*0.772,0.148 
   149  2:neutral 3:positive   +   0.147,0.297,*0.557 
   150  2:neutral  2:neutral       0.066,*0.804,0.13 
   151  2:neutral  2:neutral       0.079,*0.766,0.155 
   152  2:neutral  2:neutral       0.029,*0.925,0.046 
   153  2:neutral  2:neutral       0.031,*0.856,0.112 
   154  2:neutral  2:neutral       0.234,*0.615,0.151 
   155  2:neutral  2:neutral       0.112,*0.445,0.443 
   156  2:neutral 3:positive   +   0.065,0.421,*0.514 
   157  2:neutral  2:neutral       0.072,*0.659,0.269 
   158  2:neutral  2:neutral       0.027,*0.842,0.131 
   159  2:neutral  2:neutral       0.146,*0.789,0.065 
   160  2:neutral  2:neutral       0.026,*0.672,0.302 
   161  2:neutral  2:neutral       0.132,*0.489,0.379 
   162  2:neutral  2:neutral       0.033,*0.883,0.084 
   163  2:neutral  2:neutral       0.046,*0.678,0.276 
   164  2:neutral  2:neutral       0.104,*0.641,0.255 
   165  2:neutral  2:neutral       0.081,*0.807,0.112 
   166  2:neutral  2:neutral       0.076,*0.722,0.203 
   167  2:neutral  2:neutral       0.054,*0.509,0.436 
   168  2:neutral  2:neutral       0.044,*0.736,0.22 
   169  2:neutral  2:neutral       0.082,*0.623,0.295 
   170  2:neutral  2:neutral       0.044,*0.868,0.087 
   171  2:neutral  2:neutral       0.067,*0.557,0.376 
   172  2:neutral 1:negative   +   *0.458,0.309,0.233 
   173  2:neutral 1:negative   +   *0.9,0.076,0.024 
   174  2:neutral  2:neutral       0.108,*0.51,0.382 
   175  2:neutral  2:neutral       0.093,*0.738,0.169 
   176  2:neutral  2:neutral       0.199,*0.62,0.182 
   177  2:neutral  2:neutral       0.067,*0.834,0.099 
   178  2:neutral  2:neutral       0.163,*0.649,0.188 
   179  2:neutral  2:neutral       0.06,*0.722,0.218 
   180  2:neutral  2:neutral       0.061,*0.767,0.172 
   181  2:neutral  2:neutral       0.084,*0.817,0.098 
   182  2:neutral 1:negative   +   *0.754,0.208,0.038 
   183  2:neutral  2:neutral       0.1,*0.706,0.194 
   184  2:neutral 3:positive   +   0.057,0.327,*0.616 
   185  2:neutral  2:neutral       0.065,*0.596,0.34 
   186  2:neutral  2:neutral       0.015,*0.875,0.11 
   187  2:neutral  2:neutral       0.061,*0.592,0.347 
   188  2:neutral 3:positive   +   0.055,0.42,*0.524 
   189  2:neutral  2:neutral       0.153,*0.754,0.093 
   190  2:neutral  2:neutral       0.292,*0.592,0.116 
   191  2:neutral  2:neutral       0.066,*0.82,0.115 
   192  2:neutral  2:neutral       0.058,*0.743,0.199 
   193  2:neutral  2:neutral       0.017,*0.615,0.368 
   194  2:neutral  2:neutral       0.06,*0.748,0.192 
   195  2:neutral  2:neutral       0.033,*0.59,0.376 
   196  2:neutral  2:neutral       0.395,*0.471,0.134 
   197  2:neutral  2:neutral       0.047,*0.513,0.44 
   198  2:neutral  2:neutral       0.307,*0.459,0.234 
   199  2:neutral 3:positive   +   0.082,0.257,*0.661 
   200  2:neutral  2:neutral       0.033,*0.825,0.142 
   201  2:neutral  2:neutral       0.152,*0.715,0.133 
   202  2:neutral  2:neutral       0.142,*0.614,0.245 
   203  2:neutral 3:positive   +   0.047,0.462,*0.49 
   204  2:neutral  2:neutral       0.036,*0.924,0.04 
   205  2:neutral  2:neutral       0.023,*0.776,0.201 
   206  2:neutral  2:neutral       0.089,*0.697,0.214 
   207  2:neutral 3:positive   +   0.04,0.438,*0.522 
   208  2:neutral  2:neutral       0.041,*0.881,0.078 
   209  2:neutral  2:neutral       0.023,*0.918,0.06 
   210  2:neutral 1:negative   +   *0.386,0.281,0.334 
   211  2:neutral  2:neutral       0.03,*0.618,0.352 
   212  2:neutral  2:neutral       0.04,*0.844,0.116 
   213  2:neutral  2:neutral       0.108,*0.543,0.348 
   214  2:neutral  2:neutral       0.044,*0.77,0.186 
   215  2:neutral 1:negative   +   *0.541,0.406,0.054 
   216  2:neutral  2:neutral       0.068,*0.644,0.289 
   217  2:neutral  2:neutral       0.045,*0.86,0.095 
   218  2:neutral  2:neutral       0.337,*0.46,0.202 
   219  2:neutral  2:neutral       0.071,*0.558,0.371 
   220  2:neutral  2:neutral       0.091,*0.735,0.174 
   221  2:neutral 1:negative   +   *0.614,0.278,0.109 
   222  2:neutral 3:positive   +   0.09,0.422,*0.487 
   223  2:neutral  2:neutral       0.024,*0.611,0.365 
   224  2:neutral  2:neutral       0.074,*0.845,0.08 
   225  2:neutral  2:neutral       0.082,*0.782,0.135 
   226  2:neutral  2:neutral       0.069,*0.77,0.161 
   227  2:neutral  2:neutral       0.038,*0.803,0.159 
   228  2:neutral 3:positive   +   0.056,0.23,*0.714 
   229  2:neutral  2:neutral       0.018,*0.697,0.285 
   230  2:neutral  2:neutral       0.261,*0.46,0.278 
   231  2:neutral  2:neutral       0.09,*0.707,0.203 
   232  2:neutral  2:neutral       0.412,*0.437,0.152 
   233  2:neutral  2:neutral       0.173,*0.604,0.223 
   234  2:neutral  2:neutral       0.06,*0.626,0.314 
   235  2:neutral  2:neutral       0.196,*0.696,0.109 
   236  2:neutral 3:positive   +   0.082,0.427,*0.491 
   237  2:neutral  2:neutral       0.098,*0.618,0.284 
   238  2:neutral  2:neutral       0.348,*0.533,0.119 
   239  2:neutral  2:neutral       0.057,*0.59,0.353 
   240  2:neutral  2:neutral       0.084,*0.764,0.151 
   241  2:neutral  2:neutral       0.378,*0.383,0.239 
   242  2:neutral  2:neutral       0.049,*0.728,0.223 
   243  2:neutral 3:positive   +   0.026,0.367,*0.607 
   244  2:neutral  2:neutral       0.046,*0.8,0.154 
   245  2:neutral  2:neutral       0.104,*0.797,0.099 
   246  2:neutral 3:positive   +   0.023,0.401,*0.576 
   247  2:neutral  2:neutral       0.022,*0.949,0.029 
   248  2:neutral 3:positive   +   0.062,0.274,*0.664 
   249  2:neutral  2:neutral       0.126,*0.515,0.359 
   250  2:neutral  2:neutral       0.039,*0.782,0.179 
   251  2:neutral 3:positive   +   0.102,0.428,*0.47 
   252  2:neutral 3:positive   +   0.04,0.375,*0.585 
   253  2:neutral  2:neutral       0.101,*0.484,0.415 
   254  2:neutral  2:neutral       0.159,*0.676,0.165 
   255  2:neutral  2:neutral       0.034,*0.866,0.1 
   256  2:neutral  2:neutral       0.099,*0.571,0.329 
   257  2:neutral  2:neutral       0.084,*0.695,0.221 
   258  2:neutral  2:neutral       0.08,*0.857,0.063 
   259  2:neutral  2:neutral       0.152,*0.574,0.273 
   260  2:neutral  2:neutral       0.064,*0.889,0.047 
   261  2:neutral 3:positive   +   0.047,0.343,*0.61 
   262  2:neutral  2:neutral       0.05,*0.865,0.085 
   263  2:neutral  2:neutral       0.058,*0.665,0.277 
   264  2:neutral  2:neutral       0.032,*0.905,0.062 
   265  2:neutral  2:neutral       0.051,*0.672,0.277 
   266  2:neutral  2:neutral       0.028,*0.855,0.117 
   267  2:neutral 3:positive   +   0.066,0.303,*0.631 
   268  2:neutral  2:neutral       0.059,*0.886,0.055 
   269  2:neutral 3:positive   +   0.114,0.357,*0.529 
   270  2:neutral  2:neutral       0.107,*0.484,0.409 
   271  2:neutral 1:negative   +   *0.499,0.302,0.2 
   272  2:neutral  2:neutral       0.051,*0.624,0.325 
   273  2:neutral  2:neutral       0.345,*0.541,0.115 
   274  2:neutral 3:positive   +   0.099,0.364,*0.538 
   275  2:neutral 1:negative   +   *0.501,0.208,0.291 
   276  2:neutral  2:neutral       0.09,*0.689,0.221 
   277  2:neutral  2:neutral       0.017,*0.535,0.448 
   278  2:neutral  2:neutral       0.057,*0.658,0.285 
   279  2:neutral  2:neutral       0.283,*0.368,0.349 
   280  2:neutral  2:neutral       0.021,*0.679,0.3 
   281  2:neutral  2:neutral       0.042,*0.776,0.182 
   282  2:neutral  2:neutral       0.025,*0.929,0.046 
   283  2:neutral 1:negative   +   *0.41,0.283,0.306 
   284  2:neutral  2:neutral       0.074,*0.466,0.46 
   285  2:neutral  2:neutral       0.03,*0.887,0.083 
   286  2:neutral  2:neutral       0.034,*0.62,0.346 
   287  2:neutral  2:neutral       0.037,*0.883,0.079 
   288  2:neutral  2:neutral       0.209,*0.652,0.139 
   289  2:neutral  2:neutral       0.054,*0.802,0.144 
   290  2:neutral 3:positive   +   0.013,0.463,*0.524 
   291  2:neutral  2:neutral       0.097,*0.763,0.14 
   292  2:neutral 1:negative   +   *0.712,0.179,0.109 
   293  2:neutral 3:positive   +   0.02,0.126,*0.855 
   294  2:neutral  2:neutral       0.05,*0.563,0.387 
   295  2:neutral  2:neutral       0.185,*0.771,0.045 
   296  2:neutral  2:neutral       0.055,*0.743,0.203 
   297  2:neutral 3:positive   +   0.118,0.415,*0.467 
   298  2:neutral  2:neutral       0.036,*0.623,0.34 
   299  2:neutral  2:neutral       0.092,*0.758,0.15 
   300  2:neutral  2:neutral       0.098,*0.765,0.137 
   301  2:neutral  2:neutral       0.095,*0.54,0.365 
   302  2:neutral  2:neutral       0.091,*0.79,0.119 
   303  2:neutral 3:positive   +   0.04,0.204,*0.756 
   304  2:neutral  2:neutral       0.22,*0.482,0.298 
   305  2:neutral  2:neutral       0.024,*0.917,0.058 
   306  2:neutral  2:neutral       0.031,*0.668,0.301 
   307  2:neutral  2:neutral       0.024,*0.917,0.059 
   308  2:neutral  2:neutral       0.034,*0.95,0.016 
   309  2:neutral 3:positive   +   0.051,0.102,*0.847 
   310  2:neutral  2:neutral       0.07,*0.905,0.026 
   311  2:neutral  2:neutral       0.106,*0.644,0.25 
   312  2:neutral  2:neutral       0.141,*0.7,0.159 
   313  2:neutral  2:neutral       0.145,*0.609,0.246 
   314  2:neutral  2:neutral       0.206,*0.613,0.181 
   315  2:neutral  2:neutral       0.024,*0.788,0.188 
   316  2:neutral 3:positive   +   0.031,0.468,*0.501 
   317  2:neutral  2:neutral       0.051,*0.829,0.119 
   318  2:neutral  2:neutral       0.067,*0.815,0.119 
   319  2:neutral  2:neutral       0.109,*0.513,0.378 
   320  2:neutral  2:neutral       0.056,*0.843,0.101 
   321  2:neutral  2:neutral       0.066,*0.843,0.091 
   322  2:neutral  2:neutral       0.049,*0.828,0.123 
   323  2:neutral  2:neutral       0.081,*0.649,0.27 
   324  2:neutral  2:neutral       0.057,*0.809,0.134 
   325  2:neutral  2:neutral       0.04,*0.846,0.114 
   326  2:neutral  2:neutral       0.052,*0.784,0.164 
   327  2:neutral 1:negative   +   *0.775,0.052,0.174 
   328  2:neutral  2:neutral       0.421,*0.46,0.119 
   329  2:neutral  2:neutral       0.387,*0.393,0.22 
   330  2:neutral  2:neutral       0.032,*0.893,0.075 
   331  2:neutral  2:neutral       0.083,*0.631,0.286 
   332  2:neutral  2:neutral       0.064,*0.81,0.126 
   333  2:neutral  2:neutral       0.027,*0.85,0.123 
   334  2:neutral 1:negative   +   *0.377,0.31,0.313 
   335  2:neutral 3:positive   +   0.012,0.339,*0.649 
   336  2:neutral  2:neutral       0.069,*0.635,0.296 
   337  2:neutral  2:neutral       0.05,*0.695,0.255 
   338  2:neutral 3:positive   +   0.152,0.421,*0.427 
   339  2:neutral  2:neutral       0.068,*0.727,0.205 
   340  2:neutral  2:neutral       0.327,*0.464,0.209 
   341  2:neutral  2:neutral       0.066,*0.593,0.341 
   342  2:neutral 3:positive   +   0.148,0.158,*0.695 
