Zero Weights processed. Default weights will be used
.
Warning: using -h 0 may be faster
*
optimization finished, #iter = 1200
C = 40.08814202833181
obj = 11234.415847163253, rho = 0.6135357642633558
nSV = 2812, nBSV = 2616
Total nSV = 2812
.
Warning: using -h 0 may be faster
*
optimization finished, #iter = 1269
C = 49.33239149057081
obj = 14541.751872013281, rho = 0.9414271391772444
nSV = 2829, nBSV = 2609
Total nSV = 2829
.
Warning: using -h 0 may be faster
*
optimization finished, #iter = 1237
C = 42.11404170314502
obj = 12117.731780636168, rho = 1.4330872103291017
nSV = 2807, nBSV = 2615
Total nSV = 2807
.
Warning: using -h 0 may be faster
*
optimization finished, #iter = 1246
C = 43.08542602981613
obj = 12305.098930143484, rho = 0.6846541090893344
nSV = 2803, nBSV = 2621
Total nSV = 2803
.
Warning: using -h 0 may be faster
*
optimization finished, #iter = 1238
C = 46.99405260112333
obj = 13591.065882824621, rho = 1.168754953044502
nSV = 2815, nBSV = 2608
Total nSV = 2815
.
Warning: using -h 0 may be faster
*.*
optimization finished, #iter = 1628
C = 36.66290837308155
obj = 12365.110550139756, rho = 0.7524835585781482
nSV = 3494, nBSV = 3265
.
Warning: using -h 0 may be faster
..
Warning: using -h 0 may be faster
*
optimization finished, #iter = 3824
C = 418.6038750922566
obj = 341068.1491337737, rho = -25.830245350370962
nSV = 5038, nBSV = 3545
Total nSV = 5038
.
Warning: using -h 0 may be faster
..
Warning: using -h 0 may be faster
*
optimization finished, #iter = 3713
C = 413.5512333074899
obj = 333298.43954969966, rho = 4.490193479853839
nSV = 5040, nBSV = 3557
Total nSV = 5040
.
Warning: using -h 0 may be faster
..
Warning: using -h 0 may be faster
*
optimization finished, #iter = 3515
C = 379.4055369126665
obj = 298580.08816673333, rho = 9.577220818265987
nSV = 4963, nBSV = 3597
Total nSV = 4963
.
Warning: using -h 0 may be faster
..
Warning: using -h 0 may be faster
*
optimization finished, #iter = 3735
C = 412.3529616550098
obj = 330244.70740378153, rho = 10.312177353292896
nSV = 5026, nBSV = 3568
Total nSV = 5026
.
Warning: using -h 0 may be faster
..
Warning: using -h 0 may be faster
*
optimization finished, #iter = 3650
C = 386.34601829905995
obj = 306657.96182041726, rho = 9.474634047308465
nSV = 4997, nBSV = 3577
Total nSV = 4997
.
Warning: using -h 0 may be faster
...
Warning: using -h 0 may be faster
*
optimization finished, #iter = 4518
C = 372.19748361895506
obj = 340880.0940070052, rho = 11.083822128124405
nSV = 6157, nBSV = 4585
.
Warning: using -h 0 may be faster
*
optimization finished, #iter = 1211
C = 13.057656450013756
obj = 2019.0756713738585, rho = -0.7370287321877999
nSV = 3207, nBSV = 3067
Total nSV = 3207
.
Warning: using -h 0 may be faster
*
optimization finished, #iter = 1222
C = 20.200096162890365
obj = 3832.833038531821, rho = -0.9436999447755263
nSV = 3236, nBSV = 3052
Total nSV = 3236
.
Warning: using -h 0 may be faster
*
optimization finished, #iter = 1169
C = 10.568298087908843
obj = 1492.8142626980389, rho = -0.7155903988821718
nSV = 3210, nBSV = 3068
Total nSV = 3210
.
Warning: using -h 0 may be faster
*
optimization finished, #iter = 1159
C = 0.0
obj = 0.0, rho = NaN
nSV = 0, nBSV = 0
Total nSV = 0
.
Warning: using -h 0 may be faster
*
optimization finished, #iter = 1170
C = 7.911682528335145
obj = 931.0446167306872, rho = -0.7924595651757881
nSV = 3200, nBSV = 3072
Total nSV = 3200
Line search fails in two-class probability estimates
.
Warning: using -h 0 may be faster
*
optimization finished, #iter = 1406
C = 8.336125279446225
obj = 1289.5838101042984, rho = 0.7158607256149583
nSV = 3996, nBSV = 3848
Total nSV = 9133
.*
optimization finished, #iter = 1023
C = 54.83112774459897
obj = 13441.095003199594, rho = -1.5768878749698325
nSV = 2275, nBSV = 2064
Total nSV = 2275
.
Warning: using -h 0 may be faster
*
optimization finished, #iter = 1064
C = 57.23358838073389
obj = 14770.90229392866, rho = 1.2258145357425494
nSV = 2285, nBSV = 2062
Total nSV = 2285
.*
optimization finished, #iter = 1012
C = 47.830350866566775
obj = 11420.881487067052, rho = 2.161743442970154
nSV = 2262, nBSV = 2072
Total nSV = 2262
.
Warning: using -h 0 may be faster
*
optimization finished, #iter = 1092
C = 62.709136681079436
obj = 16891.976671038647, rho = 2.0270816950479325
nSV = 2277, nBSV = 2052
Total nSV = 2277
.*
optimization finished, #iter = 1025
C = 42.138793125629974
obj = 10044.568230927865, rho = 1.8255297039412666
nSV = 2263, nBSV = 2079
Total nSV = 2263
.
Warning: using -h 0 may be faster
*
optimization finished, #iter = 1229
C = 43.86762051781819
obj = 12802.74720530427, rho = 1.830551680879662
nSV = 2805, nBSV = 2607
.
Warning: using -h 0 may be faster
.
Warning: using -h 0 may be faster
*
optimization finished, #iter = 2948
C = 401.36267448776596
obj = 275746.6865958168, rho = -21.582974781205127
nSV = 4057, nBSV = 2807
Total nSV = 4057
.
Warning: using -h 0 may be faster
.
Warning: using -h 0 may be faster
*
optimization finished, #iter = 2939
C = 409.6266628013304
obj = 281784.76026566507, rho = -21.989917227224964
nSV = 4089, nBSV = 2800
Total nSV = 4089
..
Warning: using -h 0 may be faster
*
optimization finished, #iter = 2914
C = 411.85793886146087
obj = 287309.81971662765, rho = -18.102742933880062
nSV = 4073, nBSV = 2796
Total nSV = 4073
..
Warning: using -h 0 may be faster
*
optimization finished, #iter = 2956
C = 433.7958693149197
obj = 309012.83272983454, rho = -26.709979039523482
nSV = 4098, nBSV = 2788
Total nSV = 4098
...
Warning: using -h 0 may be faster
*
optimization finished, #iter = 3038
C = 474.1312040620489
obj = 349339.2919041448, rho = -29.953428738859074
nSV = 4134, nBSV = 2719
Total nSV = 4134
.
Warning: using -h 0 may be faster
..
Warning: using -h 0 may be faster
*
optimization finished, #iter = 3604
C = 392.68668951828585
obj = 314250.26569898, rho = 13.219829209667244
nSV = 5000, nBSV = 3550
*
optimization finished, #iter = 983
C = 20.155449340577846
obj = 3012.67879511878, rho = -1.3797871805765252
nSV = 2599, nBSV = 2416
Total nSV = 2599
*
optimization finished, #iter = 925
C = 0.0
obj = 0.0, rho = NaN
nSV = 0, nBSV = 0
Total nSV = 0
*
optimization finished, #iter = 950
C = 15.113834879362278
obj = 2037.196466485525, rho = 0.6175458046568908
nSV = 2582, nBSV = 2428
Total nSV = 2582
*
optimization finished, #iter = 977
C = 20.437543345407107
obj = 2939.3737223303765, rho = 0.3304760475087566
nSV = 2586, nBSV = 2422
Total nSV = 2586
*
optimization finished, #iter = 939
C = 0.0
obj = 0.0, rho = NaN
nSV = 0, nBSV = 0
Total nSV = 0
Line search fails in two-class probability estimates
.
Warning: using -h 0 may be faster
*
optimization finished, #iter = 1152
C = 11.059763287950048
obj = 1446.6607253032414, rho = 0.7101219007128389
nSV = 3206, nBSV = 3069
Total nSV = 7365
.
Warning: using -h 0 may be faster
*
optimization finished, #iter = 1062
C = 60.14718375576674
obj = 15451.113259639447, rho = 0.5846854193795207
nSV = 2280, nBSV = 2053
Total nSV = 2280
.*
optimization finished, #iter = 1041
C = 54.96753702555066
obj = 13526.250915133296, rho = -1.6003124561915092
nSV = 2269, nBSV = 2070
Total nSV = 2269
.
Warning: using -h 0 may be faster
*
optimization finished, #iter = 1059
C = 56.1681396905508
obj = 13719.111065638832, rho = -0.7004668242535014
nSV = 2270, nBSV = 2069
Total nSV = 2270
.*
optimization finished, #iter = 1023
C = 53.65459630389093
obj = 13260.048740420996, rho = -0.19265615990927668
nSV = 2277, nBSV = 2061
Total nSV = 2277
.*
optimization finished, #iter = 1018
C = 50.067601752738796
obj = 12443.637074797889, rho = -0.9404885754983137
nSV = 2261, nBSV = 2068
Total nSV = 2261
.
Warning: using -h 0 may be faster
*
optimization finished, #iter = 1230
C = 45.388319580028096
obj = 13025.078394604669, rho = 0.3096149733184336
nSV = 2822, nBSV = 2596
.
Warning: using -h 0 may be faster
.
Warning: using -h 0 may be faster
*
optimization finished, #iter = 2897
C = 409.8835682204673
obj = 284539.32198453636, rho = 13.355569827349562
nSV = 4072, nBSV = 2812
Total nSV = 4072
..
Warning: using -h 0 may be faster
*
optimization finished, #iter = 2849
C = 446.5541160670258
obj = 322922.85003397963, rho = -18.749215414091466
nSV = 4084, nBSV = 2762
Total nSV = 4084
.
Warning: using -h 0 may be faster
.
Warning: using -h 0 may be faster
*
optimization finished, #iter = 2842
C = 422.4106973727137
obj = 297074.6840359854, rho = -16.82772809464463
nSV = 4076, nBSV = 2791
Total nSV = 4076
.
Warning: using -h 0 may be faster
..
Warning: using -h 0 may be faster
*
optimization finished, #iter = 3031
C = 451.689046806995
obj = 322024.00055062963, rho = -21.795590338227843
nSV = 4127, nBSV = 2749
Total nSV = 4127
.
Warning: using -h 0 may be faster
.
Warning: using -h 0 may be faster
*
optimization finished, #iter = 2858
C = 403.4343859848572
obj = 276526.28767174634, rho = -19.162950063274497
nSV = 4049, nBSV = 2819
Total nSV = 4049
.
Warning: using -h 0 may be faster
..
Warning: using -h 0 may be faster
*
optimization finished, #iter = 3426
C = 399.5255077623734
obj = 324573.685647054, rho = 9.424378078621725
nSV = 5012, nBSV = 3579
*
optimization finished, #iter = 947
C = 0.0
obj = 0.0, rho = NaN
nSV = 0, nBSV = 0
Total nSV = 0
*
optimization finished, #iter = 940
C = 16.206134192102116
obj = 1974.7924371331778, rho = -1.1342637386033088
nSV = 2576, nBSV = 2443
Total nSV = 2576
*
optimization finished, #iter = 962
C = 0.0
obj = 0.0, rho = NaN
nSV = 0, nBSV = 0
Total nSV = 0
*
optimization finished, #iter = 969
C = 12.877269048125562
obj = 1556.1500936958412, rho = -0.6418317110119911
nSV = 2593, nBSV = 2439
Total nSV = 2593
.
Warning: using -h 0 may be faster
*
optimization finished, #iter = 1030
C = 20.35376968973342
obj = 3019.0662270742637, rho = -1.3221642015878639
nSV = 2595, nBSV = 2422
Total nSV = 2595
Line search fails in two-class probability estimates
.
Warning: using -h 0 may be faster
*
optimization finished, #iter = 1153
C = 10.845333488509786
obj = 1470.0362590377392, rho = 0.752132448493538
nSV = 3205, nBSV = 3070
Total nSV = 7369
.
Warning: using -h 0 may be faster
.
Warning: using -h 0 may be faster
*
optimization finished, #iter = 2985
C = 434.25104486808425
obj = 295569.5373175111, rho = 6.1357767165408745
nSV = 4088, nBSV = 2807
Total nSV = 4088
.
Warning: using -h 0 may be faster
..
Warning: using -h 0 may be faster
*
optimization finished, #iter = 3063
C = 451.994173764736
obj = 320340.6760774313, rho = -19.122976035685575
nSV = 4134, nBSV = 2752
Total nSV = 4134
.
Warning: using -h 0 may be faster
..
Warning: using -h 0 may be faster
*
optimization finished, #iter = 3160
C = 450.05682927202
obj = 317093.4687799944, rho = -21.80238966629348
nSV = 4093, nBSV = 2776
Total nSV = 4093
...
Warning: using -h 0 may be faster
*
optimization finished, #iter = 3111
C = 440.1932909674092
obj = 310990.2859605792, rho = -22.509749684487097
nSV = 4122, nBSV = 2769
Total nSV = 4122
.
Warning: using -h 0 may be faster
..
Warning: using -h 0 may be faster
*
optimization finished, #iter = 3080
C = 418.93803882499515
obj = 289240.49780024367, rho = -28.575767804887114
nSV = 4082, nBSV = 2768
Total nSV = 4082
.
Warning: using -h 0 may be faster
..
Warning: using -h 0 may be faster
*
optimization finished, #iter = 3788
C = 414.396597195496
obj = 333285.2068526584, rho = -22.606701801428194
nSV = 5041, nBSV = 3526
*
optimization finished, #iter = 955
C = 0.0
obj = 0.0, rho = NaN
nSV = 0, nBSV = 0
Total nSV = 0
.*
optimization finished, #iter = 1015
C = 23.49517741198674
obj = 3429.914713465967, rho = -0.6394932391828502
nSV = 2608, nBSV = 2413
Total nSV = 2608
*
optimization finished, #iter = 962
C = 15.69362473117979
obj = 1897.8390187298578, rho = -0.6418482321982619
nSV = 2594, nBSV = 2425
Total nSV = 2594
*
optimization finished, #iter = 946
C = 0.0
obj = 0.0, rho = NaN
nSV = 0, nBSV = 0
Total nSV = 0
*
optimization finished, #iter = 969
C = 20.692141132218424
obj = 2862.9779778776096, rho = -0.9940066239137137
nSV = 2593, nBSV = 2428
Total nSV = 2593
Line search fails in two-class probability estimates
.
Warning: using -h 0 may be faster
*
optimization finished, #iter = 1148
C = 13.009941161776508
obj = 1756.2094222580388, rho = -0.8619009034991312
nSV = 3214, nBSV = 3064
.*
optimization finished, #iter = 1035
C = 55.83145819563228
obj = 14288.236941194102, rho = 1.044101377167228
nSV = 2276, nBSV = 2064
Total nSV = 2276
.*
optimization finished, #iter = 1007
C = 56.35994528733185
obj = 14099.987208968416, rho = 2.6104361888618954
nSV = 2268, nBSV = 2063
Total nSV = 2268
.*
optimization finished, #iter = 1030
C = 61.27728340381846
obj = 15399.545644440599, rho = 1.1764163815554487
nSV = 2274, nBSV = 2062
Total nSV = 2274
.*
optimization finished, #iter = 1015
C = 50.555982554959805
obj = 12153.494358424501, rho = 0.528859702320539
nSV = 2262, nBSV = 2072
Total nSV = 2262
.*
optimization finished, #iter = 1061
C = 57.08917633831393
obj = 14516.853223251439, rho = 0.510839815867114
nSV = 2277, nBSV = 2059
Total nSV = 2277
.
Warning: using -h 0 may be faster
*
optimization finished, #iter = 1288
C = 46.99749879588083
obj = 13704.314294614536, rho = 1.1145924506745875
nSV = 2816, nBSV = 2606
Total nSV = 7401
.*
optimization finished, #iter = 1040
C = 57.19585997547833
obj = 14232.66689368276, rho = 1.6988946594387475
nSV = 2278, nBSV = 2060
Total nSV = 2278
.*
optimization finished, #iter = 1038
C = 47.01229696977942
obj = 11099.90045055324, rho = 2.8307743689194123
nSV = 2270, nBSV = 2068
Total nSV = 2270
*
optimization finished, #iter = 985
C = 49.72523053402876
obj = 11790.11173803825, rho = 0.502885418672329
nSV = 2266, nBSV = 2069
Total nSV = 2266
.
Warning: using -h 0 may be faster
*
optimization finished, #iter = 1029
C = 58.78328008516448
obj = 14726.455434380709, rho = 1.7279821250844491
nSV = 2270, nBSV = 2069
Total nSV = 2270
*
optimization finished, #iter = 980
C = 46.24510396253675
obj = 11126.01273697735, rho = 0.5541429304749252
nSV = 2262, nBSV = 2075
Total nSV = 2262
.
Warning: using -h 0 may be faster
*
optimization finished, #iter = 1235
C = 43.0138643791892
obj = 12175.70736467836, rho = -1.610762237164464
nSV = 2812, nBSV = 2612
*
optimization finished, #iter = 941
C = 0.0
obj = 0.0, rho = NaN
nSV = 0, nBSV = 0
Total nSV = 0
*
optimization finished, #iter = 907
C = 0.0
obj = 0.0, rho = NaN
nSV = 0, nBSV = 0
Total nSV = 0
*
optimization finished, #iter = 944
C = 16.213145391917926
obj = 2099.580165952778, rho = 1.3244446868381403
nSV = 2583, nBSV = 2452
Total nSV = 2583
*
optimization finished, #iter = 945
C = 13.557043636119465
obj = 1685.7596446798298, rho = 0.7942591537967588
nSV = 2588, nBSV = 2438
Total nSV = 2588
*
optimization finished, #iter = 937
C = 9.43898864178279
obj = 830.6827383201266, rho = 0.825492774476327
nSV = 2586, nBSV = 2442
Total nSV = 2586
Line search fails in two-class probability estimates
.
Warning: using -h 0 may be faster
*
optimization finished, #iter = 1189
C = 9.009142865335772
obj = 1154.8816951237472, rho = 0.7504165877965916
nSV = 3222, nBSV = 3063
.
Warning: using -h 0 may be faster
.
Warning: using -h 0 may be faster
*
optimization finished, #iter = 2865
C = 374.90891197920854
obj = 255558.22695335143, rho = -19.931187640050897
nSV = 4024, nBSV = 2815
Total nSV = 4024
..
Warning: using -h 0 may be faster
*
optimization finished, #iter = 2870
C = 432.13090646622305
obj = 304550.2655117803, rho = 15.870103449355272
nSV = 4076, nBSV = 2797
Total nSV = 4076
.
Warning: using -h 0 may be faster
.
Warning: using -h 0 may be faster
*
optimization finished, #iter = 2939
C = 407.0123134149499
obj = 281227.00521188864, rho = 6.9282374637949795
nSV = 4074, nBSV = 2795
Total nSV = 4074
.
Warning: using -h 0 may be faster
.
Warning: using -h 0 may be faster
*
optimization finished, #iter = 2839
C = 394.60394630905324
obj = 267387.9694005133, rho = 9.466970137610016
nSV = 4047, nBSV = 2809
Total nSV = 4047
.
Warning: using -h 0 may be faster
.
Warning: using -h 0 may be faster
*
optimization finished, #iter = 2941
C = 434.3714818237973
obj = 304424.3711523254, rho = 11.166200516221275
nSV = 4079, nBSV = 2796
Total nSV = 4079
.
Warning: using -h 0 may be faster
..
Warning: using -h 0 may be faster
*
optimization finished, #iter = 3646
C = 377.22414645565993
obj = 295252.86707955, rho = 10.409072236154646
nSV = 4998, nBSV = 3578
Total nSV = 7342
*
optimization finished, #iter = 929
C = 12.600133378368424
obj = 1553.5530105462435, rho = -0.4011635776793434
nSV = 2569, nBSV = 2453
Total nSV = 2569
*
optimization finished, #iter = 951
C = 0.0
obj = 0.0, rho = NaN
nSV = 0, nBSV = 0
Total nSV = 0
*
optimization finished, #iter = 962
C = 15.195251399870452
obj = 1897.9540618916626, rho = -0.6751672074407756
nSV = 2587, nBSV = 2443
Total nSV = 2587
*
optimization finished, #iter = 939
C = 11.669752907389658
obj = 1413.202017985253, rho = -0.403032104129554
nSV = 2576, nBSV = 2451
Total nSV = 2576
*
optimization finished, #iter = 902
C = 11.053151327349958
obj = 1333.8272560227124, rho = -0.2893548648072948
nSV = 2564, nBSV = 2457
Total nSV = 2564
Line search fails in two-class probability estimates
.
Warning: using -h 0 may be faster
*
optimization finished, #iter = 1156
C = 8.74469319687035
obj = 1155.8051908437662, rho = 0.46925842384723776
nSV = 3187, nBSV = 3077
.*
optimization finished, #iter = 1020
C = 53.35038696806125
obj = 13208.233487064797, rho = -1.0938480050947033
nSV = 2263, nBSV = 2075
Total nSV = 2263
.*
optimization finished, #iter = 1025
C = 48.07939216222396
obj = 11446.144908424609, rho = 1.3305814415241504
nSV = 2257, nBSV = 2068
Total nSV = 2257
.*
optimization finished, #iter = 1056
C = 56.721160537670805
obj = 14167.804774204751, rho = 0.2644740644823817
nSV = 2275, nBSV = 2064
Total nSV = 2275
*
optimization finished, #iter = 990
C = 46.63745454009367
obj = 10293.643311748056, rho = -0.3262554651963801
nSV = 2262, nBSV = 2072
Total nSV = 2262
.*
optimization finished, #iter = 1009
C = 44.18884130650152
obj = 10369.418434318139, rho = 0.3870821615370099
nSV = 2257, nBSV = 2083
Total nSV = 2257
.
Warning: using -h 0 may be faster
*
optimization finished, #iter = 1226
C = 41.49938909401078
obj = 11578.423255965683, rho = -0.5128034065577264
nSV = 2806, nBSV = 2612
..
Warning: using -h 0 may be faster
*
optimization finished, #iter = 2991
C = 439.16787585395235
obj = 309272.08697376907, rho = 0.1133698157171152
nSV = 4091, nBSV = 2806
Total nSV = 4091
..
Warning: using -h 0 may be faster
*
optimization finished, #iter = 2964
C = 468.5212688232106
obj = 335957.8434863113, rho = -0.03194591018667652
nSV = 4132, nBSV = 2739
Total nSV = 4132
..
Warning: using -h 0 may be faster
*
optimization finished, #iter = 2929
C = 453.9290304376629
obj = 323064.4092648158, rho = 12.543115848727332
nSV = 4079, nBSV = 2780
Total nSV = 4079
.
Warning: using -h 0 may be faster
..
Warning: using -h 0 may be faster
*
optimization finished, #iter = 3138
C = 466.87127092474117
obj = 332698.3695031658, rho = 1.9502252459714045
nSV = 4127, nBSV = 2740
Total nSV = 4127
..
Warning: using -h 0 may be faster
*
optimization finished, #iter = 2978
C = 447.44772489834594
obj = 320509.6602954374, rho = 0.5998881313583753
nSV = 4084, nBSV = 2780
Total nSV = 4084
.
Warning: using -h 0 may be faster
..
Warning: using -h 0 may be faster
*
optimization finished, #iter = 3672
C = 425.0267467416954
obj = 346861.4866741868, rho = -15.793216258154228
nSV = 5038, nBSV = 3547
Total nSV = 7400


=== Predictions under cross-validation ===

 inst#     actual  predicted error distribution
     1  2:neutral  2:neutral       0.173,*0.706,0.12 
     2  2:neutral  2:neutral       0.135,*0.694,0.171 
     3  2:neutral 3:positive   +   0.093,0.371,*0.536 
     4  2:neutral  2:neutral       0.12,*0.528,0.352 
     5  2:neutral  2:neutral       0.158,*0.671,0.171 
     6  2:neutral  2:neutral       0.236,*0.675,0.09 
     7  2:neutral  2:neutral       0.171,*0.578,0.25 
     8  2:neutral  2:neutral       0.138,*0.643,0.219 
     9  2:neutral  2:neutral       0.133,*0.63,0.237 
    10  2:neutral  2:neutral       0.237,*0.593,0.17 
    11  2:neutral 3:positive   +   0.076,0.336,*0.588 
    12  2:neutral  2:neutral       0.108,*0.596,0.296 
    13  2:neutral  2:neutral       0.141,*0.691,0.169 
    14  2:neutral  2:neutral       0.084,*0.513,0.403 
    15  2:neutral  2:neutral       0.221,*0.583,0.196 
    16  2:neutral  2:neutral       0.102,*0.657,0.241 
    17  2:neutral  2:neutral       0.194,*0.497,0.309 
    18  2:neutral  2:neutral       0.199,*0.591,0.21 
    19  2:neutral  2:neutral       0.199,*0.672,0.128 
    20  2:neutral  2:neutral       0.221,*0.714,0.065 
    21  2:neutral 3:positive   +   0.332,0.319,*0.349 
    22  2:neutral  2:neutral       0.141,*0.512,0.347 
    23  2:neutral  2:neutral       0.139,*0.653,0.208 
    24  2:neutral  2:neutral       0.17,*0.732,0.097 
    25  2:neutral  2:neutral       0.118,*0.65,0.232 
    26  2:neutral 3:positive   +   0.067,0.3,*0.633 
    27  2:neutral  2:neutral       0.15,*0.771,0.079 
    28  2:neutral  2:neutral       0.247,*0.679,0.073 
    29  2:neutral  2:neutral       0.118,*0.665,0.217 
    30  2:neutral 3:positive   +   0.091,0.377,*0.532 
    31  2:neutral  2:neutral       0.232,*0.675,0.093 
    32  2:neutral  2:neutral       0.244,*0.703,0.052 
    33  2:neutral  2:neutral       0.148,*0.746,0.106 
    34  2:neutral  2:neutral       0.163,*0.688,0.149 
    35  2:neutral  2:neutral       0.227,*0.688,0.085 
    36  2:neutral 3:positive   +   0.096,0.439,*0.465 
    37  2:neutral  2:neutral       0.196,*0.603,0.202 
    38  2:neutral  2:neutral       0.161,*0.664,0.174 
    39  2:neutral  2:neutral       0.143,*0.656,0.201 
    40  2:neutral  2:neutral       0.12,*0.71,0.17 
    41  2:neutral  2:neutral       0.155,*0.666,0.178 
    42  2:neutral  2:neutral       0.15,*0.656,0.195 
    43  2:neutral 3:positive   +   0.203,0.134,*0.662 
    44  2:neutral  2:neutral       0.119,*0.499,0.382 
    45  2:neutral  2:neutral       0.149,*0.733,0.118 
    46  2:neutral  2:neutral       0.122,*0.661,0.218 
    47  2:neutral  2:neutral       0.133,*0.547,0.32 
    48  2:neutral 3:positive   +   0.017,0.061,*0.921 
    49  2:neutral  2:neutral       0.213,*0.704,0.083 
    50  2:neutral  2:neutral       0.139,*0.685,0.176 
    51  2:neutral  2:neutral       0.168,*0.739,0.093 
    52  2:neutral  2:neutral       0.211,*0.61,0.18 
    53  2:neutral  2:neutral       0.207,*0.566,0.228 
    54  2:neutral  2:neutral       0.171,*0.55,0.279 
    55  2:neutral  2:neutral       0.134,*0.718,0.148 
    56  2:neutral  2:neutral       0.134,*0.756,0.11 
    57  2:neutral  2:neutral       0.178,*0.596,0.225 
    58  2:neutral  2:neutral       0.141,*0.635,0.223 
    59  2:neutral  2:neutral       0.177,*0.6,0.223 
    60  2:neutral  2:neutral       0.23,*0.616,0.154 
    61  2:neutral  2:neutral       0.162,*0.716,0.122 
    62  2:neutral  2:neutral       0.117,*0.596,0.287 
    63  2:neutral  2:neutral       0.105,*0.626,0.269 
    64  2:neutral  2:neutral       0.252,*0.595,0.153 
    65  2:neutral  2:neutral       0.222,*0.677,0.1 
    66  2:neutral 3:positive   +   0.04,0.214,*0.746 
    67  2:neutral  2:neutral       0.081,*0.512,0.407 
    68  2:neutral  2:neutral       0.195,*0.597,0.207 
    69  2:neutral 3:positive   +   0.044,0.215,*0.741 
    70  2:neutral 3:positive   +   0.102,0.44,*0.458 
    71  2:neutral  2:neutral       0.187,*0.658,0.155 
    72  2:neutral 3:positive   +   0.046,0.156,*0.798 
    73  2:neutral  2:neutral       0.16,*0.619,0.22 
    74  2:neutral  2:neutral       0.145,*0.502,0.352 
    75  2:neutral  2:neutral       0.123,*0.729,0.148 
    76  2:neutral  2:neutral       0.134,*0.539,0.327 
    77  2:neutral  2:neutral       0.194,*0.493,0.312 
    78  2:neutral  2:neutral       0.139,*0.686,0.175 
    79  2:neutral  2:neutral       0.161,*0.723,0.116 
    80  2:neutral  2:neutral       0.123,*0.669,0.208 
    81  2:neutral  2:neutral       0.241,*0.546,0.213 
    82  2:neutral  2:neutral       0.187,*0.733,0.08 
    83  2:neutral 3:positive   +   0.297,0.213,*0.49 
    84  2:neutral 3:positive   +   0.076,0.3,*0.624 
    85  2:neutral  2:neutral       0.171,*0.478,0.351 
    86  2:neutral  2:neutral       0.167,*0.712,0.121 
    87  2:neutral  2:neutral       0.077,*0.499,0.424 
    88  2:neutral  2:neutral       0.151,*0.721,0.128 
    89  2:neutral  2:neutral       0.222,*0.499,0.279 
    90  2:neutral  2:neutral       0.119,*0.669,0.213 
    91  2:neutral  2:neutral       0.157,*0.616,0.227 
    92  2:neutral  2:neutral       0.174,*0.687,0.139 
    93  2:neutral  2:neutral       0.145,*0.631,0.224 
    94  2:neutral  2:neutral       0.129,*0.595,0.277 
    95  2:neutral  2:neutral       0.2,*0.546,0.253 
    96  2:neutral  2:neutral       0.223,*0.65,0.127 
    97  2:neutral  2:neutral       0.149,*0.687,0.164 
    98  2:neutral 3:positive   +   0.119,0.376,*0.505 
    99  2:neutral  2:neutral       0.145,*0.719,0.136 
   100  2:neutral  2:neutral       0.123,*0.601,0.277 
   101  2:neutral 3:positive   +   0.172,0.245,*0.583 
   102  2:neutral 3:positive   +   0.078,0.207,*0.716 
   103  2:neutral  2:neutral       0.131,*0.702,0.167 
   104  2:neutral  2:neutral       0.18,*0.618,0.203 
   105  2:neutral  2:neutral       0.107,*0.555,0.338 
   106  2:neutral  2:neutral       0.209,*0.469,0.322 
   107  2:neutral  2:neutral       0.139,*0.653,0.208 
   108  2:neutral  2:neutral       0.157,*0.749,0.094 
   109  2:neutral  2:neutral       0.139,*0.74,0.12 
   110  2:neutral  2:neutral       0.156,*0.639,0.204 
   111  2:neutral  2:neutral       0.115,*0.56,0.325 
   112  2:neutral  2:neutral       0.136,*0.755,0.109 
   113  2:neutral  2:neutral       0.097,*0.568,0.335 
   114  2:neutral 3:positive   +   0.068,0.245,*0.687 
   115  2:neutral  2:neutral       0.135,*0.648,0.216 
   116  2:neutral  2:neutral       0.255,*0.507,0.239 
   117  2:neutral  2:neutral       0.18,*0.736,0.084 
   118  2:neutral  2:neutral       0.162,*0.577,0.261 
   119  2:neutral  2:neutral       0.152,*0.736,0.113 
   120  2:neutral 3:positive   +   0.107,0.254,*0.639 
   121  2:neutral  2:neutral       0.09,*0.48,0.43 
   122  2:neutral 3:positive   +   0.136,0.395,*0.469 
   123  2:neutral  2:neutral       0.179,*0.708,0.113 
   124  2:neutral  2:neutral       0.126,*0.593,0.281 
   125  2:neutral  2:neutral       0.145,*0.632,0.223 
   126  2:neutral 3:positive   +   0.079,0.406,*0.515 
   127  2:neutral  2:neutral       0.153,*0.718,0.129 
   128  2:neutral 3:positive   +   0.105,0.444,*0.451 
   129  2:neutral  2:neutral       0.182,*0.704,0.115 
   130  2:neutral  2:neutral       0.195,*0.613,0.191 
   131  2:neutral 3:positive   +   0.086,0.268,*0.646 
   132  2:neutral  2:neutral       0.139,*0.662,0.2 
   133  2:neutral  2:neutral       0.141,*0.745,0.114 
   134  2:neutral  2:neutral       0.146,*0.741,0.113 
   135  2:neutral  2:neutral       0.115,*0.669,0.216 
   136  2:neutral  2:neutral       0.108,*0.674,0.218 
   137  2:neutral  2:neutral       0.144,*0.713,0.143 
   138  2:neutral 3:positive   +   0.097,0.227,*0.676 
   139  2:neutral  2:neutral       0.22,*0.626,0.154 
   140  2:neutral  2:neutral       0.141,*0.699,0.16 
   141  2:neutral  2:neutral       0.156,*0.656,0.188 
   142  2:neutral  2:neutral       0.15,*0.62,0.23 
   143  2:neutral 3:positive   +   0.133,0.398,*0.469 
   144  2:neutral  2:neutral       0.215,*0.67,0.116 
   145  2:neutral 3:positive   +   0.147,0.345,*0.508 
   146  2:neutral  2:neutral       0.154,*0.698,0.149 
   147  2:neutral  2:neutral       0.137,*0.676,0.187 
   148  2:neutral  2:neutral       0.131,*0.694,0.175 
   149  2:neutral 3:positive   +   0.151,0.291,*0.557 
   150  2:neutral  2:neutral       0.159,*0.717,0.124 
   151  2:neutral  2:neutral       0.096,*0.547,0.357 
   152  2:neutral  2:neutral       0.149,*0.722,0.129 
   153  2:neutral  2:neutral       0.131,*0.749,0.121 
   154  2:neutral  2:neutral       0.227,*0.68,0.093 
   155  2:neutral 3:positive   +   0.112,0.299,*0.588 
   156  2:neutral  2:neutral       0.137,*0.566,0.297 
   157  2:neutral  2:neutral       0.144,*0.529,0.327 
   158  2:neutral  2:neutral       0.143,*0.669,0.188 
   159  2:neutral  2:neutral       0.236,*0.701,0.063 
   160  2:neutral  2:neutral       0.107,*0.63,0.263 
   161  2:neutral  2:neutral       0.169,*0.539,0.292 
   162  2:neutral  2:neutral       0.141,*0.733,0.126 
   163  2:neutral  2:neutral       0.139,*0.631,0.23 
   164  2:neutral  2:neutral       0.14,*0.675,0.185 
   165  2:neutral  2:neutral       0.174,*0.733,0.093 
   166  2:neutral  2:neutral       0.159,*0.663,0.178 
   167  2:neutral  2:neutral       0.125,*0.671,0.203 
   168  2:neutral  2:neutral       0.15,*0.652,0.199 
   169  2:neutral  2:neutral       0.15,*0.6,0.25 
   170  2:neutral  2:neutral       0.127,*0.679,0.194 
   171  2:neutral  2:neutral       0.167,*0.606,0.228 
   172  2:neutral  2:neutral       0.239,*0.684,0.077 
   173  2:neutral  2:neutral       0.249,*0.669,0.081 
   174  2:neutral  2:neutral       0.142,*0.561,0.297 
   175  2:neutral  2:neutral       0.194,*0.634,0.172 
   176  2:neutral  2:neutral       0.209,*0.606,0.186 
   177  2:neutral  2:neutral       0.142,*0.71,0.149 
   178  2:neutral  2:neutral       0.199,*0.609,0.192 
   179  2:neutral  2:neutral       0.132,*0.677,0.191 
   180  2:neutral  2:neutral       0.143,*0.679,0.178 
   181  2:neutral  2:neutral       0.177,*0.727,0.096 
   182  2:neutral  2:neutral       0.245,*0.708,0.047 
   183  2:neutral  2:neutral       0.135,*0.643,0.222 
   184  2:neutral 3:positive   +   0.082,0.245,*0.673 
   185  2:neutral  2:neutral       0.166,*0.578,0.256 
   186  2:neutral  2:neutral       0.131,*0.666,0.202 
   187  2:neutral  2:neutral       0.109,*0.451,0.439 
   188  2:neutral 3:positive   +   0.088,0.429,*0.483 
   189  2:neutral  2:neutral       0.191,*0.692,0.117 
   190  2:neutral  2:neutral       0.23,*0.666,0.103 
   191  2:neutral  2:neutral       0.157,*0.691,0.152 
   192  2:neutral  2:neutral       0.133,*0.678,0.189 
   193  2:neutral  2:neutral       0.091,*0.529,0.38 
   194  2:neutral  2:neutral       0.151,*0.72,0.129 
   195  2:neutral  2:neutral       0.105,*0.497,0.398 
   196  2:neutral  2:neutral       0.241,*0.691,0.068 
   197  2:neutral  2:neutral       0.11,*0.553,0.337 
   198  2:neutral  2:neutral       0.184,*0.517,0.298 
   199  2:neutral 3:positive   +   0.128,0.348,*0.524 
   200  2:neutral  2:neutral       0.149,*0.659,0.192 
   201  2:neutral  2:neutral       0.221,*0.704,0.076 
   202  2:neutral  2:neutral       0.16,*0.59,0.25 
   203  2:neutral  2:neutral       0.149,*0.51,0.341 
   204  2:neutral  2:neutral       0.161,*0.742,0.097 
   205  2:neutral  2:neutral       0.117,*0.646,0.237 
   206  2:neutral  2:neutral       0.148,*0.585,0.267 
   207  2:neutral  2:neutral       0.151,*0.508,0.341 
   208  2:neutral  2:neutral       0.151,*0.682,0.167 
   209  2:neutral  2:neutral       0.145,*0.725,0.13 
   210  2:neutral  2:neutral       0.206,*0.499,0.295 
   211  2:neutral  2:neutral       0.112,*0.604,0.284 
   212  2:neutral  2:neutral       0.158,*0.736,0.106 
   213  2:neutral  2:neutral       0.153,*0.668,0.179 
   214  2:neutral  2:neutral       0.155,*0.673,0.172 
   215  2:neutral  2:neutral       0.249,*0.601,0.15 
   216  2:neutral  2:neutral       0.118,*0.636,0.246 
   217  2:neutral  2:neutral       0.17,*0.732,0.099 
   218  2:neutral  2:neutral       0.227,*0.577,0.196 
   219  2:neutral  2:neutral       0.223,*0.69,0.087 
   220  2:neutral  2:neutral       0.143,*0.741,0.116 
   221  2:neutral  2:neutral       0.259,*0.564,0.177 
   222  2:neutral 3:positive   +   0.118,0.428,*0.453 
   223  2:neutral  2:neutral       0.135,*0.628,0.237 
   224  2:neutral  2:neutral       0.19,*0.698,0.112 
   225  2:neutral  2:neutral       0.177,*0.711,0.112 
   226  2:neutral  2:neutral       0.095,*0.531,0.375 
   227  2:neutral  2:neutral       0.116,*0.689,0.195 
   228  2:neutral 3:positive   +   0.056,0.257,*0.687 
   229  2:neutral  2:neutral       0.099,*0.604,0.298 
   230  2:neutral  2:neutral       0.183,*0.485,0.332 
   231  2:neutral  2:neutral       0.148,*0.524,0.328 
   232  2:neutral  2:neutral       0.224,*0.522,0.254 
   233  2:neutral  2:neutral       0.175,*0.614,0.211 
   234  2:neutral  2:neutral       0.091,*0.484,0.425 
   235  2:neutral  2:neutral       0.174,*0.698,0.128 
   236  2:neutral  2:neutral       0.172,*0.55,0.278 
   237  2:neutral  2:neutral       0.122,*0.57,0.308 
   238  2:neutral  2:neutral       0.244,*0.687,0.069 
   239  2:neutral  2:neutral       0.102,*0.52,0.378 
   240  2:neutral  2:neutral       0.167,*0.631,0.202 
   241  2:neutral  2:neutral       0.219,*0.641,0.14 
   242  2:neutral  2:neutral       0.13,*0.639,0.231 
   243  2:neutral 3:positive   +   0.078,0.37,*0.552 
   244  2:neutral  2:neutral       0.151,*0.73,0.119 
   245  2:neutral  2:neutral       0.162,*0.688,0.15 
   246  2:neutral 3:positive   +   0.098,0.334,*0.568 
   247  2:neutral  2:neutral       0.166,*0.767,0.067 
   248  2:neutral 3:positive   +   0.061,0.189,*0.75 
   249  2:neutral  2:neutral       0.159,*0.574,0.267 
   250  2:neutral  2:neutral       0.134,*0.708,0.157 
   251  2:neutral 3:positive   +   0.126,0.348,*0.526 
   252  2:neutral  2:neutral       0.147,*0.645,0.209 
   253  2:neutral  2:neutral       0.142,*0.703,0.155 
   254  2:neutral  2:neutral       0.194,*0.666,0.14 
   255  2:neutral  2:neutral       0.122,*0.733,0.144 
   256  2:neutral  2:neutral       0.148,*0.555,0.297 
   257  2:neutral  2:neutral       0.139,*0.653,0.208 
   258  2:neutral  2:neutral       0.168,*0.724,0.108 
   259  2:neutral  2:neutral       0.115,*0.51,0.376 
   260  2:neutral  2:neutral       0.138,*0.696,0.166 
   261  2:neutral 3:positive   +   0.106,0.422,*0.472 
   262  2:neutral  2:neutral       0.135,*0.75,0.116 
   263  2:neutral  2:neutral       0.136,*0.666,0.198 
   264  2:neutral  2:neutral       0.184,*0.726,0.09 
   265  2:neutral  2:neutral       0.115,*0.569,0.316 
   266  2:neutral  2:neutral       0.137,*0.676,0.187 
   267  2:neutral 3:positive   +   0.06,0.203,*0.738 
   268  2:neutral  2:neutral       0.17,*0.736,0.094 
   269  2:neutral  2:neutral       0.124,*0.477,0.399 
   270  2:neutral  2:neutral       0.22,*0.588,0.193 
   271  2:neutral  2:neutral       0.25,*0.643,0.107 
   272  2:neutral 3:positive   +   0.097,0.169,*0.734 
   273  2:neutral  2:neutral       0.23,*0.665,0.105 
   274  2:neutral 3:positive   +   0.12,0.279,*0.601 
   275  2:neutral  2:neutral       0.251,*0.4,0.349 
   276  2:neutral  2:neutral       0.128,*0.698,0.174 
   277  2:neutral  2:neutral       0.109,*0.639,0.252 
   278  2:neutral  2:neutral       0.144,*0.742,0.114 
   279  2:neutral  2:neutral       0.24,*0.532,0.228 
   280  2:neutral 3:positive   +   0.066,0.399,*0.535 
   281  2:neutral  2:neutral       0.156,*0.691,0.153 
   282  2:neutral  2:neutral       0.131,*0.763,0.106 
   283  2:neutral  2:neutral       0.248,*0.47,0.282 
   284  2:neutral  2:neutral       0.149,*0.633,0.218 
   285  2:neutral  2:neutral       0.15,*0.765,0.085 
   286  2:neutral  2:neutral       0.124,*0.611,0.265 
   287  2:neutral  2:neutral       0.185,*0.73,0.085 
   288  2:neutral  2:neutral       0.222,*0.671,0.107 
   289  2:neutral  2:neutral       0.178,*0.681,0.142 
   290  2:neutral  2:neutral       0.098,*0.536,0.366 
   291  2:neutral  2:neutral       0.168,*0.559,0.273 
   292  2:neutral  2:neutral       0.287,*0.535,0.179 
   293  2:neutral 3:positive   +   0.024,0.116,*0.86 
   294  2:neutral  2:neutral       0.107,*0.541,0.352 
   295  2:neutral  2:neutral       0.227,*0.701,0.072 
   296  2:neutral  2:neutral       0.139,*0.662,0.2 
   297  2:neutral  2:neutral       0.133,*0.483,0.384 
   298  2:neutral  2:neutral       0.123,*0.523,0.354 
   299  2:neutral  2:neutral       0.152,*0.694,0.155 
   300  2:neutral  2:neutral       0.171,*0.707,0.122 
   301  2:neutral  2:neutral       0.175,*0.616,0.21 
   302  2:neutral  2:neutral       0.138,*0.598,0.265 
   303  2:neutral 3:positive   +   0.09,0.29,*0.62 
   304  2:neutral  2:neutral       0.19,*0.474,0.336 
   305  2:neutral  2:neutral       0.134,*0.716,0.15 
   306  2:neutral  2:neutral       0.133,*0.662,0.205 
   307  2:neutral  2:neutral       0.157,*0.698,0.145 
   308  2:neutral  2:neutral       0.194,*0.749,0.057 
   309  2:neutral 3:positive   +   0.05,0.187,*0.763 
   310  2:neutral  2:neutral       0.182,*0.741,0.077 
   311  2:neutral  2:neutral       0.139,*0.576,0.285 
   312  2:neutral  2:neutral       0.164,*0.586,0.251 
   313  2:neutral  2:neutral       0.171,*0.655,0.174 
   314  2:neutral  2:neutral       0.212,*0.6,0.188 
   315  2:neutral  2:neutral       0.104,*0.636,0.259 
   316  2:neutral 3:positive   +   0.04,0.214,*0.746 
   317  2:neutral  2:neutral       0.125,*0.64,0.235 
   318  2:neutral  2:neutral       0.153,*0.704,0.143 
   319  2:neutral  2:neutral       0.155,*0.546,0.299 
   320  2:neutral  2:neutral       0.165,*0.726,0.109 
   321  2:neutral  2:neutral       0.169,*0.695,0.137 
   322  2:neutral  2:neutral       0.14,*0.73,0.13 
   323  2:neutral  2:neutral       0.199,*0.497,0.303 
   324  2:neutral  2:neutral       0.167,*0.7,0.134 
   325  2:neutral  2:neutral       0.157,*0.71,0.133 
   326  2:neutral  2:neutral       0.137,*0.699,0.165 
   327  2:neutral 3:positive   +   0.283,0.222,*0.495 
   328  2:neutral  2:neutral       0.229,*0.676,0.095 
   329  2:neutral  2:neutral       0.207,*0.529,0.264 
   330  2:neutral  2:neutral       0.125,*0.705,0.17 
   331  2:neutral 3:positive   +   0.098,0.293,*0.609 
   332  2:neutral  2:neutral       0.161,*0.687,0.152 
   333  2:neutral  2:neutral       0.116,*0.691,0.193 
   334  2:neutral 3:positive   +   0.107,0.293,*0.599 
   335  2:neutral  2:neutral       0.114,*0.62,0.266 
   336  2:neutral  2:neutral       0.134,*0.625,0.24 
   337  2:neutral  2:neutral       0.139,*0.72,0.14 
   338  2:neutral  2:neutral       0.207,*0.582,0.21 
   339  2:neutral  2:neutral       0.141,*0.631,0.227 
   340  2:neutral  2:neutral       0.199,*0.642,0.159 
   341  2:neutral  2:neutral       0.129,*0.665,0.206 
   342  2:neutral 3:positive   +   0.175,0.164,*0.662 
   343  2:neutral  2:neutral       0.224,*0.446,0.331 
   344  2:neutral  2:neutral       0.113,*0.616,0.271 
   345  2:neutral  2:neutral       0.12,*0.757,0.123 
   346  2:neutral  2:neutral       0.126,*0.571,0.302 
   347  2:neutral  2:neutral       0.139,*0.653,0.208 
   348  2:neutral  2:neutral       0.186,*0.594,0.221 
   349  2:neutral  2:neutral       0.179,*0.696,0.125 
   350  2:neutral  2:neutral       0.112,*0.606,0.282 
   351  2:neutral  2:neutral       0.136,*0.696,0.168 
   352  2:neutral  2:neutral       0.156,*0.694,0.15 
   353  2:neutral  2:neutral       0.126,*0.568,0.307 
   354  2:neutral  2:neutral       0.316,*0.452,0.231 
   355  2:neutral  2:neutral       0.139,*0.653,0.208 
   356  2:neutral  2:neutral       0.22,*0.543,0.237 
   357  2:neutral  2:neutral       0.134,*0.595,0.27 
   358  2:neutral 3:positive   +   0.076,0.432,*0.493 
   359  2:neutral  2:neutral       0.244,*0.72,0.037 
   360  2:neutral  2:neutral       0.164,*0.754,0.083 
   361  2:neutral  2:neutral       0.148,*0.716,0.137 
   362  2:neutral  2:neutral       0.259,*0.565,0.176 
   363  2:neutral  2:neutral       0.164,*0.713,0.123 
   364  2:neutral  2:neutral       0.15,*0.71,0.14 
   365  2:neutral  2:neutral       0.292,*0.363,0.345 
   366  2:neutral  2:neutral       0.156,*0.663,0.181 
   367  2:neutral  2:neutral       0.234,*0.536,0.23 
   368  2:neutral  2:neutral       0.138,*0.729,0.133 
   369  2:neutral  2:neutral       0.102,*0.658,0.24 
   370  2:neutral  2:neutral       0.141,*0.524,0.335 
   371  2:neutral  2:neutral       0.175,*0.741,0.084 
   372  2:neutral  2:neutral       0.131,*0.592,0.278 
   373  2:neutral  2:neutral       0.143,*0.641,0.216 
   374  2:neutral  2:neutral       0.131,*0.706,0.163 
   375  2:neutral  2:neutral       0.155,*0.761,0.085 
   376  2:neutral  2:neutral       0.213,*0.691,0.096 
