Zero Weights processed. Default weights will be used
..
Warning: using -h 0 may be faster
*
optimization finished, #iter = 2227
C = 632.2425237542893
obj = 335214.6282016512, rho = -9.056122180413075
nSV = 2501, nBSV = 1349
Total nSV = 2501
..
Warning: using -h 0 may be faster
*
optimization finished, #iter = 2350
C = 696.6296949064358
obj = 379683.9665035307, rho = -7.313571457623883
nSV = 2557, nBSV = 1316
Total nSV = 2557
..
Warning: using -h 0 may be faster
*
optimization finished, #iter = 2308
C = 600.7132909294824
obj = 309938.1763506306, rho = -9.802612853408139
nSV = 2522, nBSV = 1326
Total nSV = 2522
..
Warning: using -h 0 may be faster
*
optimization finished, #iter = 2239
C = 618.04062576859
obj = 317193.46496089804, rho = 1.0993717904367228
nSV = 2489, nBSV = 1359
Total nSV = 2489
..
Warning: using -h 0 may be faster
*
optimization finished, #iter = 2225
C = 641.4267190125873
obj = 333467.027566406, rho = -7.4991695749053084
nSV = 2510, nBSV = 1347
Total nSV = 2510
..
Warning: using -h 0 may be faster
*
optimization finished, #iter = 2847
C = 612.5896879474602
obj = 373362.94116778, rho = -7.035308581881254
nSV = 3043, nBSV = 1736
.
Warning: using -h 0 may be faster
...
Warning: using -h 0 may be faster
*
optimization finished, #iter = 4109
C = 1932.16948581739
obj = 1889865.108522154, rho = -96.63554999663576
nSV = 4393, nBSV = 1809
Total nSV = 4393
.
Warning: using -h 0 may be faster
...
Warning: using -h 0 may be faster
*
optimization finished, #iter = 4184
C = 2037.4759256458333
obj = 2019766.2448057507, rho = -102.91930749871675
nSV = 4440, nBSV = 1793
Total nSV = 4440
....
Warning: using -h 0 may be faster
*
optimization finished, #iter = 4375
C = 1995.5665533794572
obj = 1965875.8336462274, rho = -94.17363661422311
nSV = 4461, nBSV = 1794
Total nSV = 4461
....
Warning: using -h 0 may be faster
*
optimization finished, #iter = 4331
C = 1940.1827041930126
obj = 1905321.754119992, rho = -109.20841044099257
nSV = 4436, nBSV = 1763
Total nSV = 4436
....
Warning: using -h 0 may be faster
*
optimization finished, #iter = 4423
C = 2081.8689046191844
obj = 2089362.2460161783, rho = -87.87718087411962
nSV = 4460, nBSV = 1739
Total nSV = 4460
.
Warning: using -h 0 may be faster
....
Warning: using -h 0 may be faster
*
optimization finished, #iter = 5426
C = 2114.1973819784916
obj = 2464161.0511649135, rho = -9.51993085291983
nSV = 5399, nBSV = 2356
..
Warning: using -h 0 may be faster
*
optimization finished, #iter = 2388
C = 605.7198074855735
obj = 336438.67613018624, rho = 8.114744564808117
nSV = 2890, nBSV = 1593
Total nSV = 2890
..
Warning: using -h 0 may be faster
*
optimization finished, #iter = 2556
C = 642.3800136540401
obj = 358686.337787705, rho = -26.155224087367355
nSV = 2941, nBSV = 1571
Total nSV = 2941
..
Warning: using -h 0 may be faster
*
optimization finished, #iter = 2445
C = 642.682635348152
obj = 359623.1653478461, rho = -32.947902185297494
nSV = 2903, nBSV = 1585
Total nSV = 2903
..
Warning: using -h 0 may be faster
*
optimization finished, #iter = 2540
C = 659.3012496218244
obj = 387414.0986996366, rho = -34.29491043148432
nSV = 2929, nBSV = 1530
Total nSV = 2929
..
Warning: using -h 0 may be faster
*
optimization finished, #iter = 2407
C = 608.5158828931721
obj = 334999.37409134547, rho = -32.26368067088486
nSV = 2904, nBSV = 1586
Total nSV = 2904
.
Warning: using -h 0 may be faster
..
Warning: using -h 0 may be faster
*
optimization finished, #iter = 3032
C = 611.5694789634745
obj = 399821.7193816619, rho = 8.406372662677374
nSV = 3525, nBSV = 2023
Total nSV = 8176
.
Warning: using -h 0 may be faster
*
optimization finished, #iter = 1773
C = 646.0553105260403
obj = 288948.31164749264, rho = 7.256318320609401
nSV = 2037, nBSV = 1055
Total nSV = 2037
.
Warning: using -h 0 may be faster
*
optimization finished, #iter = 1714
C = 655.3731577329381
obj = 287579.88142476114, rho = -1.2235979707325215
nSV = 2058, nBSV = 1057
Total nSV = 2058
.
Warning: using -h 0 may be faster
*
optimization finished, #iter = 1782
C = 615.2402612422743
obj = 268126.37332406285, rho = -2.5278386751959236
nSV = 2072, nBSV = 1048
Total nSV = 2072
.
Warning: using -h 0 may be faster
*
optimization finished, #iter = 1852
C = 619.8867253625106
obj = 269818.1450866779, rho = -1.0910437904227135
nSV = 2049, nBSV = 1045
Total nSV = 2049
.
Warning: using -h 0 may be faster
*
optimization finished, #iter = 1747
C = 639.3230184044834
obj = 275403.39913739305, rho = -1.5795796657865302
nSV = 2040, nBSV = 1057
Total nSV = 2040
Line search fails in two-class probability estimates
..
Warning: using -h 0 may be faster
*
optimization finished, #iter = 2231
C = 616.8168827949821
obj = 318517.2967148622, rho = -1.660947793860099
nSV = 2510, nBSV = 1362
...
Warning: using -h 0 may be faster
*
optimization finished, #iter = 3571
C = 1829.4201472036134
obj = 1522819.6115185148, rho = -2.7650323239532306
nSV = 3675, nBSV = 1340
Total nSV = 3675
...
Warning: using -h 0 may be faster
*
optimization finished, #iter = 3663
C = 1888.7790264356763
obj = 1535761.6527074846, rho = -71.85877216137906
nSV = 3648, nBSV = 1360
Total nSV = 3648
...
Warning: using -h 0 may be faster
*
optimization finished, #iter = 3649
C = 1895.8051998844978
obj = 1609913.5693909938, rho = -110.27414195205587
nSV = 3654, nBSV = 1332
Total nSV = 3654
...
Warning: using -h 0 may be faster
*
optimization finished, #iter = 3311
C = 1732.6366926425271
obj = 1425739.9588402319, rho = -108.31968362751171
nSV = 3602, nBSV = 1380
Total nSV = 3602
...
Warning: using -h 0 may be faster
*
optimization finished, #iter = 3599
C = 1940.0779403121544
obj = 1635918.2707117859, rho = -110.67774162274844
nSV = 3673, nBSV = 1314
Total nSV = 3673
....
Warning: using -h 0 may be faster
*
optimization finished, #iter = 4318
C = 1933.263660151064
obj = 1883622.697637236, rho = 17.593034451300714
nSV = 4451, nBSV = 1778
..
Warning: using -h 0 may be faster
*
optimization finished, #iter = 2197
C = 653.1618083285608
obj = 321038.0872346087, rho = -19.062415919041225
nSV = 2423, nBSV = 1202
Total nSV = 2423
.
Warning: using -h 0 may be faster
*
optimization finished, #iter = 1870
C = 581.0878067008645
obj = 275954.0597513203, rho = -30.752447467592326
nSV = 2333, nBSV = 1237
Total nSV = 2333
..
Warning: using -h 0 may be faster
*
optimization finished, #iter = 2026
C = 641.0648478474753
obj = 315239.62106793775, rho = -34.76090709583682
nSV = 2402, nBSV = 1207
Total nSV = 2402
..
Warning: using -h 0 may be faster
*
optimization finished, #iter = 2086
C = 660.8354255047593
obj = 317802.09643281816, rho = -30.470017635382046
nSV = 2419, nBSV = 1201
Total nSV = 2419
.
Warning: using -h 0 may be faster
*
optimization finished, #iter = 1951
C = 647.7729164621381
obj = 317685.3897931851, rho = -31.32217685876594
nSV = 2352, nBSV = 1217
Total nSV = 2352
..
Warning: using -h 0 may be faster
*
optimization finished, #iter = 2456
C = 615.6904577290376
obj = 346682.03490620153, rho = 12.954860733378775
nSV = 2906, nBSV = 1593
Total nSV = 6703
.
Warning: using -h 0 may be faster
*
optimization finished, #iter = 1797
C = 657.6706895178764
obj = 289270.97177431214, rho = -8.823345292143753
nSV = 2042, nBSV = 1059
Total nSV = 2042
.
Warning: using -h 0 may be faster
*
optimization finished, #iter = 1804
C = 654.9983165463136
obj = 286920.89429029153, rho = -7.12957014239183
nSV = 2046, nBSV = 1041
Total nSV = 2046
.
Warning: using -h 0 may be faster
*
optimization finished, #iter = 1766
C = 674.1465426506435
obj = 305179.54746376106, rho = -1.3404491956640805
nSV = 2045, nBSV = 1033
Total nSV = 2045
.
Warning: using -h 0 may be faster
*
optimization finished, #iter = 1903
C = 664.9719277131893
obj = 298511.3141793394, rho = -3.7223033091347193
nSV = 2080, nBSV = 1012
Total nSV = 2080
.
Warning: using -h 0 may be faster
*
optimization finished, #iter = 1876
C = 672.1887031865128
obj = 294481.98159311025, rho = -1.5031674728550866
nSV = 2071, nBSV = 1038
Total nSV = 2071
..
Warning: using -h 0 may be faster
*
optimization finished, #iter = 2140
C = 645.1079421898346
obj = 333466.2195864702, rho = -5.867208473254367
nSV = 2498, nBSV = 1344
...
Warning: using -h 0 may be faster
*
optimization finished, #iter = 3527
C = 1827.4817469743568
obj = 1490940.3256180782, rho = -60.01633684337176
nSV = 3637, nBSV = 1369
Total nSV = 3637
...
Warning: using -h 0 may be faster
*
optimization finished, #iter = 3447
C = 1782.2084638372583
obj = 1433961.8352063168, rho = -3.892579943418115
nSV = 3612, nBSV = 1374
Total nSV = 3612
...
Warning: using -h 0 may be faster
*
optimization finished, #iter = 3559
C = 1822.7986865980768
obj = 1479169.8951505753, rho = -11.072992991868686
nSV = 3656, nBSV = 1332
Total nSV = 3656
...
Warning: using -h 0 may be faster
*
optimization finished, #iter = 3568
C = 1848.0020734316413
obj = 1522046.525342506, rho = 2.6582559570238646
nSV = 3647, nBSV = 1348
Total nSV = 3647
...
Warning: using -h 0 may be faster
*
optimization finished, #iter = 3747
C = 1914.16802711401
obj = 1570816.0155562924, rho = -15.157739091406594
nSV = 3718, nBSV = 1324
Total nSV = 3718
....
Warning: using -h 0 may be faster
*
optimization finished, #iter = 4498
C = 1905.7186859279825
obj = 1791027.5097376572, rho = -21.666801132433473
nSV = 4467, nBSV = 1769
.
Warning: using -h 0 may be faster
*
optimization finished, #iter = 1863
C = 619.930289568391
obj = 296394.3053301017, rho = -23.36560560481076
nSV = 2369, nBSV = 1243
Total nSV = 2369
.
Warning: using -h 0 may be faster
*
optimization finished, #iter = 1900
C = 658.0455283308222
obj = 321074.6571365253, rho = -38.1032895892997
nSV = 2363, nBSV = 1233
Total nSV = 2363
..
Warning: using -h 0 may be faster
*
optimization finished, #iter = 2072
C = 649.6188632393803
obj = 318184.3050826541, rho = -30.5278291575019
nSV = 2406, nBSV = 1194
Total nSV = 2406
.
Warning: using -h 0 may be faster
*
optimization finished, #iter = 1974
C = 682.5755444218086
obj = 331562.29266340326, rho = -38.30785217251203
nSV = 2394, nBSV = 1209
Total nSV = 2394
..
Warning: using -h 0 may be faster
*
optimization finished, #iter = 2145
C = 659.1296841258275
obj = 319776.04083761794, rho = -25.698031515742862
nSV = 2419, nBSV = 1201
Total nSV = 2419
..
Warning: using -h 0 may be faster
*
optimization finished, #iter = 2337
C = 636.7718500940401
obj = 358938.6017565075, rho = 12.066551414335018
nSV = 2869, nBSV = 1586
Total nSV = 6656
...
Warning: using -h 0 may be faster
*
optimization finished, #iter = 3409
C = 1883.3862056487746
obj = 1574630.5147835314, rho = -86.8266926983244
nSV = 3660, nBSV = 1321
Total nSV = 3660
...
Warning: using -h 0 may be faster
*
optimization finished, #iter = 3358
C = 1959.8300031137499
obj = 1668016.8322929053, rho = -110.12878849776402
nSV = 3639, nBSV = 1333
Total nSV = 3639
...
Warning: using -h 0 may be faster
*
optimization finished, #iter = 3244
C = 1884.3162348164972
obj = 1619873.5040617983, rho = -110.10695353714483
nSV = 3623, nBSV = 1399
Total nSV = 3623
...
Warning: using -h 0 may be faster
*
optimization finished, #iter = 3258
C = 1852.460583975914
obj = 1520477.8737181053, rho = -98.38011045568517
nSV = 3629, nBSV = 1371
Total nSV = 3629
...
Warning: using -h 0 may be faster
*
optimization finished, #iter = 3416
C = 1900.3370380748836
obj = 1566935.1207667936, rho = -98.08908437813032
nSV = 3665, nBSV = 1358
Total nSV = 3665
....
Warning: using -h 0 may be faster
*
optimization finished, #iter = 4375
C = 2026.3217169185702
obj = 2008388.781042069, rho = -111.38593023323561
nSV = 4496, nBSV = 1738
.
Warning: using -h 0 may be faster
*
optimization finished, #iter = 1998
C = 663.2348033462512
obj = 325667.6413173514, rho = -39.96953560978036
nSV = 2392, nBSV = 1218
Total nSV = 2392
..
Warning: using -h 0 may be faster
*
optimization finished, #iter = 2013
C = 666.8162098922226
obj = 324247.4098867094, rho = -35.96816008745562
nSV = 2402, nBSV = 1209
Total nSV = 2402
..
Warning: using -h 0 may be faster
*
optimization finished, #iter = 2119
C = 702.0881226767889
obj = 346301.81024800567, rho = -34.29373170924339
nSV = 2416, nBSV = 1183
Total nSV = 2416
..
Warning: using -h 0 may be faster
*
optimization finished, #iter = 2206
C = 743.9609193869546
obj = 379049.8451084386, rho = -29.57240855282421
nSV = 2480, nBSV = 1184
Total nSV = 2480
..
Warning: using -h 0 may be faster
*
optimization finished, #iter = 2208
C = 724.0823480425877
obj = 359297.3754659488, rho = -24.607337003243412
nSV = 2469, nBSV = 1161
Total nSV = 2469
..
Warning: using -h 0 may be faster
*
optimization finished, #iter = 2411
C = 682.2410142725918
obj = 395279.61670571024, rho = -40.617158528649455
nSV = 2944, nBSV = 1540
.
Warning: using -h 0 may be faster
*
optimization finished, #iter = 1903
C = 673.9483700506286
obj = 300300.7326979504, rho = -12.399468203262314
nSV = 2070, nBSV = 1040
Total nSV = 2070
.
Warning: using -h 0 may be faster
*
optimization finished, #iter = 1858
C = 706.4730429309117
obj = 321858.7075007082, rho = -12.063706530778902
nSV = 2081, nBSV = 1019
Total nSV = 2081
.
Warning: using -h 0 may be faster
*
optimization finished, #iter = 1746
C = 680.6982794133202
obj = 308750.0287601755, rho = -12.571796303347314
nSV = 2072, nBSV = 1044
Total nSV = 2072
.
Warning: using -h 0 may be faster
*
optimization finished, #iter = 1789
C = 645.3253813628778
obj = 289674.6519392482, rho = -7.611186809313769
nSV = 2062, nBSV = 1029
Total nSV = 2062
.
Warning: using -h 0 may be faster
*
optimization finished, #iter = 1800
C = 638.6974532167956
obj = 284043.88157623634, rho = -4.36703317794124
nSV = 2037, nBSV = 1047
Total nSV = 2037
..
Warning: using -h 0 may be faster
*
optimization finished, #iter = 2286
C = 655.0518275716038
obj = 348154.227018014, rho = -13.629278912410358
nSV = 2529, nBSV = 1347
Total nSV = 6715
.
Warning: using -h 0 may be faster
*
optimization finished, #iter = 1840
C = 655.9529211790488
obj = 295027.6236722797, rho = -5.4485666781099455
nSV = 2048, nBSV = 1023
Total nSV = 2048
.
Warning: using -h 0 may be faster
*
optimization finished, #iter = 1797
C = 661.0869726696025
obj = 296984.2017921406, rho = -22.503084974752195
nSV = 2035, nBSV = 1040
Total nSV = 2035
.
Warning: using -h 0 may be faster
*
optimization finished, #iter = 1776
C = 650.2665907409975
obj = 298364.9486134889, rho = -21.787246045987835
nSV = 2047, nBSV = 1048
Total nSV = 2047
.
Warning: using -h 0 may be faster
*
optimization finished, #iter = 1808
C = 627.0692408654156
obj = 282998.7673075652, rho = -26.551259746269988
nSV = 2046, nBSV = 1047
Total nSV = 2046
.
Warning: using -h 0 may be faster
*
optimization finished, #iter = 1894
C = 739.8509502367074
obj = 340708.666445087, rho = -20.803774988333203
nSV = 2106, nBSV = 1007
Total nSV = 2106
..
Warning: using -h 0 may be faster
*
optimization finished, #iter = 2400
C = 652.2330031666462
obj = 348812.4825328166, rho = -19.778812860026427
nSV = 2510, nBSV = 1341
..
Warning: using -h 0 may be faster
*
optimization finished, #iter = 2041
C = 627.6313086989621
obj = 300413.3671282432, rho = -14.797457649759215
nSV = 2353, nBSV = 1220
Total nSV = 2353
.
Warning: using -h 0 may be faster
*
optimization finished, #iter = 1999
C = 616.0252784764917
obj = 291157.4090712349, rho = -17.269193779247825
nSV = 2371, nBSV = 1213
Total nSV = 2371
.
Warning: using -h 0 may be faster
*
optimization finished, #iter = 1995
C = 592.0378781769573
obj = 281367.2671687052, rho = -11.728130691589921
nSV = 2376, nBSV = 1236
Total nSV = 2376
..
Warning: using -h 0 may be faster
*
optimization finished, #iter = 2021
C = 596.0794797384914
obj = 274890.7536266336, rho = -21.87361834133763
nSV = 2367, nBSV = 1226
Total nSV = 2367
..
Warning: using -h 0 may be faster
*
optimization finished, #iter = 2087
C = 700.2055612912704
obj = 343077.8233683975, rho = -23.99199851953969
nSV = 2417, nBSV = 1199
Total nSV = 2417
..
Warning: using -h 0 may be faster
*
optimization finished, #iter = 2354
C = 599.9786695330588
obj = 327948.50653903704, rho = -0.018622907106390193
nSV = 2868, nBSV = 1569
...
Warning: using -h 0 may be faster
*
optimization finished, #iter = 3612
C = 1788.2918306615768
obj = 1483025.1482003427, rho = -13.213529553125877
nSV = 3648, nBSV = 1359
Total nSV = 3648
...
Warning: using -h 0 may be faster
*
optimization finished, #iter = 3659
C = 1856.3472025099904
obj = 1565329.8605619508, rho = -10.880577794520507
nSV = 3662, nBSV = 1339
Total nSV = 3662
...
Warning: using -h 0 may be faster
*
optimization finished, #iter = 3684
C = 1813.2077456316317
obj = 1491497.3289896417, rho = -14.704108958120157
nSV = 3685, nBSV = 1358
Total nSV = 3685
...
Warning: using -h 0 may be faster
*
optimization finished, #iter = 3581
C = 1793.9817873133009
obj = 1469986.8915481498, rho = -19.966400112200624
nSV = 3666, nBSV = 1339
Total nSV = 3666
...
Warning: using -h 0 may be faster
*
optimization finished, #iter = 3514
C = 1855.34212373252
obj = 1527026.9658271775, rho = -3.010081113827798
nSV = 3640, nBSV = 1334
Total nSV = 3640
....
Warning: using -h 0 may be faster
*
optimization finished, #iter = 4222
C = 1905.2212069368422
obj = 1881638.3404982893, rho = -7.427176252964694
nSV = 4402, nBSV = 1784
Total nSV = 6626
.
Warning: using -h 0 may be faster
*
optimization finished, #iter = 1971
C = 598.2272070846142
obj = 276245.4859372243, rho = -15.237669781924035
nSV = 2344, nBSV = 1256
Total nSV = 2344
.
Warning: using -h 0 may be faster
*
optimization finished, #iter = 1982
C = 628.2836577836431
obj = 297186.09602596326, rho = -29.69355351615192
nSV = 2387, nBSV = 1214
Total nSV = 2387
.
Warning: using -h 0 may be faster
*
optimization finished, #iter = 1932
C = 534.5740271145454
obj = 239263.35508574246, rho = -21.011881060534833
nSV = 2322, nBSV = 1261
Total nSV = 2322
..
Warning: using -h 0 may be faster
*
optimization finished, #iter = 2004
C = 650.0811055125363
obj = 307945.1097738058, rho = -14.739277491316427
nSV = 2383, nBSV = 1222
Total nSV = 2383
.
Warning: using -h 0 may be faster
*
optimization finished, #iter = 1916
C = 579.4948564428379
obj = 269824.77056838735, rho = -19.675609843823306
nSV = 2316, nBSV = 1243
Total nSV = 2316
..
Warning: using -h 0 may be faster
*
optimization finished, #iter = 2412
C = 574.0305328959405
obj = 307147.86873770447, rho = 5.190786365044951
nSV = 2886, nBSV = 1605
.
Warning: using -h 0 may be faster
*
optimization finished, #iter = 1715
C = 650.2064958078972
obj = 290995.29904433794, rho = -17.712110047070446
nSV = 2030, nBSV = 1054
Total nSV = 2030
.
Warning: using -h 0 may be faster
*
optimization finished, #iter = 1707
C = 624.9893638326237
obj = 279937.6838165912, rho = -7.451327691422349
nSV = 2008, nBSV = 1056
Total nSV = 2008
.
Warning: using -h 0 may be faster
*
optimization finished, #iter = 1826
C = 697.5546353447953
obj = 321217.3430901621, rho = -13.028061486640063
nSV = 2043, nBSV = 1035
Total nSV = 2043
.
Warning: using -h 0 may be faster
*
optimization finished, #iter = 1722
C = 675.5280661464342
obj = 306629.5242237182, rho = -21.543463364449394
nSV = 2055, nBSV = 1042
Total nSV = 2055
.
Warning: using -h 0 may be faster
*
optimization finished, #iter = 1797
C = 628.1487537793414
obj = 280257.22763708833, rho = -6.72578440198335
nSV = 2008, nBSV = 1064
Total nSV = 2008
Line search fails in two-class probability estimates
..
Warning: using -h 0 may be faster
*
optimization finished, #iter = 2166
C = 630.0329445889545
obj = 329809.36145050987, rho = -6.995403531737814
nSV = 2464, nBSV = 1338
...
Warning: using -h 0 may be faster
*
optimization finished, #iter = 3401
C = 1892.4280815899642
obj = 1587626.8330604625, rho = -11.78336898334706
nSV = 3630, nBSV = 1342
Total nSV = 3630
...
Warning: using -h 0 may be faster
*
optimization finished, #iter = 3807
C = 1942.6229363959303
obj = 1588289.6266674898, rho = -102.35545800542782
nSV = 3707, nBSV = 1321
Total nSV = 3707
...
Warning: using -h 0 may be faster
*
optimization finished, #iter = 3572
C = 1876.31618274846
obj = 1550274.1896716335, rho = -60.22781764047598
nSV = 3674, nBSV = 1345
Total nSV = 3674
...
Warning: using -h 0 may be faster
*
optimization finished, #iter = 3772
C = 2002.8945726998024
obj = 1659892.42877503, rho = -66.38246654420952
nSV = 3698, nBSV = 1303
Total nSV = 3698
...
Warning: using -h 0 may be faster
*
optimization finished, #iter = 3683
C = 1889.833853597426
obj = 1560315.7063139584, rho = -66.31729121895948
nSV = 3684, nBSV = 1345
Total nSV = 3684
....
Warning: using -h 0 may be faster
*
optimization finished, #iter = 4523
C = 2051.137872799853
obj = 2030388.3913468302, rho = -92.79577507869331
nSV = 4473, nBSV = 1734
Total nSV = 6699


=== Predictions under cross-validation ===

 inst#     actual  predicted error distribution
     1  2:neutral  2:neutral       0.098,*0.637,0.265 
     2  2:neutral  2:neutral       0.017,*0.897,0.087 
     3  2:neutral 3:positive   +   0.046,0.136,*0.818 
     4  2:neutral  2:neutral       0.118,*0.586,0.295 
     5  2:neutral  2:neutral       0.081,*0.744,0.175 
     6  2:neutral 1:negative   +   *0.645,0.314,0.041 
     7  2:neutral 3:positive   +   0.063,0.238,*0.699 
     8  2:neutral  2:neutral       0.073,*0.745,0.182 
     9  2:neutral  2:neutral       0.107,*0.561,0.332 
    10  2:neutral 1:negative   +   *0.743,0.172,0.085 
    11  2:neutral 3:positive   +   0.025,0.441,*0.534 
    12  2:neutral  2:neutral       0.058,*0.819,0.123 
    13  2:neutral  2:neutral       0.025,*0.8,0.175 
    14  2:neutral  2:neutral       0.018,*0.699,0.283 
    15  2:neutral  2:neutral       0.378,*0.408,0.214 
    16  2:neutral  2:neutral       0.017,*0.618,0.365 
    17  2:neutral 3:positive   +   0.32,0.239,*0.441 
    18  2:neutral  2:neutral       0.193,*0.451,0.356 
    19  2:neutral  2:neutral       0.133,*0.572,0.294 
    20  2:neutral  2:neutral       0.029,*0.909,0.063 
    21  2:neutral 3:positive   +   0.262,0.318,*0.42 
    22  2:neutral  2:neutral       0.079,*0.621,0.3 
    23  2:neutral  2:neutral       0.074,*0.676,0.251 
    24  2:neutral  2:neutral       0.049,*0.814,0.137 
    25  2:neutral  2:neutral       0.074,*0.642,0.284 
    26  2:neutral 3:positive   +   0.227,0.224,*0.55 
    27  2:neutral  2:neutral       0.028,*0.848,0.123 
    28  2:neutral  2:neutral       0.414,*0.433,0.153 
    29  2:neutral  2:neutral       0.022,*0.775,0.203 
    30  2:neutral 3:positive   +   0.063,0.466,*0.471 
    31  2:neutral 1:negative   +   *0.526,0.4,0.074 
    32  2:neutral 1:negative   +   *0.955,0.037,0.008 
    33  2:neutral  2:neutral       0.017,*0.803,0.179 
    34  2:neutral  2:neutral       0.08,*0.723,0.197 
    35  2:neutral  2:neutral       0.116,*0.818,0.066 
    36  2:neutral  2:neutral       0.018,*0.725,0.257 
    37  2:neutral  2:neutral       0.291,*0.548,0.161 
    38  2:neutral  2:neutral       0.103,*0.691,0.206 
    39  2:neutral  2:neutral       0.032,*0.744,0.224 
    40  2:neutral  2:neutral       0.027,*0.567,0.406 
    41  2:neutral  2:neutral       0.082,*0.775,0.143 
    42  2:neutral  2:neutral       0.034,*0.743,0.223 
    43  2:neutral 3:positive   +   0.219,0.095,*0.686 
    44  2:neutral  2:neutral       0.077,*0.498,0.425 
    45  2:neutral  2:neutral       0.035,*0.841,0.124 
    46  2:neutral  2:neutral       0.016,*0.686,0.298 
    47  2:neutral  2:neutral       0.054,*0.682,0.263 
    48  2:neutral 3:positive   +   0.06,0.299,*0.641 
    49  2:neutral  2:neutral       0.061,*0.791,0.148 
    50  2:neutral  2:neutral       0.053,*0.792,0.155 
    51  2:neutral  2:neutral       0.17,*0.744,0.087 
    52  2:neutral  2:neutral       0.26,*0.488,0.252 
    53  2:neutral  2:neutral       0.276,*0.367,0.357 
    54  2:neutral  2:neutral       0.072,*0.534,0.394 
    55  2:neutral  2:neutral       0.029,*0.823,0.148 
    56  2:neutral  2:neutral       0.033,*0.931,0.036 
    57  2:neutral  2:neutral       0.145,*0.52,0.334 
    58  2:neutral  2:neutral       0.064,*0.556,0.379 
    59  2:neutral  2:neutral       0.106,*0.605,0.289 
    60  2:neutral  2:neutral       0.074,*0.65,0.276 
    61  2:neutral  2:neutral       0.071,*0.687,0.242 
    62  2:neutral  2:neutral       0.131,*0.611,0.258 
    63  2:neutral  2:neutral       0.021,*0.681,0.298 
    64  2:neutral 3:positive   +   0.184,0.357,*0.459 
    65  2:neutral  2:neutral       0.204,*0.689,0.107 
    66  2:neutral 3:positive   +   0.016,0.142,*0.841 
    67  2:neutral 3:positive   +   0.071,0.295,*0.633 
    68  2:neutral 3:positive   +   0.214,0.384,*0.402 
    69  2:neutral 3:positive   +   0.042,0.323,*0.635 
    70  2:neutral 3:positive   +   0.103,0.33,*0.567 
    71  2:neutral  2:neutral       0.194,*0.693,0.113 
    72  2:neutral 3:positive   +   0.037,0.095,*0.868 
    73  2:neutral 3:positive   +   0.148,0.376,*0.476 
    74  2:neutral  2:neutral       0.054,*0.495,0.451 
    75  2:neutral  2:neutral       0.078,*0.769,0.153 
    76  2:neutral  2:neutral       0.08,*0.662,0.258 
    77  2:neutral  2:neutral       0.134,*0.447,0.419 
    78  2:neutral  2:neutral       0.053,*0.606,0.341 
    79  2:neutral  2:neutral       0.408,*0.476,0.116 
    80  2:neutral  2:neutral       0.08,*0.797,0.123 
    81  2:neutral 1:negative   +   *0.366,0.349,0.285 
    82  2:neutral  2:neutral       0.105,*0.841,0.055 
    83  2:neutral 1:negative   +   *0.571,0.093,0.336 
    84  2:neutral 3:positive   +   0.03,0.25,*0.719 
    85  2:neutral  2:neutral       0.369,*0.506,0.125 
    86  2:neutral  2:neutral       0.055,*0.792,0.153 
    87  2:neutral  2:neutral       0.01,*0.552,0.438 
    88  2:neutral  2:neutral       0.021,*0.566,0.412 
    89  2:neutral 1:negative   +   *0.658,0.156,0.186 
    90  2:neutral  2:neutral       0.016,*0.811,0.173 
    91  2:neutral  2:neutral       0.102,*0.618,0.281 
    92  2:neutral  2:neutral       0.136,*0.58,0.284 
    93  2:neutral  2:neutral       0.085,*0.586,0.329 
    94  2:neutral  2:neutral       0.092,*0.472,0.436 
    95  2:neutral  2:neutral       0.112,*0.514,0.374 
    96  2:neutral  2:neutral       0.074,*0.789,0.137 
    97  2:neutral  2:neutral       0.098,*0.7,0.202 
    98  2:neutral 3:positive   +   0.079,0.261,*0.66 
    99  2:neutral  2:neutral       0.054,*0.739,0.207 
   100  2:neutral  2:neutral       0.084,*0.733,0.182 
   101  2:neutral 3:positive   +   0.253,0.336,*0.411 
   102  2:neutral 3:positive   +   0.071,0.335,*0.594 
   103  2:neutral  2:neutral       0.05,*0.763,0.188 
   104  2:neutral  2:neutral       0.176,*0.538,0.287 
   105  2:neutral  2:neutral       0.08,*0.612,0.308 
   106  2:neutral 3:positive   +   0.066,0.162,*0.772 
   107  2:neutral  2:neutral       0.089,*0.632,0.279 
   108  2:neutral  2:neutral       0.053,*0.803,0.144 
   109  2:neutral  2:neutral       0.017,*0.835,0.148 
   110  2:neutral  2:neutral       0.142,*0.646,0.212 
   111  2:neutral 3:positive   +   0.063,0.465,*0.473 
   112  2:neutral  2:neutral       0.012,*0.811,0.177 
   113  2:neutral  2:neutral       0.038,*0.661,0.301 
   114  2:neutral 3:positive   +   0.071,0.348,*0.58 
   115  2:neutral  2:neutral       0.058,*0.587,0.355 
   116  2:neutral  2:neutral       0.181,*0.704,0.115 
   117  2:neutral  2:neutral       0.028,*0.927,0.044 
   118  2:neutral  2:neutral       0.124,*0.507,0.37 
   119  2:neutral  2:neutral       0.033,*0.861,0.106 
   120  2:neutral 3:positive   +   0.056,0.155,*0.789 
   121  2:neutral  2:neutral       0.064,*0.492,0.444 
   122  2:neutral 3:positive   +   0.145,0.241,*0.614 
   123  2:neutral  2:neutral       0.104,*0.823,0.074 
   124  2:neutral  2:neutral       0.052,*0.808,0.14 
   125  2:neutral  2:neutral       0.084,*0.763,0.153 
   126  2:neutral  2:neutral       0.035,*0.525,0.44 
   127  2:neutral  2:neutral       0.043,*0.751,0.206 
   128  2:neutral 3:positive   +   0.027,0.373,*0.6 
   129  2:neutral  2:neutral       0.163,*0.591,0.246 
   130  2:neutral  2:neutral       0.072,*0.62,0.309 
   131  2:neutral 3:positive   +   0.352,0.275,*0.374 
   132  2:neutral  2:neutral       0.069,*0.672,0.259 
   133  2:neutral  2:neutral       0.083,*0.782,0.134 
   134  2:neutral  2:neutral       0.028,*0.709,0.263 
   135  2:neutral  2:neutral       0.013,*0.821,0.166 
   136  2:neutral  2:neutral       0.009,*0.732,0.259 
   137  2:neutral  2:neutral       0.072,*0.732,0.196 
   138  2:neutral 3:positive   +   0.039,0.476,*0.485 
   139  2:neutral  2:neutral       0.212,*0.602,0.186 
   140  2:neutral  2:neutral       0.085,*0.716,0.199 
   141  2:neutral  2:neutral       0.055,*0.704,0.241 
   142  2:neutral  2:neutral       0.128,*0.649,0.223 
   143  2:neutral  2:neutral       0.215,*0.513,0.272 
   144  2:neutral  2:neutral       0.133,*0.714,0.153 
   145  2:neutral 3:positive   +   0.235,0.293,*0.472 
   146  2:neutral  2:neutral       0.378,*0.498,0.124 
   147  2:neutral  2:neutral       0.027,*0.757,0.216 
   148  2:neutral  2:neutral       0.091,*0.771,0.137 
   149  2:neutral 3:positive   +   0.193,0.224,*0.583 
   150  2:neutral  2:neutral       0.072,*0.756,0.172 
   151  2:neutral  2:neutral       0.098,*0.695,0.207 
   152  2:neutral  2:neutral       0.033,*0.892,0.075 
   153  2:neutral  2:neutral       0.033,*0.828,0.139 
   154  2:neutral  2:neutral       0.21,*0.665,0.124 
   155  2:neutral 3:positive   +   0.073,0.332,*0.595 
   156  2:neutral 3:positive   +   0.066,0.366,*0.568 
   157  2:neutral  2:neutral       0.049,*0.629,0.322 
   158  2:neutral  2:neutral       0.045,*0.848,0.107 
   159  2:neutral  2:neutral       0.132,*0.798,0.07 
   160  2:neutral  2:neutral       0.008,*0.641,0.351 
   161  2:neutral  2:neutral       0.181,*0.545,0.274 
   162  2:neutral  2:neutral       0.033,*0.78,0.187 
   163  2:neutral  2:neutral       0.026,*0.676,0.298 
   164  2:neutral  2:neutral       0.098,*0.617,0.285 
   165  2:neutral  2:neutral       0.058,*0.872,0.07 
   166  2:neutral  2:neutral       0.066,*0.705,0.229 
   167  2:neutral  2:neutral       0.085,*0.651,0.265 
   168  2:neutral  2:neutral       0.038,*0.699,0.263 
   169  2:neutral  2:neutral       0.127,*0.535,0.337 
   170  2:neutral  2:neutral       0.052,*0.759,0.189 
   171  2:neutral  2:neutral       0.047,*0.592,0.361 
   172  2:neutral  2:neutral       0.175,*0.533,0.291 
   173  2:neutral 1:negative   +   *0.864,0.113,0.023 
   174  2:neutral  2:neutral       0.092,*0.508,0.4 
   175  2:neutral  2:neutral       0.036,*0.827,0.137 
   176  2:neutral  2:neutral       0.368,*0.48,0.152 
   177  2:neutral  2:neutral       0.034,*0.768,0.198 
   178  2:neutral  2:neutral       0.205,*0.679,0.117 
   179  2:neutral  2:neutral       0.144,*0.57,0.286 
   180  2:neutral  2:neutral       0.044,*0.826,0.13 
   181  2:neutral  2:neutral       0.053,*0.798,0.149 
   182  2:neutral 1:negative   +   *0.899,0.091,0.01 
   183  2:neutral  2:neutral       0.074,*0.549,0.377 
   184  2:neutral  2:neutral       0.087,*0.479,0.434 
   185  2:neutral  2:neutral       0.052,*0.631,0.317 
   186  2:neutral  2:neutral       0.012,*0.663,0.325 
   187  2:neutral  2:neutral       0.054,*0.524,0.421 
   188  2:neutral 3:positive   +   0.058,0.383,*0.559 
   189  2:neutral 1:negative   +   *0.554,0.36,0.086 
   190  2:neutral 1:negative   +   *0.473,0.44,0.087 
   191  2:neutral  2:neutral       0.102,*0.796,0.102 
   192  2:neutral  2:neutral       0.049,*0.782,0.17 
   193  2:neutral  2:neutral       0.012,*0.668,0.32 
   194  2:neutral  2:neutral       0.085,*0.813,0.102 
   195  2:neutral 3:positive   +   0.073,0.393,*0.534 
   196  2:neutral  2:neutral       0.156,*0.673,0.171 
   197  2:neutral  2:neutral       0.087,*0.524,0.389 
   198  2:neutral  2:neutral       0.377,*0.403,0.22 
   199  2:neutral 3:positive   +   0.09,0.206,*0.703 
   200  2:neutral  2:neutral       0.065,*0.672,0.263 
   201  2:neutral  2:neutral       0.04,*0.889,0.071 
   202  2:neutral  2:neutral       0.077,*0.695,0.228 
   203  2:neutral  2:neutral       0.075,*0.592,0.333 
   204  2:neutral  2:neutral       0.018,*0.954,0.028 
   205  2:neutral  2:neutral       0.014,*0.65,0.337 
   206  2:neutral  2:neutral       0.234,*0.491,0.276 
   207  2:neutral 3:positive   +   0.028,0.45,*0.522 
   208  2:neutral  2:neutral       0.037,*0.868,0.094 
   209  2:neutral  2:neutral       0.033,*0.859,0.108 
   210  2:neutral 3:positive   +   0.329,0.29,*0.381 
   211  2:neutral  2:neutral       0.019,*0.732,0.249 
   212  2:neutral  2:neutral       0.022,*0.822,0.156 
   213  2:neutral  2:neutral       0.066,*0.691,0.242 
   214  2:neutral  2:neutral       0.072,*0.75,0.178 
   215  2:neutral  2:neutral       0.267,*0.647,0.086 
   216  2:neutral  2:neutral       0.069,*0.59,0.342 
   217  2:neutral  2:neutral       0.058,*0.779,0.163 
   218  2:neutral 3:positive   +   0.239,0.296,*0.465 
   219  2:neutral  2:neutral       0.149,*0.702,0.149 
   220  2:neutral  2:neutral       0.086,*0.686,0.228 
   221  2:neutral 1:negative   +   *0.471,0.272,0.257 
   222  2:neutral 3:positive   +   0.162,0.37,*0.468 
   223  2:neutral  2:neutral       0.039,*0.617,0.343 
   224  2:neutral  2:neutral       0.112,*0.651,0.237 
   225  2:neutral  2:neutral       0.04,*0.821,0.139 
   226  2:neutral  2:neutral       0.078,*0.663,0.258 
   227  2:neutral  2:neutral       0.036,*0.817,0.147 
   228  2:neutral 3:positive   +   0.055,0.409,*0.536 
   229  2:neutral  2:neutral       0.027,*0.616,0.356 
   230  2:neutral 1:negative   +   *0.506,0.269,0.225 
   231  2:neutral  2:neutral       0.079,*0.757,0.163 
   232  2:neutral  2:neutral       0.337,*0.441,0.222 
   233  2:neutral  2:neutral       0.211,*0.434,0.355 
   234  2:neutral  2:neutral       0.056,*0.556,0.388 
   235  2:neutral  2:neutral       0.168,*0.73,0.103 
   236  2:neutral  2:neutral       0.08,*0.54,0.38 
   237  2:neutral 3:positive   +   0.036,0.456,*0.508 
   238  2:neutral  2:neutral       0.273,*0.574,0.153 
   239  2:neutral  2:neutral       0.082,*0.675,0.244 
   240  2:neutral  2:neutral       0.054,*0.796,0.15 
   241  2:neutral 1:negative   +   *0.4,0.35,0.25 
   242  2:neutral  2:neutral       0.085,*0.742,0.173 
   243  2:neutral 3:positive   +   0.018,0.321,*0.661 
   244  2:neutral  2:neutral       0.048,*0.697,0.256 
   245  2:neutral  2:neutral       0.139,*0.726,0.135 
   246  2:neutral 3:positive   +   0.019,0.381,*0.6 
   247  2:neutral  2:neutral       0.011,*0.951,0.038 
   248  2:neutral 3:positive   +   0.046,0.406,*0.548 
   249  2:neutral  2:neutral       0.193,*0.424,0.383 
   250  2:neutral  2:neutral       0.042,*0.69,0.268 
   251  2:neutral  2:neutral       0.096,*0.628,0.276 
   252  2:neutral 3:positive   +   0.039,0.412,*0.549 
   253  2:neutral  2:neutral       0.134,*0.741,0.126 
   254  2:neutral  2:neutral       0.165,*0.741,0.094 
   255  2:neutral  2:neutral       0.024,*0.844,0.132 
   256  2:neutral  2:neutral       0.091,*0.572,0.338 
   257  2:neutral  2:neutral       0.089,*0.632,0.279 
   258  2:neutral  2:neutral       0.049,*0.904,0.047 
   259  2:neutral 3:positive   +   0.102,0.444,*0.455 
   260  2:neutral  2:neutral       0.064,*0.839,0.097 
   261  2:neutral 3:positive   +   0.021,0.377,*0.602 
   262  2:neutral  2:neutral       0.031,*0.76,0.208 
   263  2:neutral  2:neutral       0.058,*0.55,0.392 
   264  2:neutral  2:neutral       0.038,*0.882,0.081 
   265  2:neutral  2:neutral       0.114,*0.602,0.284 
   266  2:neutral  2:neutral       0.031,*0.89,0.079 
   267  2:neutral 3:positive   +   0.205,0.193,*0.602 
   268  2:neutral  2:neutral       0.176,*0.605,0.219 
   269  2:neutral  2:neutral       0.176,*0.452,0.372 
   270  2:neutral  2:neutral       0.124,*0.585,0.291 
   271  2:neutral 3:positive   +   0.393,0.21,*0.397 
   272  2:neutral  2:neutral       0.063,*0.608,0.329 
   273  2:neutral  2:neutral       0.387,*0.483,0.13 
   274  2:neutral  2:neutral       0.089,*0.532,0.379 
   275  2:neutral 1:negative   +   *0.576,0.109,0.315 
   276  2:neutral  2:neutral       0.068,*0.821,0.111 
   277  2:neutral  2:neutral       0.008,*0.626,0.366 
   278  2:neutral  2:neutral       0.039,*0.789,0.173 
   279  2:neutral 1:negative   +   *0.358,0.298,0.344 
   280  2:neutral 3:positive   +   0.036,0.422,*0.542 
   281  2:neutral  2:neutral       0.062,*0.726,0.212 
   282  2:neutral  2:neutral       0.03,*0.88,0.09 
   283  2:neutral  2:neutral       0.335,*0.36,0.305 
   284  2:neutral  2:neutral       0.046,*0.621,0.333 
   285  2:neutral  2:neutral       0.012,*0.939,0.049 
   286  2:neutral  2:neutral       0.084,*0.517,0.398 
   287  2:neutral  2:neutral       0.046,*0.888,0.066 
   288  2:neutral  2:neutral       0.165,*0.728,0.106 
   289  2:neutral  2:neutral       0.06,*0.749,0.191 
   290  2:neutral  2:neutral       0.019,*0.527,0.454 
   291  2:neutral  2:neutral       0.176,*0.549,0.275 
   292  2:neutral 1:negative   +   *0.719,0.168,0.113 
   293  2:neutral 3:positive   +   0.037,0.39,*0.573 
   294  2:neutral 3:positive   +   0.074,0.35,*0.575 
   295  2:neutral  2:neutral       0.087,*0.873,0.041 
   296  2:neutral  2:neutral       0.069,*0.672,0.259 
   297  2:neutral 3:positive   +   0.112,0.266,*0.622 
   298  2:neutral  2:neutral       0.073,*0.797,0.129 
   299  2:neutral  2:neutral       0.211,*0.625,0.165 
   300  2:neutral  2:neutral       0.034,*0.895,0.071 
   301  2:neutral  2:neutral       0.034,*0.602,0.364 
   302  2:neutral  2:neutral       0.067,*0.772,0.161 
   303  2:neutral 3:positive   +   0.054,0.224,*0.722 
   304  2:neutral 3:positive   +   0.125,0.416,*0.458 
   305  2:neutral  2:neutral       0.032,*0.811,0.157 
   306  2:neutral  2:neutral       0.065,*0.655,0.28 
   307  2:neutral  2:neutral       0.028,*0.804,0.168 
   308  2:neutral  2:neutral       0.059,*0.926,0.016 
   309  2:neutral 3:positive   +   0.019,0.147,*0.834 
   310  2:neutral  2:neutral       0.067,*0.902,0.031 
   311  2:neutral  2:neutral       0.181,*0.451,0.368 
   312  2:neutral  2:neutral       0.078,*0.684,0.238 
   313  2:neutral  2:neutral       0.219,*0.665,0.117 
   314  2:neutral  2:neutral       0.102,*0.768,0.13 
   315  2:neutral  2:neutral       0.024,*0.615,0.361 
   316  2:neutral 3:positive   +   0.02,0.232,*0.749 
   317  2:neutral  2:neutral       0.113,*0.663,0.224 
   318  2:neutral  2:neutral       0.078,*0.751,0.171 
   319  2:neutral 3:positive   +   0.092,0.422,*0.486 
   320  2:neutral  2:neutral       0.196,*0.66,0.144 
   321  2:neutral  2:neutral       0.104,*0.727,0.169 
   322  2:neutral  2:neutral       0.035,*0.856,0.108 
   323  2:neutral  2:neutral       0.046,*0.777,0.177 
   324  2:neutral  2:neutral       0.087,*0.778,0.135 
   325  2:neutral  2:neutral       0.037,*0.639,0.323 
   326  2:neutral  2:neutral       0.079,*0.706,0.214 
   327  2:neutral 1:negative   +   *0.716,0.169,0.115 
   328  2:neutral 1:negative   +   *0.706,0.192,0.102 
   329  2:neutral  2:neutral       0.33,*0.507,0.163 
   330  2:neutral  2:neutral       0.024,*0.895,0.081 
   331  2:neutral  2:neutral       0.096,*0.715,0.189 
   332  2:neutral  2:neutral       0.095,*0.694,0.211 
   333  2:neutral  2:neutral       0.018,*0.871,0.111 
   334  2:neutral 1:negative   +   *0.381,0.3,0.319 
   335  2:neutral  2:neutral       0.026,*0.537,0.437 
   336  2:neutral  2:neutral       0.083,*0.564,0.354 
   337  2:neutral  2:neutral       0.04,*0.873,0.087 
   338  2:neutral  2:neutral       0.092,*0.657,0.252 
   339  2:neutral  2:neutral       0.059,*0.769,0.173 
   340  2:neutral  2:neutral       0.336,*0.48,0.184 
   341  2:neutral  2:neutral       0.061,*0.55,0.389 
   342  2:neutral 3:positive   +   0.1,0.146,*0.754 
   343  2:neutral  2:neutral       0.234,*0.665,0.101 
   344  2:neutral  2:neutral       0.026,*0.538,0.436 
   345  2:neutral  2:neutral       0.021,*0.808,0.171 
   346  2:neutral  2:neutral       0.07,*0.514,0.416 
   347  2:neutral  2:neutral       0.089,*0.632,0.279 
   348  2:neutral  2:neutral       0.23,*0.522,0.248 
   349  2:neutral  2:neutral       0.181,*0.58,0.239 
   350  2:neutral  2:neutral       0.054,*0.71,0.236 
   351  2:neutral  2:neutral       0.041,*0.723,0.236 
   352  2:neutral  2:neutral       0.036,*0.743,0.221 
   353  2:neutral  2:neutral       0.194,*0.543,0.263 
   354  2:neutral 1:negative   +   *0.903,0.036,0.061 
