Zero Weights processed. Default weights will be used
..
Warning: using -h 0 may be faster
*
optimization finished, #iter = 2518
C = 1417.1734140465865
obj = 701462.8003064151, rho = -2.591562966740821
nSV = 2248, nBSV = 679
Total nSV = 2248
..
Warning: using -h 0 may be faster
*
optimization finished, #iter = 2514
C = 1556.0811417609668
obj = 792443.1519384743, rho = -28.856353495339818
nSV = 2267, nBSV = 688
Total nSV = 2267
..
Warning: using -h 0 may be faster
*
optimization finished, #iter = 2420
C = 1550.2164557955932
obj = 795082.2325583682, rho = -38.20614405392384
nSV = 2231, nBSV = 698
Total nSV = 2231
..
Warning: using -h 0 may be faster
*
optimization finished, #iter = 2503
C = 1493.3758978797468
obj = 747865.1275846165, rho = -29.37423069428714
nSV = 2247, nBSV = 670
Total nSV = 2247
..
Warning: using -h 0 may be faster
*
optimization finished, #iter = 2655
C = 1592.3380936801973
obj = 820394.4030724572, rho = -38.51888420178048
nSV = 2270, nBSV = 653
Total nSV = 2270
...
Warning: using -h 0 may be faster
*
optimization finished, #iter = 3232
C = 1586.057810194872
obj = 951990.1991846316, rho = -31.137138965476232
nSV = 2756, nBSV = 881
....
Warning: using -h 0 may be faster
*
optimization finished, #iter = 4061
C = 3760.515033922943
obj = 3470170.774841919, rho = -162.7117498084221
nSV = 3775, nBSV = 965
Total nSV = 3775
....
Warning: using -h 0 may be faster
*
optimization finished, #iter = 4167
C = 3809.5548796070316
obj = 3415359.0875556907, rho = -179.47050817406574
nSV = 3807, nBSV = 972
Total nSV = 3807
....
Warning: using -h 0 may be faster
*
optimization finished, #iter = 4010
C = 3933.70827914496
obj = 3655000.4303638306, rho = -174.59291388357568
nSV = 3805, nBSV = 963
Total nSV = 3805
....
Warning: using -h 0 may be faster
*
optimization finished, #iter = 4027
C = 3764.824110899421
obj = 3374895.8921514656, rho = -161.33769494863765
nSV = 3819, nBSV = 965
Total nSV = 3819
...
Warning: using -h 0 may be faster
*
optimization finished, #iter = 3844
C = 3750.934519257592
obj = 3429189.8880613563, rho = -172.29991529708272
nSV = 3777, nBSV = 959
Total nSV = 3777
.....
Warning: using -h 0 may be faster
*
optimization finished, #iter = 5060
C = 4169.176941519118
obj = 4587083.039541728, rho = -25.562474766020866
nSV = 4569, nBSV = 1256
..
Warning: using -h 0 may be faster
*
optimization finished, #iter = 2651
C = 1638.3650281435741
obj = 952011.8045151238, rho = -69.88977951966567
nSV = 2602, nBSV = 791
Total nSV = 2602
..
Warning: using -h 0 may be faster
*
optimization finished, #iter = 2730
C = 1660.379345801753
obj = 969630.6765502116, rho = 0.5966286264654489
nSV = 2573, nBSV = 775
Total nSV = 2573
..
Warning: using -h 0 may be faster
*
optimization finished, #iter = 2768
C = 1634.321362851723
obj = 913678.5516921406, rho = -1.771181189832058
nSV = 2610, nBSV = 776
Total nSV = 2610
..
Warning: using -h 0 may be faster
*
optimization finished, #iter = 2604
C = 1464.8378265801578
obj = 809866.8916033327, rho = -13.350859932895071
nSV = 2562, nBSV = 834
Total nSV = 2562
..
Warning: using -h 0 may be faster
*
optimization finished, #iter = 2782
C = 1550.1306582650786
obj = 863659.3643131256, rho = 4.468050209957891
nSV = 2602, nBSV = 780
Total nSV = 2602
...
Warning: using -h 0 may be faster
*
optimization finished, #iter = 3334
C = 1700.4581838792233
obj = 1151387.0520768822, rho = -1.1607544169199993
nSV = 3136, nBSV = 1045
Total nSV = 7389
..
Warning: using -h 0 may be faster
*
optimization finished, #iter = 2076
C = 1459.5034703055396
obj = 606010.7133833726, rho = -31.684628072484685
nSV = 1862, nBSV = 485
Total nSV = 1862
..
Warning: using -h 0 may be faster
*
optimization finished, #iter = 2007
C = 1336.866396079643
obj = 546952.3782499469, rho = -35.928607278041454
nSV = 1832, nBSV = 506
Total nSV = 1832
..
Warning: using -h 0 may be faster
*
optimization finished, #iter = 2040
C = 1360.1068982630661
obj = 560594.5292156083, rho = -29.99809512117425
nSV = 1823, nBSV = 515
Total nSV = 1823
..
Warning: using -h 0 may be faster
*
optimization finished, #iter = 2093
C = 1393.7561000633593
obj = 570537.0160545493, rho = -48.33218301713153
nSV = 1886, nBSV = 503
Total nSV = 1886
..
Warning: using -h 0 may be faster
*
optimization finished, #iter = 2039
C = 1435.2055866251148
obj = 605285.5130150617, rho = -33.06744030907511
nSV = 1885, nBSV = 498
Total nSV = 1885
..
Warning: using -h 0 may be faster
*
optimization finished, #iter = 2453
C = 1450.6331560005071
obj = 707107.8091657892, rho = -23.150882588664114
nSV = 2242, nBSV = 686
...
Warning: using -h 0 may be faster
*
optimization finished, #iter = 3232
C = 3311.4505792140535
obj = 2434392.9563400876, rho = -142.96884006283167
nSV = 3102, nBSV = 744
Total nSV = 3102
...
Warning: using -h 0 may be faster
*
optimization finished, #iter = 3303
C = 3387.381319010279
obj = 2541769.0246992614, rho = -117.07779799762554
nSV = 3140, nBSV = 692
Total nSV = 3140
...
Warning: using -h 0 may be faster
*
optimization finished, #iter = 3244
C = 3362.0227828361467
obj = 2580210.7889628885, rho = -148.8260178200182
nSV = 3135, nBSV = 692
Total nSV = 3135
...
Warning: using -h 0 may be faster
*
optimization finished, #iter = 3465
C = 3661.0591697975456
obj = 2855331.104327739, rho = -148.9922575135861
nSV = 3173, nBSV = 702
Total nSV = 3173
...
Warning: using -h 0 may be faster
*
optimization finished, #iter = 3544
C = 3422.8587286248685
obj = 2535135.444753548, rho = -157.79168560896366
nSV = 3193, nBSV = 698
Total nSV = 3193
....
Warning: using -h 0 may be faster
*.
Warning: using -h 0 may be faster
*
optimization finished, #iter = 4321
C = 3835.6026827888013
obj = 3421591.915190117, rho = -1.4930810366662879
nSV = 3835, nBSV = 964
..
Warning: using -h 0 may be faster
*
optimization finished, #iter = 2144
C = 1478.968907489683
obj = 722216.8535777654, rho = -65.81481660551563
nSV = 2146, nBSV = 579
Total nSV = 2146
..
Warning: using -h 0 may be faster
*
optimization finished, #iter = 2179
C = 1390.6494916380627
obj = 650249.8025146441, rho = -63.35029542057946
nSV = 2129, nBSV = 602
Total nSV = 2129
..
Warning: using -h 0 may be faster
*
optimization finished, #iter = 2118
C = 1436.4345651361025
obj = 673191.5307898509, rho = -47.80188842380679
nSV = 2135, nBSV = 589
Total nSV = 2135
..
Warning: using -h 0 may be faster
*
optimization finished, #iter = 2338
C = 1475.2758333118463
obj = 698371.992086087, rho = -54.03564617130739
nSV = 2159, nBSV = 580
Total nSV = 2159
..
Warning: using -h 0 may be faster
*
optimization finished, #iter = 2247
C = 1496.7007036202351
obj = 709072.0904487548, rho = -55.114397859158764
nSV = 2162, nBSV = 596
Total nSV = 2162
..
Warning: using -h 0 may be faster
*
optimization finished, #iter = 2755
C = 1498.6599165465036
obj = 825677.9754411741, rho = 1.7208104064351415
nSV = 2603, nBSV = 796
Total nSV = 6037
..
Warning: using -h 0 may be faster
*
optimization finished, #iter = 2079
C = 1551.9562104703125
obj = 650074.1787320329, rho = -36.21168906209138
nSV = 1893, nBSV = 503
Total nSV = 1893
..
Warning: using -h 0 may be faster
*
optimization finished, #iter = 2073
C = 1512.940214935988
obj = 642935.5410966395, rho = -51.307336572378716
nSV = 1864, nBSV = 504
Total nSV = 1864
..
Warning: using -h 0 may be faster
*
optimization finished, #iter = 2069
C = 1468.027114043811
obj = 609442.4984172744, rho = -50.57566175322707
nSV = 1876, nBSV = 503
Total nSV = 1876
.
Warning: using -h 0 may be faster
*
optimization finished, #iter = 1995
C = 1415.9766625615437
obj = 580824.4203410655, rho = -40.87392502793354
nSV = 1844, nBSV = 517
Total nSV = 1844
..
Warning: using -h 0 may be faster
*
optimization finished, #iter = 2105
C = 1431.8172663579712
obj = 594850.3983921781, rho = -41.1211225107078
nSV = 1863, nBSV = 527
Total nSV = 1863
..
Warning: using -h 0 may be faster
*
optimization finished, #iter = 2483
C = 1551.8796829671232
obj = 778704.3543565368, rho = -24.894697538652192
nSV = 2244, nBSV = 678
...
Warning: using -h 0 may be faster
*
optimization finished, #iter = 3512
C = 3377.3651640911653
obj = 2441137.6738545997, rho = -107.28070548494247
nSV = 3139, nBSV = 702
Total nSV = 3139
...
Warning: using -h 0 may be faster
*
optimization finished, #iter = 3231
C = 3451.381571264147
obj = 2619177.0908869943, rho = -184.3782579078745
nSV = 3078, nBSV = 719
Total nSV = 3078
...
Warning: using -h 0 may be faster
*
optimization finished, #iter = 3168
C = 3442.10046431171
obj = 2597260.724437387, rho = -140.96958711773308
nSV = 3099, nBSV = 742
Total nSV = 3099
...
Warning: using -h 0 may be faster
*
optimization finished, #iter = 3197
C = 3385.699552142717
obj = 2565933.9010721426, rho = -119.0322178696664
nSV = 3121, nBSV = 711
Total nSV = 3121
...
Warning: using -h 0 may be faster
*
optimization finished, #iter = 3357
C = 3503.4669558252135
obj = 2692907.3585826172, rho = -130.11140118104362
nSV = 3147, nBSV = 721
Total nSV = 3147
...
Warning: using -h 0 may be faster
*
optimization finished, #iter = 3616
C = 3765.269571954517
obj = 3557894.7338477075, rho = -62.735510546616204
nSV = 3683, nBSV = 1009
..
Warning: using -h 0 may be faster
*
optimization finished, #iter = 2305
C = 1511.9172516992342
obj = 710716.937391659, rho = -62.788848678997596
nSV = 2151, nBSV = 576
Total nSV = 2151
..
Warning: using -h 0 may be faster
*
optimization finished, #iter = 2339
C = 1595.459520899973
obj = 779032.022965901, rho = -63.91777403649596
nSV = 2198, nBSV = 586
Total nSV = 2198
..
Warning: using -h 0 may be faster
*
optimization finished, #iter = 2217
C = 1535.2809661985345
obj = 739604.960207396, rho = -61.04034211644457
nSV = 2180, nBSV = 603
Total nSV = 2180
..
Warning: using -h 0 may be faster
*
optimization finished, #iter = 2209
C = 1482.1172911597282
obj = 709531.3031800662, rho = -63.20545825355426
nSV = 2134, nBSV = 609
Total nSV = 2134
..
Warning: using -h 0 may be faster
*
optimization finished, #iter = 2221
C = 1516.8417579102672
obj = 725484.4117093822, rho = -67.79539750225581
nSV = 2168, nBSV = 599
Total nSV = 2168
..
Warning: using -h 0 may be faster
*
optimization finished, #iter = 2819
C = 1617.4923213385664
obj = 918922.6906935025, rho = -0.7662057193180389
nSV = 2624, nBSV = 769
Total nSV = 5953
...
Warning: using -h 0 may be faster
*
optimization finished, #iter = 3282
C = 3399.694950944317
obj = 2557066.759884753, rho = -7.866896478990794
nSV = 3137, nBSV = 712
Total nSV = 3137
...
Warning: using -h 0 may be faster
*
optimization finished, #iter = 3609
C = 3546.286101369651
obj = 2596483.854525098, rho = -4.5547129343847015
nSV = 3201, nBSV = 698
Total nSV = 3201
...
Warning: using -h 0 may be faster
*
optimization finished, #iter = 3443
C = 3446.979242565196
obj = 2562665.607523222, rho = -33.81179043682726
nSV = 3196, nBSV = 710
Total nSV = 3196
...
Warning: using -h 0 may be faster
*
optimization finished, #iter = 3207
C = 3320.7618755723383
obj = 2494316.6782895406, rho = -48.40562066291575
nSV = 3123, nBSV = 731
Total nSV = 3123
...
Warning: using -h 0 may be faster
*
optimization finished, #iter = 3462
C = 3693.1723548006876
obj = 2776000.816592255, rho = -21.95475818449184
nSV = 3208, nBSV = 701
Total nSV = 3208
...
Warning: using -h 0 may be faster
*
optimization finished, #iter = 3775
C = 3673.871743899095
obj = 3436733.095137659, rho = -195.5467586058176
nSV = 3749, nBSV = 997
..
Warning: using -h 0 may be faster
*
optimization finished, #iter = 2234
C = 1532.5361559895914
obj = 722877.2201932413, rho = -65.43294903549818
nSV = 2145, nBSV = 587
Total nSV = 2145
..
Warning: using -h 0 may be faster
*
optimization finished, #iter = 2305
C = 1669.5090133446574
obj = 824168.7063745554, rho = -64.51155038383648
nSV = 2214, nBSV = 591
Total nSV = 2214
..
Warning: using -h 0 may be faster
*
optimization finished, #iter = 2303
C = 1606.0532997690989
obj = 772361.672237714, rho = -59.335470668968966
nSV = 2200, nBSV = 587
Total nSV = 2200
..
Warning: using -h 0 may be faster
*
optimization finished, #iter = 2241
C = 1635.7932574710971
obj = 795778.7064857081, rho = -79.39362197199479
nSV = 2164, nBSV = 591
Total nSV = 2164
..
Warning: using -h 0 may be faster
*
optimization finished, #iter = 2343
C = 1505.4930028320546
obj = 721483.8742207229, rho = -64.98844406055895
nSV = 2180, nBSV = 577
Total nSV = 2180
..
Warning: using -h 0 may be faster
*
optimization finished, #iter = 2647
C = 1674.4888900947003
obj = 981104.1031445758, rho = -81.18856891519653
nSV = 2636, nBSV = 798
..
Warning: using -h 0 may be faster
*
optimization finished, #iter = 2127
C = 1435.3048163301387
obj = 608800.0716850337, rho = -31.127893183245636
nSV = 1889, nBSV = 492
Total nSV = 1889
..
Warning: using -h 0 may be faster
*
optimization finished, #iter = 2006
C = 1385.7723549478064
obj = 566113.7183631656, rho = -23.372142813892623
nSV = 1871, nBSV = 516
Total nSV = 1871
..
Warning: using -h 0 may be faster
*
optimization finished, #iter = 2032
C = 1416.9706225726186
obj = 598388.0808909921, rho = -26.910609343391272
nSV = 1854, nBSV = 513
Total nSV = 1854
..
Warning: using -h 0 may be faster
*
optimization finished, #iter = 2113
C = 1364.024569981411
obj = 549898.0145000926, rho = -33.329741544189275
nSV = 1882, nBSV = 507
Total nSV = 1882
..
Warning: using -h 0 may be faster
*
optimization finished, #iter = 2010
C = 1407.2537096471
obj = 589966.9353893072, rho = -26.940342532709433
nSV = 1870, nBSV = 519
Total nSV = 1870
..
Warning: using -h 0 may be faster
*
optimization finished, #iter = 2578
C = 1500.6381185313203
obj = 758505.9400331462, rho = -37.22237199311796
nSV = 2266, nBSV = 662
Total nSV = 6013
.
Warning: using -h 0 may be faster
*
optimization finished, #iter = 1990
C = 1467.1356984172937
obj = 624358.2671304648, rho = -5.287174667267403
nSV = 1851, nBSV = 497
Total nSV = 1851
.
Warning: using -h 0 may be faster
*
optimization finished, #iter = 1986
C = 1355.52509875296
obj = 559161.8263918768, rho = -16.223978096024762
nSV = 1893, nBSV = 515
Total nSV = 1893
..
Warning: using -h 0 may be faster
*
optimization finished, #iter = 2119
C = 1489.5375615935448
obj = 638493.8369141067, rho = -7.053013703591437
nSV = 1903, nBSV = 485
Total nSV = 1903
..
Warning: using -h 0 may be faster
*
optimization finished, #iter = 2098
C = 1427.9100383798925
obj = 591138.5270785643, rho = -15.404930171220123
nSV = 1895, nBSV = 522
Total nSV = 1895
..
Warning: using -h 0 may be faster
*
optimization finished, #iter = 2128
C = 1566.1964132239464
obj = 687191.4317205099, rho = -14.773432671211598
nSV = 1908, nBSV = 499
Total nSV = 1908
..
Warning: using -h 0 may be faster
*
optimization finished, #iter = 2555
C = 1506.8479704005726
obj = 763808.968741225, rho = -51.39493283332488
nSV = 2240, nBSV = 651
..
Warning: using -h 0 may be faster
*
optimization finished, #iter = 2186
C = 1482.2069572994596
obj = 707077.1980491518, rho = -29.776370557278863
nSV = 2160, nBSV = 583
Total nSV = 2160
..
Warning: using -h 0 may be faster
*
optimization finished, #iter = 2249
C = 1518.020395518089
obj = 715727.3621445955, rho = -14.104089535649246
nSV = 2189, nBSV = 599
Total nSV = 2189
..
Warning: using -h 0 may be faster
*
optimization finished, #iter = 2226
C = 1497.9864934351497
obj = 696770.6168804476, rho = 2.656093898671065
nSV = 2147, nBSV = 603
Total nSV = 2147
..
Warning: using -h 0 may be faster
*
optimization finished, #iter = 2418
C = 1510.2877939225289
obj = 704454.7973552904, rho = -2.3315575122635797
nSV = 2172, nBSV = 576
Total nSV = 2172
..
Warning: using -h 0 may be faster
*
optimization finished, #iter = 2304
C = 1477.377955217493
obj = 691135.1788216962, rho = 2.952168795398246
nSV = 2161, nBSV = 587
Total nSV = 2161
..
Warning: using -h 0 may be faster
*
optimization finished, #iter = 2896
C = 1593.235749364097
obj = 894563.1108019294, rho = -7.432257069991118
nSV = 2607, nBSV = 775
...
Warning: using -h 0 may be faster
*
optimization finished, #iter = 3186
C = 3277.5719933324176
obj = 2465182.9488766785, rho = -133.7534820722097
nSV = 3139, nBSV = 710
Total nSV = 3139
...
Warning: using -h 0 may be faster
*
optimization finished, #iter = 3140
C = 3270.711218124025
obj = 2463023.5105095934, rho = -165.5183421055823
nSV = 3071, nBSV = 727
Total nSV = 3071
...
Warning: using -h 0 may be faster
*
optimization finished, #iter = 3593
C = 3463.4051566226585
obj = 2550245.100566962, rho = -158.95826248845722
nSV = 3193, nBSV = 676
Total nSV = 3193
...
Warning: using -h 0 may be faster
*
optimization finished, #iter = 3458
C = 3439.857156837813
obj = 2540615.2687873384, rho = -147.09838774744074
nSV = 3165, nBSV = 695
Total nSV = 3165
...
Warning: using -h 0 may be faster
*
optimization finished, #iter = 3321
C = 3281.0644601394124
obj = 2437527.1262581814, rho = -147.44652658971407
nSV = 3092, nBSV = 715
Total nSV = 3092
....
Warning: using -h 0 may be faster
*
optimization finished, #iter = 4019
C = 3710.6752355881467
obj = 3400602.2999846744, rho = -15.93650725760264
nSV = 3760, nBSV = 944
Total nSV = 6024
..
Warning: using -h 0 may be faster
*
optimization finished, #iter = 2283
C = 1498.3158910578313
obj = 706755.8863707059, rho = -44.475729836061966
nSV = 2184, nBSV = 603
Total nSV = 2184
..
Warning: using -h 0 may be faster
*
optimization finished, #iter = 2235
C = 1418.542956086234
obj = 662532.5134604855, rho = -51.360781740681695
nSV = 2138, nBSV = 596
Total nSV = 2138
..
Warning: using -h 0 may be faster
*
optimization finished, #iter = 2151
C = 1496.5124238026765
obj = 702146.8975427824, rho = -60.60193666538388
nSV = 2128, nBSV = 604
Total nSV = 2128
..
Warning: using -h 0 may be faster
*
optimization finished, #iter = 2153
C = 1518.6354891360866
obj = 717323.7370177803, rho = -54.75482378572988
nSV = 2127, nBSV = 627
Total nSV = 2127
..
Warning: using -h 0 may be faster
*
optimization finished, #iter = 2170
C = 1422.3647797631586
obj = 658445.1712760684, rho = -39.444113273455756
nSV = 2103, nBSV = 633
Total nSV = 2103
..
Warning: using -h 0 may be faster
*
optimization finished, #iter = 2702
C = 1507.0817353552331
obj = 824477.6780465046, rho = -9.287990877578068
nSV = 2556, nBSV = 792
..
Warning: using -h 0 may be faster
*
optimization finished, #iter = 2054
C = 1442.7334661991033
obj = 607667.8969885309, rho = -38.09622460759832
nSV = 1863, nBSV = 518
Total nSV = 1863
..
Warning: using -h 0 may be faster
*
optimization finished, #iter = 2119
C = 1479.1897551236727
obj = 622040.6749043998, rho = -31.790154110188567
nSV = 1897, nBSV = 508
Total nSV = 1897
..
Warning: using -h 0 may be faster
*
optimization finished, #iter = 2054
C = 1528.1645445506108
obj = 645124.8284785, rho = -18.62050088264048
nSV = 1840, nBSV = 501
Total nSV = 1840
.
Warning: using -h 0 may be faster
*
optimization finished, #iter = 1997
C = 1383.6354279343614
obj = 573494.8880428094, rho = -31.237812941302185
nSV = 1823, nBSV = 510
Total nSV = 1823
.
Warning: using -h 0 may be faster
*
optimization finished, #iter = 1921
C = 1392.0962825177191
obj = 583056.8566066101, rho = -16.90674831858442
nSV = 1810, nBSV = 521
Total nSV = 1810
..
Warning: using -h 0 may be faster
*
optimization finished, #iter = 2404
C = 1484.1906134234703
obj = 730372.9902051593, rho = -38.46370525744354
nSV = 2199, nBSV = 673
...
Warning: using -h 0 may be faster
*
optimization finished, #iter = 3410
C = 3488.5052881832844
obj = 2678739.6192702437, rho = -159.5227321124457
nSV = 3160, nBSV = 699
Total nSV = 3160
...
Warning: using -h 0 may be faster
*
optimization finished, #iter = 3479
C = 3392.9626812869806
obj = 2508030.3858426763, rho = -91.41267859589365
nSV = 3177, nBSV = 699
Total nSV = 3177
...
Warning: using -h 0 may be faster
*
optimization finished, #iter = 3318
C = 3423.646597646498
obj = 2531647.6304634605, rho = -106.4173792165031
nSV = 3173, nBSV = 705
Total nSV = 3173
...
Warning: using -h 0 may be faster
*
optimization finished, #iter = 3452
C = 3404.7659020905216
obj = 2506559.017899565, rho = -100.39198800863767
nSV = 3165, nBSV = 702
Total nSV = 3165
...
Warning: using -h 0 may be faster
*
optimization finished, #iter = 3395
C = 3449.892993133778
obj = 2619606.5267400797, rho = -79.84442150675892
nSV = 3138, nBSV = 694
Total nSV = 3138
...
Warning: using -h 0 may be faster
*
optimization finished, #iter = 3880
C = 3675.171884428427
obj = 3326127.1400245815, rho = -139.9271917165296
nSV = 3751, nBSV = 940
Total nSV = 5950


=== Predictions under cross-validation ===

 inst#     actual  predicted error distribution
     1  2:neutral  2:neutral       0.242,*0.522,0.236 
     2  2:neutral  2:neutral       0.022,*0.866,0.112 
     3  2:neutral 3:positive   +   0.332,0.24,*0.429 
     4  2:neutral  2:neutral       0.152,*0.628,0.22 
     5  2:neutral  2:neutral       0.051,*0.616,0.333 
     6  2:neutral 1:negative   +   *0.626,0.29,0.085 
     7  2:neutral 3:positive   +   0.043,0.337,*0.62 
     8  2:neutral  2:neutral       0.059,*0.784,0.158 
     9  2:neutral  2:neutral       0.113,*0.494,0.392 
    10  2:neutral 1:negative   +   *0.53,0.328,0.142 
    11  2:neutral 3:positive   +   0.022,0.472,*0.506 
    12  2:neutral  2:neutral       0.099,*0.707,0.194 
    13  2:neutral  2:neutral       0.053,*0.621,0.327 
    14  2:neutral  2:neutral       0.036,*0.764,0.2 
    15  2:neutral  2:neutral       0.194,*0.568,0.238 
    16  2:neutral  2:neutral       0.038,*0.607,0.355 
    17  2:neutral  2:neutral       0.306,*0.359,0.335 
    18  2:neutral  2:neutral       0.219,*0.506,0.276 
    19  2:neutral  2:neutral       0.121,*0.649,0.23 
    20  2:neutral  2:neutral       0.027,*0.83,0.143 
    21  2:neutral 3:positive   +   0.163,0.41,*0.426 
    22  2:neutral 3:positive   +   0.102,0.359,*0.538 
    23  2:neutral  2:neutral       0.099,*0.593,0.308 
    24  2:neutral  2:neutral       0.05,*0.573,0.377 
    25  2:neutral  2:neutral       0.106,*0.53,0.364 
    26  2:neutral  2:neutral       0.371,*0.404,0.225 
    27  2:neutral  2:neutral       0.028,*0.577,0.395 
    28  2:neutral  2:neutral       0.305,*0.428,0.268 
    29  2:neutral  2:neutral       0.058,*0.683,0.259 
    30  2:neutral  2:neutral       0.056,*0.504,0.44 
    31  2:neutral  2:neutral       0.329,*0.458,0.213 
    32  2:neutral 1:negative   +   *0.942,0.024,0.034 
    33  2:neutral  2:neutral       0.027,*0.782,0.192 
    34  2:neutral  2:neutral       0.108,*0.635,0.257 
    35  2:neutral  2:neutral       0.171,*0.658,0.171 
    36  2:neutral  2:neutral       0.01,*0.903,0.088 
    37  2:neutral  2:neutral       0.413,*0.452,0.135 
    38  2:neutral  2:neutral       0.136,*0.724,0.14 
    39  2:neutral  2:neutral       0.074,*0.699,0.227 
    40  2:neutral  2:neutral       0.039,*0.564,0.397 
    41  2:neutral  2:neutral       0.098,*0.72,0.183 
    42  2:neutral  2:neutral       0.013,*0.701,0.286 
    43  2:neutral 3:positive   +   0.448,0.059,*0.494 
    44  2:neutral  2:neutral       0.122,*0.501,0.378 
    45  2:neutral  2:neutral       0.051,*0.797,0.153 
    46  2:neutral  2:neutral       0.018,*0.646,0.336 
    47  2:neutral  2:neutral       0.046,*0.575,0.38 
    48  2:neutral 3:positive   +   0.04,0.123,*0.836 
    49  2:neutral  2:neutral       0.062,*0.851,0.088 
    50  2:neutral  2:neutral       0.177,*0.626,0.197 
    51  2:neutral  2:neutral       0.182,*0.751,0.068 
    52  2:neutral  2:neutral       0.186,*0.559,0.255 
    53  2:neutral  2:neutral       0.205,*0.544,0.251 
    54  2:neutral  2:neutral       0.097,*0.525,0.378 
    55  2:neutral 3:positive   +   0.068,0.388,*0.544 
    56  2:neutral  2:neutral       0.073,*0.771,0.156 
    57  2:neutral  2:neutral       0.099,*0.643,0.257 
    58  2:neutral  2:neutral       0.09,*0.46,0.45 
    59  2:neutral 3:positive   +   0.11,0.364,*0.526 
    60  2:neutral  2:neutral       0.053,*0.62,0.327 
    61  2:neutral  2:neutral       0.148,*0.716,0.136 
    62  2:neutral 3:positive   +   0.165,0.389,*0.446 
    63  2:neutral  2:neutral       0.054,*0.71,0.236 
    64  2:neutral  2:neutral       0.115,*0.728,0.157 
    65  2:neutral  2:neutral       0.353,*0.501,0.146 
    66  2:neutral 3:positive   +   0.14,0.164,*0.697 
    67  2:neutral  2:neutral       0.104,*0.727,0.169 
    68  2:neutral  2:neutral       0.178,*0.452,0.371 
    69  2:neutral 3:positive   +   0.067,0.357,*0.576 
    70  2:neutral  2:neutral       0.095,*0.52,0.385 
    71  2:neutral  2:neutral       0.071,*0.854,0.075 
    72  2:neutral 3:positive   +   0.042,0.124,*0.835 
    73  2:neutral 3:positive   +   0.122,0.273,*0.605 
    74  2:neutral 3:positive   +   0.061,0.347,*0.592 
    75  2:neutral  2:neutral       0.07,*0.733,0.197 
    76  2:neutral  2:neutral       0.147,*0.574,0.279 
    77  2:neutral 3:positive   +   0.056,0.184,*0.761 
    78  2:neutral  2:neutral       0.051,*0.628,0.321 
    79  2:neutral  2:neutral       0.387,*0.433,0.18 
    80  2:neutral  2:neutral       0.085,*0.841,0.074 
    81  2:neutral 1:negative   +   *0.502,0.267,0.232 
    82  2:neutral  2:neutral       0.1,*0.845,0.054 
    83  2:neutral 1:negative   +   *0.542,0.127,0.332 
    84  2:neutral 3:positive   +   0.028,0.17,*0.802 
    85  2:neutral  2:neutral       0.446,*0.466,0.088 
    86  2:neutral  2:neutral       0.059,*0.719,0.222 
    87  2:neutral 3:positive   +   0.025,0.465,*0.51 
    88  2:neutral  2:neutral       0.035,*0.546,0.418 
    89  2:neutral 3:positive   +   0.324,0.204,*0.472 
    90  2:neutral  2:neutral       0.036,*0.669,0.295 
    91  2:neutral  2:neutral       0.064,*0.52,0.417 
    92  2:neutral  2:neutral       0.104,*0.654,0.242 
    93  2:neutral  2:neutral       0.087,*0.575,0.338 
    94  2:neutral  2:neutral       0.034,*0.549,0.417 
    95  2:neutral 3:positive   +   0.119,0.369,*0.512 
    96  2:neutral  2:neutral       0.066,*0.829,0.104 
    97  2:neutral  2:neutral       0.109,*0.586,0.305 
    98  2:neutral 3:positive   +   0.091,0.355,*0.554 
    99  2:neutral  2:neutral       0.082,*0.702,0.216 
   100  2:neutral  2:neutral       0.103,*0.693,0.204 
   101  2:neutral  2:neutral       0.105,*0.663,0.232 
   102  2:neutral 3:positive   +   0.184,0.341,*0.475 
   103  2:neutral  2:neutral       0.077,*0.724,0.2 
   104  2:neutral  2:neutral       0.138,*0.518,0.345 
   105  2:neutral  2:neutral       0.081,*0.623,0.297 
   106  2:neutral 3:positive   +   0.116,0.396,*0.488 
   107  2:neutral  2:neutral       0.106,*0.582,0.312 
   108  2:neutral  2:neutral       0.138,*0.794,0.069 
   109  2:neutral  2:neutral       0.016,*0.846,0.138 
   110  2:neutral  2:neutral       0.111,*0.703,0.186 
   111  2:neutral  2:neutral       0.078,*0.527,0.395 
   112  2:neutral  2:neutral       0.02,*0.715,0.265 
   113  2:neutral 3:positive   +   0.036,0.44,*0.524 
   114  2:neutral 3:positive   +   0.15,0.355,*0.495 
   115  2:neutral 3:positive   +   0.064,0.376,*0.559 
   116  2:neutral  2:neutral       0.108,*0.679,0.213 
   117  2:neutral  2:neutral       0.085,*0.841,0.074 
   118  2:neutral  2:neutral       0.061,*0.561,0.379 
   119  2:neutral  2:neutral       0.052,*0.745,0.203 
   120  2:neutral 3:positive   +   0.051,0.358,*0.591 
   121  2:neutral  2:neutral       0.104,*0.551,0.344 
   122  2:neutral  2:neutral       0.122,*0.486,0.392 
   123  2:neutral  2:neutral       0.08,*0.7,0.219 
   124  2:neutral  2:neutral       0.108,*0.719,0.173 
   125  2:neutral  2:neutral       0.203,*0.635,0.162 
   126  2:neutral 3:positive   +   0.04,0.32,*0.64 
   127  2:neutral  2:neutral       0.018,*0.897,0.085 
   128  2:neutral  2:neutral       0.019,*0.498,0.483 
   129  2:neutral  2:neutral       0.136,*0.657,0.207 
   130  2:neutral  2:neutral       0.124,*0.456,0.42 
   131  2:neutral 3:positive   +   0.185,0.392,*0.423 
   132  2:neutral  2:neutral       0.087,*0.597,0.316 
   133  2:neutral  2:neutral       0.074,*0.785,0.142 
   134  2:neutral 3:positive   +   0.027,0.445,*0.528 
   135  2:neutral  2:neutral       0.025,*0.733,0.242 
   136  2:neutral  2:neutral       0.009,*0.698,0.293 
   137  2:neutral  2:neutral       0.169,*0.56,0.272 
   138  2:neutral  2:neutral       0.085,*0.471,0.444 
   139  2:neutral  2:neutral       0.276,*0.559,0.165 
   140  2:neutral  2:neutral       0.079,*0.51,0.411 
   141  2:neutral  2:neutral       0.034,*0.777,0.189 
   142  2:neutral  2:neutral       0.351,*0.531,0.119 
   143  2:neutral  2:neutral       0.256,*0.501,0.242 
   144  2:neutral  2:neutral       0.139,*0.618,0.243 
   145  2:neutral 3:positive   +   0.277,0.243,*0.48 
   146  2:neutral  2:neutral       0.233,*0.646,0.121 
   147  2:neutral  2:neutral       0.033,*0.805,0.162 
   148  2:neutral  2:neutral       0.236,*0.489,0.274 
   149  2:neutral 3:positive   +   0.052,0.292,*0.656 
   150  2:neutral  2:neutral       0.113,*0.719,0.168 
   151  2:neutral  2:neutral       0.078,*0.766,0.156 
   152  2:neutral  2:neutral       0.026,*0.915,0.06 
   153  2:neutral  2:neutral       0.028,*0.818,0.153 
   154  2:neutral  2:neutral       0.141,*0.698,0.16 
   155  2:neutral  2:neutral       0.147,*0.477,0.376 
   156  2:neutral 3:positive   +   0.167,0.276,*0.557 
   157  2:neutral  2:neutral       0.045,*0.714,0.242 
   158  2:neutral  2:neutral       0.063,*0.641,0.295 
   159  2:neutral  2:neutral       0.107,*0.764,0.128 
   160  2:neutral  2:neutral       0.025,*0.499,0.476 
   161  2:neutral  2:neutral       0.116,*0.571,0.312 
   162  2:neutral  2:neutral       0.018,*0.934,0.048 
   163  2:neutral  2:neutral       0.025,*0.731,0.244 
   164  2:neutral  2:neutral       0.104,*0.578,0.318 
   165  2:neutral  2:neutral       0.108,*0.748,0.144 
   166  2:neutral  2:neutral       0.122,*0.657,0.22 
   167  2:neutral 3:positive   +   0.117,0.385,*0.498 
   168  2:neutral  2:neutral       0.03,*0.698,0.271 
   169  2:neutral  2:neutral       0.14,*0.482,0.378 
   170  2:neutral  2:neutral       0.159,*0.669,0.172 
   171  2:neutral  2:neutral       0.134,*0.439,0.427 
   172  2:neutral 3:positive   +   0.127,0.319,*0.554 
   173  2:neutral 1:negative   +   *0.68,0.278,0.041 
   174  2:neutral  2:neutral       0.097,*0.543,0.361 
   175  2:neutral  2:neutral       0.103,*0.669,0.228 
   176  2:neutral  2:neutral       0.407,*0.427,0.167 
   177  2:neutral  2:neutral       0.036,*0.689,0.275 
   178  2:neutral  2:neutral       0.269,*0.542,0.189 
   179  2:neutral  2:neutral       0.128,*0.558,0.313 
   180  2:neutral  2:neutral       0.048,*0.804,0.148 
   181  2:neutral  2:neutral       0.096,*0.599,0.305 
   182  2:neutral 1:negative   +   *0.721,0.187,0.092 
   183  2:neutral  2:neutral       0.062,*0.755,0.183 
   184  2:neutral  2:neutral       0.087,*0.483,0.43 
   185  2:neutral  2:neutral       0.075,*0.589,0.336 
   186  2:neutral  2:neutral       0.052,*0.826,0.122 
   187  2:neutral  2:neutral       0.083,*0.552,0.365 
   188  2:neutral  2:neutral       0.094,*0.461,0.444 
   189  2:neutral 1:negative   +   *0.537,0.368,0.094 
   190  2:neutral  2:neutral       0.289,*0.504,0.207 
   191  2:neutral  2:neutral       0.205,*0.605,0.189 
   192  2:neutral  2:neutral       0.07,*0.771,0.159 
   193  2:neutral  2:neutral       0.015,*0.707,0.278 
   194  2:neutral  2:neutral       0.133,*0.643,0.224 
   195  2:neutral 3:positive   +   0.044,0.396,*0.56 
   196  2:neutral  2:neutral       0.134,*0.578,0.288 
   197  2:neutral  2:neutral       0.087,*0.601,0.312 
   198  2:neutral  2:neutral       0.183,*0.498,0.319 
   199  2:neutral 3:positive   +   0.082,0.265,*0.652 
   200  2:neutral  2:neutral       0.046,*0.66,0.294 
   201  2:neutral  2:neutral       0.162,*0.746,0.093 
   202  2:neutral  2:neutral       0.132,*0.611,0.257 
   203  2:neutral  2:neutral       0.067,*0.483,0.45 
   204  2:neutral  2:neutral       0.021,*0.925,0.054 
   205  2:neutral  2:neutral       0.014,*0.589,0.397 
   206  2:neutral  2:neutral       0.208,*0.482,0.311 
   207  2:neutral 3:positive   +   0.065,0.451,*0.484 
   208  2:neutral  2:neutral       0.018,*0.778,0.204 
   209  2:neutral  2:neutral       0.034,*0.833,0.133 
   210  2:neutral 3:positive   +   0.28,0.339,*0.381 
   211  2:neutral  2:neutral       0.037,*0.863,0.1 
   212  2:neutral  2:neutral       0.065,*0.826,0.109 
   213  2:neutral 3:positive   +   0.064,0.421,*0.515 
   214  2:neutral  2:neutral       0.039,*0.625,0.337 
   215  2:neutral  2:neutral       0.329,*0.526,0.145 
   216  2:neutral  2:neutral       0.077,*0.474,0.449 
   217  2:neutral  2:neutral       0.045,*0.809,0.146 
   218  2:neutral  2:neutral       0.2,*0.549,0.25 
   219  2:neutral  2:neutral       0.042,*0.649,0.309 
   220  2:neutral 3:positive   +   0.091,0.404,*0.504 
   221  2:neutral 1:negative   +   *0.408,0.317,0.275 
   222  2:neutral 3:positive   +   0.131,0.41,*0.459 
   223  2:neutral  2:neutral       0.049,*0.495,0.456 
   224  2:neutral  2:neutral       0.105,*0.757,0.138 
   225  2:neutral  2:neutral       0.107,*0.801,0.092 
   226  2:neutral  2:neutral       0.071,*0.633,0.296 
   227  2:neutral  2:neutral       0.074,*0.702,0.223 
   228  2:neutral 3:positive   +   0.044,0.277,*0.679 
   229  2:neutral 3:positive   +   0.028,0.36,*0.612 
   230  2:neutral 3:positive   +   0.343,0.255,*0.402 
   231  2:neutral  2:neutral       0.056,*0.776,0.168 
   232  2:neutral 1:negative   +   *0.44,0.339,0.22 
   233  2:neutral  2:neutral       0.274,*0.393,0.333 
   234  2:neutral  2:neutral       0.058,*0.53,0.412 
   235  2:neutral  2:neutral       0.171,*0.703,0.125 
   236  2:neutral  2:neutral       0.074,*0.518,0.409 
   237  2:neutral 3:positive   +   0.042,0.29,*0.667 
   238  2:neutral  2:neutral       0.146,*0.746,0.108 
   239  2:neutral 3:positive   +   0.046,0.363,*0.591 
   240  2:neutral  2:neutral       0.122,*0.511,0.367 
   241  2:neutral 3:positive   +   0.301,0.322,*0.377 
   242  2:neutral  2:neutral       0.059,*0.481,0.46 
   243  2:neutral 3:positive   +   0.039,0.269,*0.692 
   244  2:neutral  2:neutral       0.045,*0.707,0.247 
   245  2:neutral  2:neutral       0.214,*0.663,0.123 
   246  2:neutral 3:positive   +   0.014,0.341,*0.645 
   247  2:neutral  2:neutral       0.017,*0.954,0.03 
   248  2:neutral  2:neutral       0.121,*0.465,0.413 
   249  2:neutral 3:positive   +   0.247,0.226,*0.527 
   250  2:neutral  2:neutral       0.062,*0.707,0.231 
   251  2:neutral  2:neutral       0.111,*0.551,0.338 
   252  2:neutral 3:positive   +   0.039,0.243,*0.718 
   253  2:neutral  2:neutral       0.162,*0.488,0.35 
   254  2:neutral  2:neutral       0.09,*0.77,0.139 
   255  2:neutral  2:neutral       0.051,*0.647,0.303 
   256  2:neutral  2:neutral       0.063,*0.526,0.412 
   257  2:neutral  2:neutral       0.106,*0.582,0.312 
   258  2:neutral  2:neutral       0.095,*0.788,0.117 
   259  2:neutral  2:neutral       0.116,*0.651,0.232 
   260  2:neutral  2:neutral       0.073,*0.845,0.082 
   261  2:neutral 3:positive   +   0.03,0.257,*0.713 
   262  2:neutral  2:neutral       0.095,*0.567,0.338 
   263  2:neutral 3:positive   +   0.071,0.361,*0.569 
   264  2:neutral  2:neutral       0.043,*0.852,0.105 
   265  2:neutral  2:neutral       0.13,*0.62,0.25 
   266  2:neutral  2:neutral       0.021,*0.83,0.149 
   267  2:neutral 3:positive   +   0.207,0.136,*0.656 
   268  2:neutral  2:neutral       0.056,*0.879,0.065 
   269  2:neutral  2:neutral       0.207,*0.477,0.315 
   270  2:neutral 3:positive   +   0.106,0.43,*0.465 
   271  2:neutral  2:neutral       0.263,*0.409,0.329 
   272  2:neutral  2:neutral       0.1,*0.648,0.252 
   273  2:neutral  2:neutral       0.273,*0.54,0.187 
   274  2:neutral  2:neutral       0.129,*0.452,0.42 
   275  2:neutral 3:positive   +   0.173,0.139,*0.689 
   276  2:neutral  2:neutral       0.056,*0.731,0.212 
   277  2:neutral 3:positive   +   0.027,0.372,*0.601 
   278  2:neutral  2:neutral       0.035,*0.542,0.422 
   279  2:neutral 3:positive   +   0.366,0.25,*0.384 
   280  2:neutral  2:neutral       0.027,*0.586,0.387 
   281  2:neutral 3:positive   +   0.026,0.441,*0.533 
   282  2:neutral  2:neutral       0.062,*0.847,0.091 
   283  2:neutral  2:neutral       0.227,*0.388,0.385 
   284  2:neutral 3:positive   +   0.076,0.321,*0.602 
   285  2:neutral  2:neutral       0.019,*0.793,0.188 
   286  2:neutral  2:neutral       0.087,*0.551,0.362 
   287  2:neutral  2:neutral       0.06,*0.802,0.138 
   288  2:neutral  2:neutral       0.147,*0.732,0.121 
   289  2:neutral  2:neutral       0.095,*0.533,0.372 
   290  2:neutral  2:neutral       0.009,*0.614,0.377 
   291  2:neutral  2:neutral       0.07,*0.668,0.262 
   292  2:neutral 1:negative   +   *0.683,0.171,0.146 
   293  2:neutral  2:neutral       0.087,*0.63,0.282 
   294  2:neutral 3:positive   +   0.092,0.206,*0.702 
   295  2:neutral  2:neutral       0.097,*0.835,0.068 
   296  2:neutral  2:neutral       0.087,*0.597,0.316 
   297  2:neutral 3:positive   +   0.212,0.208,*0.581 
   298  2:neutral  2:neutral       0.083,*0.612,0.305 
   299  2:neutral  2:neutral       0.221,*0.582,0.198 
   300  2:neutral  2:neutral       0.06,*0.873,0.067 
   301  2:neutral  2:neutral       0.087,*0.571,0.342 
   302  2:neutral  2:neutral       0.119,*0.628,0.253 
   303  2:neutral 3:positive   +   0.046,0.264,*0.69 
   304  2:neutral  2:neutral       0.083,*0.527,0.391 
   305  2:neutral  2:neutral       0.036,*0.865,0.099 
   306  2:neutral  2:neutral       0.071,*0.535,0.394 
   307  2:neutral  2:neutral       0.014,*0.912,0.074 
   308  2:neutral  2:neutral       0.091,*0.871,0.038 
   309  2:neutral 3:positive   +   0.012,0.134,*0.854 
   310  2:neutral  2:neutral       0.032,*0.955,0.013 
   311  2:neutral  2:neutral       0.155,*0.522,0.323 
   312  2:neutral  2:neutral       0.086,*0.709,0.205 
   313  2:neutral  2:neutral       0.084,*0.629,0.287 
   314  2:neutral  2:neutral       0.098,*0.799,0.103 
   315  2:neutral  2:neutral       0.055,*0.476,0.469 
   316  2:neutral 3:positive   +   0.033,0.175,*0.791 
   317  2:neutral  2:neutral       0.075,*0.678,0.248 
   318  2:neutral  2:neutral       0.104,*0.67,0.226 
   319  2:neutral  2:neutral       0.123,*0.473,0.404 
   320  2:neutral  2:neutral       0.138,*0.667,0.195 
   321  2:neutral  2:neutral       0.123,*0.72,0.158 
   322  2:neutral  2:neutral       0.065,*0.738,0.197 
   323  2:neutral  2:neutral       0.134,*0.602,0.264 
   324  2:neutral  2:neutral       0.069,*0.758,0.172 
   325  2:neutral  2:neutral       0.093,*0.641,0.266 
   326  2:neutral  2:neutral       0.062,*0.757,0.181 
   327  2:neutral 1:negative   +   *0.907,0.044,0.049 
   328  2:neutral 1:negative   +   *0.538,0.402,0.06 
   329  2:neutral  2:neutral       0.208,*0.644,0.147 
   330  2:neutral  2:neutral       0.027,*0.925,0.047 
   331  2:neutral  2:neutral       0.09,*0.548,0.362 
   332  2:neutral  2:neutral       0.112,*0.662,0.226 
   333  2:neutral  2:neutral       0.022,*0.774,0.203 
   334  2:neutral  2:neutral       0.287,*0.435,0.278 
   335  2:neutral 3:positive   +   0.044,0.283,*0.674 
   336  2:neutral  2:neutral       0.114,*0.487,0.399 
   337  2:neutral  2:neutral       0.038,*0.682,0.28 
   338  2:neutral 3:positive   +   0.115,0.381,*0.505 
   339  2:neutral  2:neutral       0.033,*0.756,0.211 
   340  2:neutral  2:neutral       0.302,*0.475,0.223 
   341  2:neutral 3:positive   +   0.065,0.397,*0.539 
   342  2:neutral  2:neutral       0.111,*0.47,0.419 
   343  2:neutral  2:neutral       0.118,*0.677,0.206 
   344  2:neutral  2:neutral       0.022,*0.805,0.173 
   345  2:neutral  2:neutral       0.025,*0.769,0.205 
   346  2:neutral  2:neutral       0.085,*0.609,0.306 
   347  2:neutral  2:neutral       0.106,*0.582,0.312 
   348  2:neutral 3:positive   +   0.255,0.352,*0.393 
   349  2:neutral  2:neutral       0.115,*0.635,0.25 
   350  2:neutral  2:neutral       0.039,*0.774,0.187 
   351  2:neutral  2:neutral       0.089,*0.511,0.4 
   352  2:neutral  2:neutral       0.015,*0.799,0.186 
   353  2:neutral  2:neutral       0.204,*0.653,0.143 
   354  2:neutral 1:negative   +   *0.797,0.08,0.122 
   355  2:neutral  2:neutral       0.088,*0.615,0.298 
   356  2:neutral 3:positive   +   0.176,0.242,*0.582 
   357  2:neutral  2:neutral       0.055,*0.491,0.454 
   358  2:neutral  2:neutral       0.148,*0.454,0.397 
   359  2:neutral  2:neutral       0.28,*0.624,0.097 
