Zero Weights processed. Default weights will be used
.
Warning: using -h 0 may be faster
*
optimization finished, #iter = 1555
C = 149.31763955777623
obj = 59170.114257047026, rho = 2.2506975472633
nSV = 2670, nBSV = 2205
Total nSV = 2670
.
Warning: using -h 0 may be faster
*
optimization finished, #iter = 1588
C = 141.96232987659863
obj = 54766.717594983136, rho = 2.700665490650504
nSV = 2691, nBSV = 2182
Total nSV = 2691
.
Warning: using -h 0 may be faster
*
optimization finished, #iter = 1605
C = 161.75633591001596
obj = 65589.46383691208, rho = 0.15055970943267183
nSV = 2692, nBSV = 2184
Total nSV = 2692
.
Warning: using -h 0 may be faster
*
optimization finished, #iter = 1621
C = 152.0269570003558
obj = 60010.79705867636, rho = 0.7422270169167928
nSV = 2689, nBSV = 2185
Total nSV = 2689
.
Warning: using -h 0 may be faster
*
optimization finished, #iter = 1651
C = 169.32140481585034
obj = 69127.51852811569, rho = 5.814653509793848
nSV = 2714, nBSV = 2164
Total nSV = 2714
.
Warning: using -h 0 may be faster
.
Warning: using -h 0 may be faster
*
optimization finished, #iter = 2047
C = 134.46663872581667
obj = 61536.60437712355, rho = 1.8660753913527175
nSV = 3331, nBSV = 2771
.
Warning: using -h 0 may be faster
...
Warning: using -h 0 may be faster
*
optimization finished, #iter = 4323
C = 799.6486812718884
obj = 713556.5844695676, rho = 13.423701850765692
nSV = 4908, nBSV = 2846
Total nSV = 4908
.
Warning: using -h 0 may be faster
...
Warning: using -h 0 may be faster
*
optimization finished, #iter = 4486
C = 858.1278862996763
obj = 786470.7044966468, rho = -47.67226978491303
nSV = 4943, nBSV = 2855
Total nSV = 4943
.
Warning: using -h 0 may be faster
...
Warning: using -h 0 may be faster
*
optimization finished, #iter = 4330
C = 820.4406082881258
obj = 745697.9922854215, rho = -38.969184998495244
nSV = 4921, nBSV = 2844
Total nSV = 4921
.
Warning: using -h 0 may be faster
...
Warning: using -h 0 may be faster
*
optimization finished, #iter = 4253
C = 800.574704823431
obj = 718012.8012916847, rho = -43.7525162611456
nSV = 4899, nBSV = 2870
Total nSV = 4899
.
Warning: using -h 0 may be faster
...
Warning: using -h 0 may be faster
*
optimization finished, #iter = 4498
C = 820.9197081922856
obj = 738531.8661576436, rho = -52.809411042636505
nSV = 4917, nBSV = 2846
Total nSV = 4917
.
Warning: using -h 0 may be faster
....
Warning: using -h 0 may be faster
*
optimization finished, #iter = 5606
C = 808.968788069937
obj = 837250.5793807853, rho = 9.345083795434801
nSV = 6023, nBSV = 3678
.
Warning: using -h 0 may be faster
*
optimization finished, #iter = 1592
C = 75.97348820599834
obj = 22411.445895668305, rho = -6.0694006795070745
nSV = 3029, nBSV = 2620
Total nSV = 3029
.
Warning: using -h 0 may be faster
*
optimization finished, #iter = 1647
C = 88.48321776197054
obj = 28870.2072526749, rho = -2.2384546334537845
nSV = 3033, nBSV = 2622
Total nSV = 3033
.
Warning: using -h 0 may be faster
*.
Warning: using -h 0 may be faster
*
optimization finished, #iter = 1743
C = 104.61640410961871
obj = 35435.790031816396, rho = -8.563944445583644
nSV = 3068, nBSV = 2580
Total nSV = 3068
.
Warning: using -h 0 may be faster
*
optimization finished, #iter = 1628
C = 87.91913359575254
obj = 27389.34770624353, rho = -6.871832580725232
nSV = 3050, nBSV = 2604
Total nSV = 3050
.
Warning: using -h 0 may be faster
*
optimization finished, #iter = 1684
C = 104.24268768248925
obj = 35885.12028002116, rho = -8.722600064169074
nSV = 3086, nBSV = 2579
Total nSV = 3086
.
Warning: using -h 0 may be faster
*
optimization finished, #iter = 1848
C = 79.02842156960324
obj = 29171.51348394446, rho = 5.248072731862191
nSV = 3752, nBSV = 3309
Total nSV = 8797
.
Warning: using -h 0 may be faster
*
optimization finished, #iter = 1353
C = 181.2105055147373
obj = 62925.248160734685, rho = 5.457470980816186
nSV = 2196, nBSV = 1714
Total nSV = 2196
.
Warning: using -h 0 may be faster
*
optimization finished, #iter = 1336
C = 173.284341101902
obj = 59511.095389304464, rho = 2.521794209336434
nSV = 2204, nBSV = 1713
Total nSV = 2204
.
Warning: using -h 0 may be faster
*
optimization finished, #iter = 1313
C = 150.14383194822912
obj = 49382.476885369215, rho = 6.651313204689435
nSV = 2151, nBSV = 1764
Total nSV = 2151
.
Warning: using -h 0 may be faster
*
optimization finished, #iter = 1334
C = 175.58626729722283
obj = 62142.00791516145, rho = 1.1890167907383598
nSV = 2184, nBSV = 1728
Total nSV = 2184
.
Warning: using -h 0 may be faster
*
optimization finished, #iter = 1322
C = 155.2439315249419
obj = 51451.222378243816, rho = 8.023735418361856
nSV = 2170, nBSV = 1744
Total nSV = 2170
.
Warning: using -h 0 may be faster
*
optimization finished, #iter = 1610
C = 149.26487368015083
obj = 59174.7911272524, rho = 5.415863788367849
nSV = 2674, nBSV = 2200
...
Warning: using -h 0 may be faster
*
optimization finished, #iter = 3589
C = 767.7917980427242
obj = 598410.9015831244, rho = -54.68519167106093
nSV = 4001, nBSV = 2211
Total nSV = 4001
...
Warning: using -h 0 may be faster
*
optimization finished, #iter = 3621
C = 838.429942362933
obj = 635431.8639696457, rho = 13.868650597521942
nSV = 4045, nBSV = 2192
Total nSV = 4045
...
Warning: using -h 0 may be faster
*
optimization finished, #iter = 3386
C = 851.3475483544626
obj = 685493.1587428955, rho = 12.970673607029687
nSV = 3997, nBSV = 2217
Total nSV = 3997
...
Warning: using -h 0 may be faster
*
optimization finished, #iter = 3444
C = 789.5799743939613
obj = 605671.474136027, rho = 26.330615483235196
nSV = 3967, nBSV = 2240
Total nSV = 3967
...
Warning: using -h 0 may be faster
*
optimization finished, #iter = 3393
C = 839.8390617365292
obj = 651503.3421663004, rho = 0.43457968450575724
nSV = 4018, nBSV = 2220
Total nSV = 4018
.
Warning: using -h 0 may be faster
...
Warning: using -h 0 may be faster
*
optimization finished, #iter = 4341
C = 798.9433877846374
obj = 711882.2455414449, rho = 20.05791361821175
nSV = 4929, nBSV = 2864
.
Warning: using -h 0 may be faster
*
optimization finished, #iter = 1306
C = 96.70738042030176
obj = 26835.72619000497, rho = -4.278062143100719
nSV = 2445, nBSV = 2066
Total nSV = 2445
.
Warning: using -h 0 may be faster
*
optimization finished, #iter = 1309
C = 105.53049145497837
obj = 30448.028869684626, rho = -6.77279575355613
nSV = 2460, nBSV = 2069
Total nSV = 2460
.
Warning: using -h 0 may be faster
*
optimization finished, #iter = 1399
C = 114.67752852054973
obj = 34169.7306580591, rho = -7.917323754854254
nSV = 2485, nBSV = 2035
Total nSV = 2485
.
Warning: using -h 0 may be faster
*
optimization finished, #iter = 1300
C = 109.42619794388287
obj = 32083.430588168678, rho = -8.811726628443877
nSV = 2468, nBSV = 2048
Total nSV = 2468
.
Warning: using -h 0 may be faster
*
optimization finished, #iter = 1361
C = 118.41649025789779
obj = 35582.44046219541, rho = -6.144631809180176
nSV = 2481, nBSV = 2028
Total nSV = 2481
.
Warning: using -h 0 may be faster
*
optimization finished, #iter = 1557
C = 95.24376179023106
obj = 31800.199768878854, rho = 5.7811463352983425
nSV = 3049, nBSV = 2611
Total nSV = 7157
.
Warning: using -h 0 may be faster
*
optimization finished, #iter = 1408
C = 185.15077340439032
obj = 65089.50065212381, rho = 4.789684196143899
nSV = 2184, nBSV = 1723
Total nSV = 2184
.
Warning: using -h 0 may be faster
*
optimization finished, #iter = 1350
C = 177.88465404681662
obj = 60516.766902544645, rho = -4.183130425911738
nSV = 2183, nBSV = 1713
Total nSV = 2183
.
Warning: using -h 0 may be faster
*
optimization finished, #iter = 1395
C = 181.11161493892507
obj = 61174.628684443385, rho = -4.659864505060816
nSV = 2191, nBSV = 1718
Total nSV = 2191
.
Warning: using -h 0 may be faster
*
optimization finished, #iter = 1337
C = 175.6824158949579
obj = 60735.32507243778, rho = -1.0880788319739232
nSV = 2190, nBSV = 1698
Total nSV = 2190
.
Warning: using -h 0 may be faster
*
optimization finished, #iter = 1353
C = 162.89581733467284
obj = 54802.7928109955, rho = -2.94617101984168
nSV = 2184, nBSV = 1713
Total nSV = 2184
.
Warning: using -h 0 may be faster
*
optimization finished, #iter = 1627
C = 156.71281160145983
obj = 62038.08702949923, rho = 1.9356561243931265
nSV = 2696, nBSV = 2198
...
Warning: using -h 0 may be faster
*
optimization finished, #iter = 3634
C = 798.4941602225725
obj = 619867.059765545, rho = 8.690109889353012
nSV = 3999, nBSV = 2202
Total nSV = 3999
...
Warning: using -h 0 may be faster
*
optimization finished, #iter = 3614
C = 790.9113840177101
obj = 617110.2570276563, rho = 11.24766796360245
nSV = 3990, nBSV = 2254
Total nSV = 3990
...
Warning: using -h 0 may be faster
*
optimization finished, #iter = 3648
C = 814.9637196207212
obj = 626685.409540203, rho = 14.857447967210208
nSV = 4036, nBSV = 2202
Total nSV = 4036
.
Warning: using -h 0 may be faster
..
Warning: using -h 0 may be faster
*
optimization finished, #iter = 3578
C = 840.8559834514851
obj = 652581.030306574, rho = 8.377685516344167
nSV = 4052, nBSV = 2193
Total nSV = 4052
...
Warning: using -h 0 may be faster
*
optimization finished, #iter = 3595
C = 777.0364651844959
obj = 608946.4162313318, rho = 7.038258376748845
nSV = 4013, nBSV = 2164
Total nSV = 4013
.
Warning: using -h 0 may be faster
...
Warning: using -h 0 may be faster
*
optimization finished, #iter = 4302
C = 781.8085622472528
obj = 697500.2503049945, rho = 2.121837657960044
nSV = 4899, nBSV = 2859
.
Warning: using -h 0 may be faster
*
optimization finished, #iter = 1454
C = 118.530495212201
obj = 34904.143439240375, rho = -7.277368855682293
nSV = 2504, nBSV = 2038
Total nSV = 2504
.
Warning: using -h 0 may be faster
*
optimization finished, #iter = 1334
C = 110.61665379326597
obj = 32120.602148146776, rho = -6.7368082640310964
nSV = 2466, nBSV = 2062
Total nSV = 2466
.
Warning: using -h 0 may be faster
*
optimization finished, #iter = 1326
C = 103.64458093098412
obj = 28744.264328251364, rho = -9.22070613623022
nSV = 2457, nBSV = 2068
Total nSV = 2457
.
Warning: using -h 0 may be faster
*
optimization finished, #iter = 1292
C = 93.34352090304704
obj = 25150.559510783023, rho = -6.630429461688989
nSV = 2440, nBSV = 2080
Total nSV = 2440
.
Warning: using -h 0 may be faster
*
optimization finished, #iter = 1426
C = 113.54397042209744
obj = 31867.35561176204, rho = -8.586497369720906
nSV = 2509, nBSV = 2041
Total nSV = 2509
.
Warning: using -h 0 may be faster
*
optimization finished, #iter = 1627
C = 94.41246924713099
obj = 30698.102857841204, rho = 7.0815555442098574
nSV = 3055, nBSV = 2593
Total nSV = 7129
...
Warning: using -h 0 may be faster
*
optimization finished, #iter = 3775
C = 852.7753010448628
obj = 659776.1923280614, rho = 17.276911731808774
nSV = 4064, nBSV = 2182
Total nSV = 4064
...
Warning: using -h 0 may be faster
*
optimization finished, #iter = 3563
C = 883.9265121906469
obj = 699385.7752630505, rho = -52.338965965494985
nSV = 4040, nBSV = 2197
Total nSV = 4040
.
Warning: using -h 0 may be faster
..
Warning: using -h 0 may be faster
*
optimization finished, #iter = 3801
C = 892.9129035178387
obj = 706686.6316744316, rho = -46.756920756652335
nSV = 4052, nBSV = 2168
Total nSV = 4052
.
Warning: using -h 0 may be faster
..
Warning: using -h 0 may be faster
*
optimization finished, #iter = 3577
C = 825.1841421412275
obj = 655958.9382304728, rho = -54.71575052218468
nSV = 4013, nBSV = 2190
Total nSV = 4013
.
Warning: using -h 0 may be faster
..
Warning: using -h 0 may be faster
*
optimization finished, #iter = 3712
C = 864.3213781483105
obj = 678869.7390708782, rho = -54.10395654484131
nSV = 4052, nBSV = 2199
Total nSV = 4052
.
Warning: using -h 0 may be faster
...
Warning: using -h 0 may be faster
*
optimization finished, #iter = 4602
C = 851.2465949629683
obj = 775664.5359245024, rho = -54.33285352593808
nSV = 4972, nBSV = 2786
.
Warning: using -h 0 may be faster
*
optimization finished, #iter = 1476
C = 152.21548534954377
obj = 50472.786784412216, rho = -8.264160550115385
nSV = 2550, nBSV = 2006
Total nSV = 2550
.
Warning: using -h 0 may be faster
*
optimization finished, #iter = 1443
C = 120.73677882070903
obj = 35574.025689805574, rho = -10.661209035630485
nSV = 2499, nBSV = 2027
Total nSV = 2499
.
Warning: using -h 0 may be faster
*
optimization finished, #iter = 1383
C = 118.63783136427838
obj = 34689.526645643324, rho = -8.45121786550465
nSV = 2493, nBSV = 2029
Total nSV = 2493
.
Warning: using -h 0 may be faster
*
optimization finished, #iter = 1457
C = 116.01248161573591
obj = 33290.70365148153, rho = -8.32365737753064
nSV = 2495, nBSV = 2036
Total nSV = 2495
.
Warning: using -h 0 may be faster
*
optimization finished, #iter = 1396
C = 115.23962359176363
obj = 32246.861738992262, rho = -6.7659702632617655
nSV = 2500, nBSV = 2044
Total nSV = 2500
.
Warning: using -h 0 may be faster
*
optimization finished, #iter = 1731
C = 110.45765423684557
obj = 37843.08473427418, rho = -10.209862361366183
nSV = 3095, nBSV = 2564
.
Warning: using -h 0 may be faster
*
optimization finished, #iter = 1370
C = 193.38126186602733
obj = 69085.74121410602, rho = -2.6972577756095455
nSV = 2202, nBSV = 1705
Total nSV = 2202
.
Warning: using -h 0 may be faster
*
optimization finished, #iter = 1371
C = 158.47040588176645
obj = 52137.801369093344, rho = 0.16727089427008973
nSV = 2176, nBSV = 1741
Total nSV = 2176
.
Warning: using -h 0 may be faster
*
optimization finished, #iter = 1446
C = 228.35953811710462
obj = 87284.4071794679, rho = 1.8611099302960332
nSV = 2226, nBSV = 1670
Total nSV = 2226
.
Warning: using -h 0 may be faster
*
optimization finished, #iter = 1335
C = 178.38016070048715
obj = 62022.20933426413, rho = 1.458628685312483
nSV = 2193, nBSV = 1700
Total nSV = 2193
.
Warning: using -h 0 may be faster
*
optimization finished, #iter = 1338
C = 186.00762730321122
obj = 65849.74360734838, rho = 0.1905468804601481
nSV = 2185, nBSV = 1713
Total nSV = 2185
.
Warning: using -h 0 may be faster
*
optimization finished, #iter = 1683
C = 167.44080885806946
obj = 68990.13936710307, rho = 0.3186944933879911
nSV = 2715, nBSV = 2170
Total nSV = 7224
.
Warning: using -h 0 may be faster
*
optimization finished, #iter = 1349
C = 180.46265580815933
obj = 63009.22553726537, rho = -4.72661436009512
nSV = 2188, nBSV = 1715
Total nSV = 2188
.
Warning: using -h 0 may be faster
*
optimization finished, #iter = 1359
C = 172.90719635250008
obj = 58934.64342778565, rho = 2.610871257919764
nSV = 2183, nBSV = 1721
Total nSV = 2183
.
Warning: using -h 0 may be faster
*
optimization finished, #iter = 1316
C = 177.1651032412178
obj = 60755.902747239365, rho = 5.518468772524722
nSV = 2193, nBSV = 1720
Total nSV = 2193
.
Warning: using -h 0 may be faster
*
optimization finished, #iter = 1258
C = 172.10551157328158
obj = 56937.375589488234, rho = 4.243571449494195
nSV = 2168, nBSV = 1753
Total nSV = 2168
.
Warning: using -h 0 may be faster
*
optimization finished, #iter = 1280
C = 173.72991299993487
obj = 60182.671296650085, rho = 3.20802271839511
nSV = 2178, nBSV = 1719
Total nSV = 2178
.
Warning: using -h 0 may be faster
*
optimization finished, #iter = 1631
C = 155.9007358178554
obj = 61654.58795839199, rho = -6.4990681119898275
nSV = 2668, nBSV = 2192
.
Warning: using -h 0 may be faster
*
optimization finished, #iter = 1485
C = 127.31635510056199
obj = 38795.77369850654, rho = -5.433032673622389
nSV = 2491, nBSV = 2011
Total nSV = 2491
.
Warning: using -h 0 may be faster
*
optimization finished, #iter = 1268
C = 99.34162143050034
obj = 27465.47227195464, rho = -5.3155252264739
nSV = 2448, nBSV = 2074
Total nSV = 2448
.
Warning: using -h 0 may be faster
*
optimization finished, #iter = 1401
C = 124.8773774971984
obj = 38006.60533837028, rho = -7.746910437166934
nSV = 2497, nBSV = 2038
Total nSV = 2497
.
Warning: using -h 0 may be faster
*
optimization finished, #iter = 1223
C = 70.12697033669656
obj = 16323.198956856844, rho = -3.5377403590497085
nSV = 2431, nBSV = 2099
Total nSV = 2431
.
Warning: using -h 0 may be faster
*
optimization finished, #iter = 1179
C = 67.93428485487783
obj = 15254.06589670583, rho = -0.4749931613933653
nSV = 2401, nBSV = 2107
Total nSV = 2401
.
Warning: using -h 0 may be faster
*
optimization finished, #iter = 1502
C = 82.84209204024995
obj = 25180.68342114431, rho = 2.9162282764939684
nSV = 3036, nBSV = 2628
...
Warning: using -h 0 may be faster
*
optimization finished, #iter = 3508
C = 770.7283045238051
obj = 595336.701754777, rho = 21.761726591943148
nSV = 3968, nBSV = 2248
Total nSV = 3968
...
Warning: using -h 0 may be faster
*
optimization finished, #iter = 3490
C = 863.144658958522
obj = 689044.6888420477, rho = 6.974797598187016
nSV = 4013, nBSV = 2216
Total nSV = 4013
...
Warning: using -h 0 may be faster
*
optimization finished, #iter = 3690
C = 781.000403151109
obj = 596330.1162455495, rho = 3.9463701640779463
nSV = 4030, nBSV = 2247
Total nSV = 4030
...
Warning: using -h 0 may be faster
*
optimization finished, #iter = 3555
C = 792.8332656996413
obj = 620161.725479073, rho = 4.581544569894144
nSV = 3995, nBSV = 2215
Total nSV = 3995
...
Warning: using -h 0 may be faster
*
optimization finished, #iter = 3623
C = 781.0267889775391
obj = 595074.0672848333, rho = -8.734150418414183
nSV = 3978, nBSV = 2245
Total nSV = 3978
.
Warning: using -h 0 may be faster
...
Warning: using -h 0 may be faster
*
optimization finished, #iter = 4390
C = 772.3306856516169
obj = 679975.569311434, rho = 6.6705803332662015
nSV = 4878, nBSV = 2871
Total nSV = 7093
.
Warning: using -h 0 may be faster
*
optimization finished, #iter = 1277
C = 89.17622205494112
obj = 23554.734840731235, rho = -4.101073883738519
nSV = 2452, nBSV = 2094
Total nSV = 2452
.
Warning: using -h 0 may be faster
*
optimization finished, #iter = 1185
C = 77.99210304631691
obj = 19427.829281545277, rho = -3.301423090147344
nSV = 2400, nBSV = 2109
Total nSV = 2400
.
Warning: using -h 0 may be faster
*
optimization finished, #iter = 1241
C = 86.54774863829036
obj = 22446.586885712484, rho = -4.154730232946233
nSV = 2439, nBSV = 2092
Total nSV = 2439
.
Warning: using -h 0 may be faster
*
optimization finished, #iter = 1187
C = 72.0498048351252
obj = 17190.35293671909, rho = 0.14140243399720123
nSV = 2420, nBSV = 2114
Total nSV = 2420
.
Warning: using -h 0 may be faster
*
optimization finished, #iter = 1381
C = 111.47578684381573
obj = 32114.424848068935, rho = -6.639670941156971
nSV = 2472, nBSV = 2056
Total nSV = 2472
.
Warning: using -h 0 may be faster
*
optimization finished, #iter = 1494
C = 75.25653970119927
obj = 22546.040007291373, rho = 2.9338740867819473
nSV = 3012, nBSV = 2633
.
Warning: using -h 0 may be faster
*
optimization finished, #iter = 1289
C = 160.48018832108258
obj = 52070.994130660394, rho = -1.4622398369558605
nSV = 2167, nBSV = 1744
Total nSV = 2167
.
Warning: using -h 0 may be faster
*
optimization finished, #iter = 1358
C = 170.40990131497003
obj = 57272.517263174625, rho = 3.9086490585616995
nSV = 2179, nBSV = 1726
Total nSV = 2179
.
Warning: using -h 0 may be faster
*
optimization finished, #iter = 1336
C = 157.0622375693403
obj = 50961.16962179684, rho = -1.9078271466096621
nSV = 2174, nBSV = 1720
Total nSV = 2174
.
Warning: using -h 0 may be faster
*
optimization finished, #iter = 1324
C = 180.05595670169143
obj = 62322.00663999728, rho = 2.347651108227549
nSV = 2185, nBSV = 1715
Total nSV = 2185
.
Warning: using -h 0 may be faster
*
optimization finished, #iter = 1300
C = 147.8161099263247
obj = 46349.06932587429, rho = 0.9422077841617121
nSV = 2167, nBSV = 1738
Total nSV = 2167
.
Warning: using -h 0 may be faster
*
optimization finished, #iter = 1641
C = 144.02557165379656
obj = 54963.81404614756, rho = -2.8006331749212765
nSV = 2678, nBSV = 2175
.
Warning: using -h 0 may be faster
..
Warning: using -h 0 may be faster
*
optimization finished, #iter = 3616
C = 910.8390185230106
obj = 737353.6033071398, rho = -24.498220544832016
nSV = 4050, nBSV = 2185
Total nSV = 4050
...
Warning: using -h 0 may be faster
*
optimization finished, #iter = 3607
C = 814.7896241760243
obj = 633070.3077835522, rho = -42.81350198562287
nSV = 4002, nBSV = 2212
Total nSV = 4002
...
Warning: using -h 0 may be faster
*
optimization finished, #iter = 3366
C = 870.4190545034354
obj = 697283.8545843262, rho = -34.202346348179454
nSV = 4029, nBSV = 2225
Total nSV = 4029
...
Warning: using -h 0 may be faster
*
optimization finished, #iter = 3665
C = 812.0656030954027
obj = 630884.5811377387, rho = -27.275434394668405
nSV = 4039, nBSV = 2192
Total nSV = 4039
...
Warning: using -h 0 may be faster
*
optimization finished, #iter = 3501
C = 891.3036996019792
obj = 712132.837053641, rho = -37.79844600984214
nSV = 4054, nBSV = 2189
Total nSV = 4054
.
Warning: using -h 0 may be faster
...
Warning: using -h 0 may be faster
*
optimization finished, #iter = 4329
C = 844.7189303924815
obj = 770720.1594094659, rho = -34.07716501018148
nSV = 4956, nBSV = 2839
Total nSV = 7155


=== Predictions under cross-validation ===

 inst#     actual  predicted error distribution
     1  2:neutral  2:neutral       0.072,*0.597,0.331 
     2  2:neutral  2:neutral       0.039,*0.846,0.115 
     3  2:neutral 3:positive   +   0.038,0.245,*0.717 
     4  2:neutral  2:neutral       0.088,*0.558,0.355 
     5  2:neutral  2:neutral       0.055,*0.73,0.214 
     6  2:neutral  2:neutral       0.47,*0.482,0.048 
     7  2:neutral  2:neutral       0.129,*0.457,0.415 
     8  2:neutral  2:neutral       0.071,*0.799,0.131 
     9  2:neutral  2:neutral       0.093,*0.633,0.274 
    10  2:neutral 1:negative   +   *0.654,0.244,0.102 
    11  2:neutral 3:positive   +   0.037,0.306,*0.657 
    12  2:neutral  2:neutral       0.038,*0.776,0.186 
    13  2:neutral  2:neutral       0.019,*0.824,0.157 
    14  2:neutral  2:neutral       0.026,*0.645,0.33 
    15  2:neutral 1:negative   +   *0.459,0.346,0.195 
    16  2:neutral  2:neutral       0.013,*0.562,0.424 
    17  2:neutral 3:positive   +   0.323,0.317,*0.36 
    18  2:neutral  2:neutral       0.158,*0.476,0.366 
    19  2:neutral  2:neutral       0.145,*0.725,0.13 
    20  2:neutral  2:neutral       0.071,*0.851,0.078 
    21  2:neutral 1:negative   +   *0.48,0.186,0.334 
    22  2:neutral  2:neutral       0.076,*0.574,0.35 
    23  2:neutral  2:neutral       0.065,*0.737,0.198 
    24  2:neutral  2:neutral       0.06,*0.82,0.12 
    25  2:neutral  2:neutral       0.07,*0.692,0.238 
    26  2:neutral 3:positive   +   0.119,0.342,*0.539 
    27  2:neutral  2:neutral       0.013,*0.889,0.098 
    28  2:neutral 1:negative   +   *0.748,0.191,0.061 
    29  2:neutral  2:neutral       0.026,*0.693,0.281 
    30  2:neutral  2:neutral       0.053,*0.525,0.422 
    31  2:neutral  2:neutral       0.416,*0.516,0.068 
    32  2:neutral 1:negative   +   *0.936,0.05,0.014 
    33  2:neutral  2:neutral       0.036,*0.818,0.146 
    34  2:neutral  2:neutral       0.094,*0.723,0.184 
    35  2:neutral  2:neutral       0.174,*0.755,0.071 
    36  2:neutral  2:neutral       0.043,*0.545,0.412 
    37  2:neutral  2:neutral       0.215,*0.587,0.198 
    38  2:neutral  2:neutral       0.101,*0.675,0.224 
    39  2:neutral  2:neutral       0.04,*0.771,0.189 
    40  2:neutral  2:neutral       0.025,*0.657,0.318 
    41  2:neutral  2:neutral       0.065,*0.81,0.126 
    42  2:neutral  2:neutral       0.045,*0.784,0.171 
    43  2:neutral 3:positive   +   0.149,0.075,*0.776 
    44  2:neutral  2:neutral       0.106,*0.571,0.324 
    45  2:neutral  2:neutral       0.026,*0.858,0.116 
    46  2:neutral  2:neutral       0.013,*0.784,0.203 
    47  2:neutral  2:neutral       0.049,*0.558,0.392 
    48  2:neutral 3:positive   +   0.021,0.078,*0.901 
    49  2:neutral  2:neutral       0.088,*0.803,0.108 
    50  2:neutral  2:neutral       0.029,*0.797,0.174 
    51  2:neutral  2:neutral       0.078,*0.845,0.076 
    52  2:neutral  2:neutral       0.33,*0.47,0.2 
    53  2:neutral  2:neutral       0.353,*0.382,0.264 
    54  2:neutral  2:neutral       0.095,*0.593,0.312 
    55  2:neutral  2:neutral       0.032,*0.84,0.127 
    56  2:neutral  2:neutral       0.026,*0.93,0.044 
    57  2:neutral  2:neutral       0.136,*0.653,0.211 
    58  2:neutral  2:neutral       0.067,*0.655,0.278 
    59  2:neutral  2:neutral       0.093,*0.649,0.258 
    60  2:neutral  2:neutral       0.144,*0.67,0.186 
    61  2:neutral  2:neutral       0.055,*0.754,0.192 
    62  2:neutral  2:neutral       0.071,*0.689,0.24 
    63  2:neutral  2:neutral       0.021,*0.727,0.252 
    64  2:neutral  2:neutral       0.305,*0.39,0.305 
    65  2:neutral  2:neutral       0.187,*0.736,0.077 
    66  2:neutral 3:positive   +   0.013,0.227,*0.761 
    67  2:neutral 3:positive   +   0.034,0.428,*0.538 
    68  2:neutral  2:neutral       0.24,*0.454,0.306 
    69  2:neutral 3:positive   +   0.032,0.282,*0.685 
    70  2:neutral  2:neutral       0.052,*0.481,0.468 
    71  2:neutral  2:neutral       0.127,*0.73,0.144 
    72  2:neutral 3:positive   +   0.03,0.107,*0.863 
    73  2:neutral  2:neutral       0.185,*0.489,0.326 
    74  2:neutral  2:neutral       0.092,*0.455,0.453 
    75  2:neutral  2:neutral       0.033,*0.806,0.161 
    76  2:neutral  2:neutral       0.062,*0.578,0.36 
    77  2:neutral  2:neutral       0.183,*0.445,0.372 
    78  2:neutral  2:neutral       0.047,*0.758,0.195 
    79  2:neutral  2:neutral       0.18,*0.7,0.12 
    80  2:neutral  2:neutral       0.065,*0.836,0.099 
    81  2:neutral  2:neutral       0.343,*0.384,0.273 
    82  2:neutral  2:neutral       0.129,*0.812,0.059 
    83  2:neutral 1:negative   +   *0.522,0.103,0.375 
    84  2:neutral 3:positive   +   0.035,0.22,*0.746 
    85  2:neutral  2:neutral       0.182,*0.585,0.233 
    86  2:neutral  2:neutral       0.083,*0.815,0.102 
    87  2:neutral  2:neutral       0.013,*0.602,0.385 
    88  2:neutral  2:neutral       0.033,*0.702,0.265 
    89  2:neutral  2:neutral       0.252,*0.495,0.253 
    90  2:neutral  2:neutral       0.044,*0.808,0.148 
    91  2:neutral  2:neutral       0.071,*0.604,0.325 
    92  2:neutral  2:neutral       0.107,*0.711,0.181 
    93  2:neutral  2:neutral       0.101,*0.64,0.26 
    94  2:neutral  2:neutral       0.054,*0.574,0.372 
    95  2:neutral 3:positive   +   0.16,0.414,*0.426 
    96  2:neutral  2:neutral       0.107,*0.768,0.125 
    97  2:neutral  2:neutral       0.089,*0.716,0.195 
    98  2:neutral 3:positive   +   0.087,0.296,*0.617 
    99  2:neutral  2:neutral       0.052,*0.809,0.14 
   100  2:neutral  2:neutral       0.103,*0.715,0.182 
   101  2:neutral 3:positive   +   0.266,0.355,*0.379 
   102  2:neutral 3:positive   +   0.046,0.187,*0.768 
   103  2:neutral  2:neutral       0.041,*0.783,0.175 
   104  2:neutral  2:neutral       0.183,*0.559,0.258 
   105  2:neutral  2:neutral       0.081,*0.654,0.266 
   106  2:neutral 3:positive   +   0.144,0.261,*0.595 
   107  2:neutral  2:neutral       0.085,*0.686,0.229 
   108  2:neutral  2:neutral       0.052,*0.875,0.073 
   109  2:neutral  2:neutral       0.017,*0.89,0.093 
   110  2:neutral  2:neutral       0.091,*0.708,0.201 
   111  2:neutral  2:neutral       0.071,*0.555,0.374 
   112  2:neutral  2:neutral       0.014,*0.903,0.082 
   113  2:neutral  2:neutral       0.045,*0.655,0.3 
   114  2:neutral 3:positive   +   0.052,0.244,*0.705 
   115  2:neutral  2:neutral       0.05,*0.685,0.265 
   116  2:neutral  2:neutral       0.408,*0.484,0.108 
   117  2:neutral  2:neutral       0.043,*0.906,0.051 
   118  2:neutral  2:neutral       0.135,*0.54,0.324 
   119  2:neutral  2:neutral       0.03,*0.858,0.112 
   120  2:neutral 3:positive   +   0.082,0.26,*0.657 
   121  2:neutral  2:neutral       0.046,*0.489,0.465 
   122  2:neutral 3:positive   +   0.138,0.326,*0.536 
   123  2:neutral  2:neutral       0.079,*0.84,0.081 
   124  2:neutral  2:neutral       0.107,*0.695,0.198 
   125  2:neutral  2:neutral       0.052,*0.794,0.153 
   126  2:neutral 3:positive   +   0.036,0.472,*0.492 
   127  2:neutral  2:neutral       0.034,*0.813,0.153 
   128  2:neutral 3:positive   +   0.044,0.399,*0.557 
   129  2:neutral  2:neutral       0.136,*0.669,0.195 
   130  2:neutral  2:neutral       0.093,*0.686,0.221 
   131  2:neutral 3:positive   +   0.137,0.326,*0.537 
   132  2:neutral  2:neutral       0.055,*0.755,0.19 
   133  2:neutral  2:neutral       0.05,*0.885,0.065 
   134  2:neutral  2:neutral       0.043,*0.767,0.19 
   135  2:neutral  2:neutral       0.028,*0.708,0.264 
   136  2:neutral  2:neutral       0.011,*0.792,0.197 
   137  2:neutral  2:neutral       0.071,*0.75,0.179 
   138  2:neutral 3:positive   +   0.028,0.334,*0.639 
   139  2:neutral  2:neutral       0.186,*0.576,0.238 
   140  2:neutral  2:neutral       0.058,*0.713,0.229 
   141  2:neutral  2:neutral       0.043,*0.742,0.215 
   142  2:neutral  2:neutral       0.091,*0.728,0.18 
   143  2:neutral 3:positive   +   0.169,0.405,*0.426 
   144  2:neutral  2:neutral       0.143,*0.751,0.106 
   145  2:neutral 3:positive   +   0.179,0.399,*0.422 
   146  2:neutral  2:neutral       0.098,*0.745,0.157 
   147  2:neutral  2:neutral       0.034,*0.772,0.194 
   148  2:neutral  2:neutral       0.082,*0.792,0.126 
   149  2:neutral 3:positive   +   0.144,0.28,*0.576 
   150  2:neutral  2:neutral       0.073,*0.787,0.14 
   151  2:neutral  2:neutral       0.088,*0.715,0.197 
   152  2:neutral  2:neutral       0.038,*0.895,0.067 
   153  2:neutral  2:neutral       0.041,*0.842,0.118 
   154  2:neutral  2:neutral       0.229,*0.629,0.142 
   155  2:neutral 3:positive   +   0.089,0.277,*0.635 
   156  2:neutral  2:neutral       0.051,*0.577,0.372 
   157  2:neutral  2:neutral       0.073,*0.651,0.276 
   158  2:neutral  2:neutral       0.032,*0.851,0.117 
   159  2:neutral  2:neutral       0.16,*0.773,0.067 
   160  2:neutral  2:neutral       0.022,*0.606,0.372 
   161  2:neutral  2:neutral       0.161,*0.503,0.336 
   162  2:neutral  2:neutral       0.032,*0.853,0.115 
   163  2:neutral  2:neutral       0.048,*0.57,0.382 
   164  2:neutral  2:neutral       0.095,*0.64,0.266 
   165  2:neutral  2:neutral       0.095,*0.831,0.074 
   166  2:neutral  2:neutral       0.068,*0.684,0.248 
   167  2:neutral  2:neutral       0.055,*0.75,0.194 
   168  2:neutral  2:neutral       0.043,*0.66,0.297 
   169  2:neutral  2:neutral       0.106,*0.549,0.345 
   170  2:neutral  2:neutral       0.043,*0.747,0.21 
   171  2:neutral  2:neutral       0.049,*0.601,0.35 
   172  2:neutral 1:negative   +   *0.438,0.389,0.173 
   173  2:neutral 1:negative   +   *0.909,0.067,0.024 
   174  2:neutral  2:neutral       0.091,*0.537,0.372 
   175  2:neutral  2:neutral       0.072,*0.737,0.191 
   176  2:neutral  2:neutral       0.229,*0.609,0.161 
   177  2:neutral  2:neutral       0.049,*0.784,0.167 
   178  2:neutral  2:neutral       0.17,*0.635,0.194 
   179  2:neutral  2:neutral       0.06,*0.789,0.151 
   180  2:neutral  2:neutral       0.062,*0.775,0.163 
   181  2:neutral  2:neutral       0.083,*0.825,0.093 
   182  2:neutral 1:negative   +   *0.83,0.151,0.018 
   183  2:neutral  2:neutral       0.088,*0.669,0.243 
   184  2:neutral 3:positive   +   0.051,0.392,*0.556 
   185  2:neutral  2:neutral       0.059,*0.566,0.375 
   186  2:neutral  2:neutral       0.019,*0.729,0.252 
   187  2:neutral  2:neutral       0.052,*0.502,0.446 
   188  2:neutral 3:positive   +   0.047,0.445,*0.507 
   189  2:neutral  2:neutral       0.2,*0.674,0.126 
   190  2:neutral  2:neutral       0.278,*0.622,0.099 
   191  2:neutral  2:neutral       0.052,*0.863,0.085 
   192  2:neutral  2:neutral       0.055,*0.786,0.159 
   193  2:neutral  2:neutral       0.013,*0.702,0.285 
   194  2:neutral  2:neutral       0.059,*0.822,0.119 
   195  2:neutral  2:neutral       0.045,*0.583,0.373 
   196  2:neutral  2:neutral       0.406,*0.507,0.087 
   197  2:neutral  2:neutral       0.06,*0.636,0.304 
   198  2:neutral  2:neutral       0.285,*0.507,0.208 
   199  2:neutral 3:positive   +   0.078,0.261,*0.661 
   200  2:neutral  2:neutral       0.06,*0.646,0.294 
   201  2:neutral  2:neutral       0.138,*0.762,0.1 
   202  2:neutral  2:neutral       0.111,*0.646,0.243 
   203  2:neutral  2:neutral       0.052,*0.526,0.421 
   204  2:neutral  2:neutral       0.043,*0.902,0.056 
   205  2:neutral  2:neutral       0.026,*0.725,0.248 
   206  2:neutral  2:neutral       0.109,*0.646,0.245 
   207  2:neutral  2:neutral       0.039,*0.485,0.475 
   208  2:neutral  2:neutral       0.049,*0.865,0.086 
   209  2:neutral  2:neutral       0.025,*0.898,0.077 
   210  2:neutral 1:negative   +   *0.405,0.272,0.323 
   211  2:neutral  2:neutral       0.024,*0.679,0.297 
   212  2:neutral  2:neutral       0.042,*0.807,0.152 
   213  2:neutral  2:neutral       0.107,*0.649,0.244 
   214  2:neutral  2:neutral       0.056,*0.79,0.154 
   215  2:neutral 1:negative   +   *0.566,0.366,0.068 
   216  2:neutral  2:neutral       0.074,*0.649,0.277 
   217  2:neutral  2:neutral       0.049,*0.849,0.102 
   218  2:neutral  2:neutral       0.283,*0.43,0.287 
   219  2:neutral  2:neutral       0.139,*0.749,0.112 
   220  2:neutral  2:neutral       0.083,*0.76,0.158 
   221  2:neutral 1:negative   +   *0.565,0.27,0.165 
   222  2:neutral 3:positive   +   0.12,0.381,*0.499 
   223  2:neutral  2:neutral       0.029,*0.628,0.343 
   224  2:neutral  2:neutral       0.078,*0.744,0.178 
   225  2:neutral  2:neutral       0.087,*0.759,0.154 
   226  2:neutral  2:neutral       0.074,*0.722,0.204 
   227  2:neutral  2:neutral       0.035,*0.739,0.226 
   228  2:neutral 3:positive   +   0.061,0.311,*0.629 
   229  2:neutral  2:neutral       0.019,*0.72,0.261 
   230  2:neutral  2:neutral       0.318,*0.393,0.289 
   231  2:neutral  2:neutral       0.096,*0.635,0.269 
   232  2:neutral  2:neutral       0.401,*0.442,0.157 
   233  2:neutral  2:neutral       0.177,*0.583,0.241 
   234  2:neutral  2:neutral       0.052,*0.597,0.351 
   235  2:neutral  2:neutral       0.166,*0.723,0.111 
   236  2:neutral  2:neutral       0.072,*0.621,0.307 
   237  2:neutral  2:neutral       0.088,*0.586,0.326 
   238  2:neutral  2:neutral       0.355,*0.534,0.111 
   239  2:neutral  2:neutral       0.058,*0.726,0.215 
   240  2:neutral  2:neutral       0.093,*0.709,0.198 
   241  2:neutral  2:neutral       0.353,*0.458,0.189 
   242  2:neutral  2:neutral       0.059,*0.743,0.198 
   243  2:neutral 3:positive   +   0.033,0.342,*0.625 
   244  2:neutral  2:neutral       0.039,*0.784,0.177 
   245  2:neutral  2:neutral       0.104,*0.78,0.116 
   246  2:neutral 3:positive   +   0.021,0.314,*0.664 
   247  2:neutral  2:neutral       0.022,*0.948,0.03 
   248  2:neutral 3:positive   +   0.056,0.32,*0.624 
   249  2:neutral  2:neutral       0.141,*0.52,0.339 
   250  2:neutral  2:neutral       0.044,*0.747,0.208 
   251  2:neutral  2:neutral       0.102,*0.459,0.439 
   252  2:neutral  2:neutral       0.04,*0.509,0.45 
   253  2:neutral  2:neutral       0.086,*0.691,0.223 
   254  2:neutral  2:neutral       0.152,*0.717,0.132 
   255  2:neutral  2:neutral       0.035,*0.856,0.11 
   256  2:neutral  2:neutral       0.114,*0.49,0.396 
   257  2:neutral  2:neutral       0.085,*0.686,0.229 
   258  2:neutral  2:neutral       0.067,*0.881,0.052 
   259  2:neutral  2:neutral       0.125,*0.465,0.409 
   260  2:neutral  2:neutral       0.061,*0.816,0.123 
   261  2:neutral 3:positive   +   0.042,0.326,*0.633 
   262  2:neutral  2:neutral       0.051,*0.85,0.099 
   263  2:neutral  2:neutral       0.055,*0.67,0.274 
   264  2:neutral  2:neutral       0.037,*0.891,0.072 
   265  2:neutral  2:neutral       0.052,*0.645,0.304 
   266  2:neutral  2:neutral       0.022,*0.887,0.091 
   267  2:neutral 3:positive   +   0.06,0.183,*0.757 
   268  2:neutral  2:neutral       0.087,*0.751,0.162 
   269  2:neutral 3:positive   +   0.099,0.423,*0.478 
   270  2:neutral  2:neutral       0.083,*0.681,0.237 
   271  2:neutral 1:negative   +   *0.562,0.286,0.152 
   272  2:neutral  2:neutral       0.051,*0.633,0.316 
   273  2:neutral  2:neutral       0.352,*0.526,0.122 
   274  2:neutral 3:positive   +   0.097,0.366,*0.537 
   275  2:neutral 1:negative   +   *0.558,0.252,0.19 
   276  2:neutral  2:neutral       0.108,*0.736,0.156 
   277  2:neutral  2:neutral       0.016,*0.62,0.364 
   278  2:neutral  2:neutral       0.055,*0.828,0.117 
   279  2:neutral  2:neutral       0.288,*0.433,0.28 
   280  2:neutral  2:neutral       0.028,*0.548,0.424 
   281  2:neutral  2:neutral       0.054,*0.805,0.141 
   282  2:neutral  2:neutral       0.027,*0.854,0.119 
   283  2:neutral 1:negative   +   *0.45,0.278,0.272 
   284  2:neutral  2:neutral       0.085,*0.51,0.405 
   285  2:neutral  2:neutral       0.025,*0.917,0.058 
   286  2:neutral  2:neutral       0.044,*0.64,0.316 
   287  2:neutral  2:neutral       0.036,*0.909,0.055 
   288  2:neutral  2:neutral       0.187,*0.671,0.142 
   289  2:neutral  2:neutral       0.066,*0.724,0.21 
   290  2:neutral 3:positive   +   0.017,0.463,*0.521 
   291  2:neutral  2:neutral       0.12,*0.702,0.178 
   292  2:neutral 1:negative   +   *0.697,0.184,0.119 
   293  2:neutral 3:positive   +   0.033,0.296,*0.672 
   294  2:neutral  2:neutral       0.04,*0.488,0.472 
   295  2:neutral  2:neutral       0.179,*0.767,0.053 
   296  2:neutral  2:neutral       0.055,*0.755,0.19 
   297  2:neutral 3:positive   +   0.126,0.29,*0.584 
   298  2:neutral  2:neutral       0.046,*0.767,0.187 
   299  2:neutral  2:neutral       0.096,*0.75,0.154 
   300  2:neutral  2:neutral       0.073,*0.797,0.13 
   301  2:neutral  2:neutral       0.083,*0.558,0.359 
   302  2:neutral  2:neutral       0.088,*0.754,0.158 
   303  2:neutral 3:positive   +   0.05,0.224,*0.726 
   304  2:neutral  2:neutral       0.228,*0.482,0.29 
   305  2:neutral  2:neutral       0.028,*0.837,0.135 
   306  2:neutral  2:neutral       0.033,*0.701,0.265 
   307  2:neutral  2:neutral       0.032,*0.836,0.132 
   308  2:neutral  2:neutral       0.037,*0.949,0.014 
   309  2:neutral 3:positive   +   0.039,0.123,*0.839 
   310  2:neutral  2:neutral       0.066,*0.896,0.037 
   311  2:neutral  2:neutral       0.114,*0.491,0.395 
   312  2:neutral  2:neutral       0.106,*0.681,0.213 
   313  2:neutral  2:neutral       0.246,*0.636,0.119 
   314  2:neutral  2:neutral       0.208,*0.646,0.145 
   315  2:neutral  2:neutral       0.021,*0.764,0.215 
   316  2:neutral 3:positive   +   0.027,0.298,*0.675 
   317  2:neutral  2:neutral       0.057,*0.67,0.274 
   318  2:neutral  2:neutral       0.062,*0.81,0.127 
   319  2:neutral  2:neutral       0.105,*0.458,0.437 
   320  2:neutral  2:neutral       0.063,*0.779,0.158 
   321  2:neutral  2:neutral       0.063,*0.821,0.116 
   322  2:neutral  2:neutral       0.047,*0.87,0.083 
   323  2:neutral  2:neutral       0.082,*0.613,0.305 
   324  2:neutral  2:neutral       0.069,*0.792,0.139 
   325  2:neutral  2:neutral       0.034,*0.752,0.213 
   326  2:neutral  2:neutral       0.052,*0.752,0.196 
   327  2:neutral 1:negative   +   *0.667,0.102,0.231 
   328  2:neutral 1:negative   +   *0.462,0.362,0.176 
   329  2:neutral  2:neutral       0.363,*0.414,0.223 
   330  2:neutral  2:neutral       0.025,*0.886,0.089 
   331  2:neutral  2:neutral       0.091,*0.675,0.234 
   332  2:neutral  2:neutral       0.064,*0.816,0.12 
   333  2:neutral  2:neutral       0.035,*0.825,0.139 
   334  2:neutral 3:positive   +   0.299,0.345,*0.356 
   335  2:neutral 3:positive   +   0.014,0.393,*0.593 
   336  2:neutral  2:neutral       0.065,*0.642,0.293 
   337  2:neutral  2:neutral       0.046,*0.859,0.095 
   338  2:neutral  2:neutral       0.145,*0.547,0.308 
   339  2:neutral  2:neutral       0.066,*0.771,0.162 
   340  2:neutral  2:neutral       0.345,*0.466,0.189 
   341  2:neutral  2:neutral       0.072,*0.703,0.225 
   342  2:neutral 3:positive   +   0.18,0.117,*0.703 
   343  2:neutral  2:neutral       0.239,*0.65,0.112 
   344  2:neutral  2:neutral       0.024,*0.623,0.352 
   345  2:neutral  2:neutral       0.012,*0.823,0.165 
   346  2:neutral  2:neutral       0.071,*0.649,0.28 
   347  2:neutral  2:neutral       0.085,*0.686,0.229 
   348  2:neutral  2:neutral       0.175,*0.554,0.271 
   349  2:neutral  2:neutral       0.11,*0.711,0.179 
