Zero Weights processed. Default weights will be used
..
Warning: using -h 0 may be faster
*
optimization finished, #iter = 2290
C = 1834.0608258781338
obj = 1004535.483521848, rho = -27.475355143279884
nSV = 2315, nBSV = 628
Total nSV = 2315
..
Warning: using -h 0 may be faster
*
optimization finished, #iter = 2100
C = 1734.6997434946404
obj = 953729.981037366, rho = -36.876976302013475
nSV = 2294, nBSV = 654
Total nSV = 2294
..
Warning: using -h 0 may be faster
*
optimization finished, #iter = 2354
C = 1800.8583142816187
obj = 973626.792006354, rho = -30.397073855758443
nSV = 2349, nBSV = 623
Total nSV = 2349
..
Warning: using -h 0 may be faster
*
optimization finished, #iter = 2285
C = 1838.0202705440352
obj = 1006804.1568722461, rho = -38.65754172491399
nSV = 2325, nBSV = 643
Total nSV = 2325
..
Warning: using -h 0 may be faster
*
optimization finished, #iter = 2254
C = 1808.1344819605456
obj = 1006125.2355177199, rho = -31.32524189925076
nSV = 2318, nBSV = 636
Total nSV = 2318
..
Warning: using -h 0 may be faster
*
optimization finished, #iter = 2914
C = 1870.606698877222
obj = 1223718.0453141863, rho = -48.70758384144606
nSV = 2820, nBSV = 814
...
Warning: using -h 0 may be faster
*
optimization finished, #iter = 3558
C = 3821.142274156544
obj = 3681226.4488199768, rho = -191.43805732113313
nSV = 3771, nBSV = 949
Total nSV = 3771
...
Warning: using -h 0 may be faster
*
optimization finished, #iter = 3587
C = 3792.041148570308
obj = 3666409.5704147196, rho = -178.6584545340773
nSV = 3822, nBSV = 949
Total nSV = 3822
...
Warning: using -h 0 may be faster
*
optimization finished, #iter = 3223
C = 3614.514082947168
obj = 3550756.4543002886, rho = -176.80995822731134
nSV = 3648, nBSV = 1002
Total nSV = 3648
...
Warning: using -h 0 may be faster
*
optimization finished, #iter = 3441
C = 3833.8761198843076
obj = 3738625.2967032967, rho = -203.6817148958758
nSV = 3783, nBSV = 978
Total nSV = 3783
...
Warning: using -h 0 may be faster
*
optimization finished, #iter = 3441
C = 3732.0445437163953
obj = 3625958.041225432, rho = -180.21443062871947
nSV = 3769, nBSV = 952
Total nSV = 3769
Line search fails in two-class probability estimates
....
Warning: using -h 0 may be faster
*
optimization finished, #iter = 4645
C = 4038.9971003009905
obj = 4628325.019078758, rho = -42.88802204306593
nSV = 4617, nBSV = 1237
..
Warning: using -h 0 may be faster
*
optimization finished, #iter = 2513
C = 2060.813303280115
obj = 1307016.585888928, rho = -29.136194865577384
nSV = 2662, nBSV = 733
Total nSV = 2662
..
Warning: using -h 0 may be faster
*
optimization finished, #iter = 2551
C = 1939.498786911051
obj = 1209979.632994132, rho = -83.67484474987384
nSV = 2667, nBSV = 736
Total nSV = 2667
..
Warning: using -h 0 may be faster
*
optimization finished, #iter = 2536
C = 1967.2605226721735
obj = 1261853.7060886626, rho = -92.18207511717911
nSV = 2674, nBSV = 757
Total nSV = 2674
..
Warning: using -h 0 may be faster
*
optimization finished, #iter = 2364
C = 2013.1177846984322
obj = 1295652.1584602096, rho = -94.87203792448022
nSV = 2637, nBSV = 755
Total nSV = 2637
..
Warning: using -h 0 may be faster
*
optimization finished, #iter = 2605
C = 1942.4337622019552
obj = 1216634.3705195587, rho = -99.40454982525928
nSV = 2669, nBSV = 741
Total nSV = 2669
..
Warning: using -h 0 may be faster
*
optimization finished, #iter = 2915
C = 2074.4110955613983
obj = 1596462.901831007, rho = -17.94734004089688
nSV = 3203, nBSV = 1010
Total nSV = 7476
.
Warning: using -h 0 may be faster
*
optimization finished, #iter = 1881
C = 1786.402265151444
obj = 798972.1872659668, rho = -45.37496747207693
nSV = 1934, nBSV = 472
Total nSV = 1934
..
Warning: using -h 0 may be faster
*
optimization finished, #iter = 2009
C = 1725.3990426059352
obj = 775004.3193168773, rho = -36.290516383781785
nSV = 1965, nBSV = 452
Total nSV = 1965
.
Warning: using -h 0 may be faster
*
optimization finished, #iter = 1970
C = 1712.9939239914902
obj = 758779.2693161478, rho = -37.453654449372905
nSV = 1980, nBSV = 462
Total nSV = 1980
.
Warning: using -h 0 may be faster
*
optimization finished, #iter = 1896
C = 1775.3429479183387
obj = 805881.052640334, rho = -46.70677314868838
nSV = 1960, nBSV = 471
Total nSV = 1960
.
Warning: using -h 0 may be faster
*
optimization finished, #iter = 1917
C = 1701.0346266038155
obj = 765654.4122346847, rho = -57.44498680383527
nSV = 1920, nBSV = 470
Total nSV = 1920
..
Warning: using -h 0 may be faster
*
optimization finished, #iter = 2468
C = 1791.0563225350752
obj = 956605.2687657683, rho = -40.38512555273885
nSV = 2355, nBSV = 623
..
Warning: using -h 0 may be faster
*
optimization finished, #iter = 2901
C = 3456.3713661859992
obj = 2680926.2712819013, rho = -10.422826005508602
nSV = 3146, nBSV = 722
Total nSV = 3146
...
Warning: using -h 0 may be faster
*
optimization finished, #iter = 3065
C = 3530.6429132595144
obj = 2797784.301155284, rho = -22.56251453047164
nSV = 3193, nBSV = 670
Total nSV = 3193
...
Warning: using -h 0 may be faster
*
optimization finished, #iter = 3170
C = 3451.8180945214485
obj = 2619290.570330569, rho = -29.84976343466844
nSV = 3196, nBSV = 673
Total nSV = 3196
...
Warning: using -h 0 may be faster
*
optimization finished, #iter = 3026
C = 3318.721043990862
obj = 2548473.434176711, rho = -40.41355757357847
nSV = 3163, nBSV = 705
Total nSV = 3163
...
Warning: using -h 0 may be faster
*
optimization finished, #iter = 3180
C = 3668.5233625102896
obj = 2864494.474336981, rho = -17.386141773571936
nSV = 3218, nBSV = 666
Total nSV = 3218
...
Warning: using -h 0 may be faster
*
optimization finished, #iter = 3528
C = 3663.795351117021
obj = 3451018.8815745837, rho = -25.451310074320215
nSV = 3807, nBSV = 962
.
Warning: using -h 0 may be faster
*
optimization finished, #iter = 1920
C = 1831.492181377455
obj = 981917.0602249879, rho = 13.60868377347461
nSV = 2156, nBSV = 583
Total nSV = 2156
..
Warning: using -h 0 may be faster
*
optimization finished, #iter = 2072
C = 1807.2851727763618
obj = 969636.0778133402, rho = -75.39762004324055
nSV = 2222, nBSV = 539
Total nSV = 2222
..
Warning: using -h 0 may be faster
*
optimization finished, #iter = 2063
C = 1879.2666860065951
obj = 1001246.8496628387, rho = -86.0239304078247
nSV = 2225, nBSV = 555
Total nSV = 2225
..
Warning: using -h 0 may be faster
*
optimization finished, #iter = 2333
C = 1806.893261454255
obj = 934894.9404671761, rho = -83.41612827992945
nSV = 2287, nBSV = 504
Total nSV = 2287
..
Warning: using -h 0 may be faster
*
optimization finished, #iter = 2240
C = 1853.3729995041951
obj = 967227.2802590666, rho = -88.94070169103567
nSV = 2274, nBSV = 534
Total nSV = 2274
..
Warning: using -h 0 may be faster
*
optimization finished, #iter = 2530
C = 1866.7169723932352
obj = 1158797.4303304127, rho = 6.737854441059099
nSV = 2657, nBSV = 748
Total nSV = 6084
.
Warning: using -h 0 may be faster
*
optimization finished, #iter = 1974
C = 1811.3190837792683
obj = 812219.2596223509, rho = -36.24787877364277
nSV = 1950, nBSV = 469
Total nSV = 1950
.
Warning: using -h 0 may be faster
*
optimization finished, #iter = 1797
C = 1758.6051807774402
obj = 802879.8306028465, rho = -23.236587111689936
nSV = 1903, nBSV = 480
Total nSV = 1903
.
Warning: using -h 0 may be faster
*
optimization finished, #iter = 1876
C = 1781.562273651864
obj = 813593.4765221028, rho = -33.8951537425926
nSV = 1943, nBSV = 476
Total nSV = 1943
.
Warning: using -h 0 may be faster
*
optimization finished, #iter = 1785
C = 1744.5172878941005
obj = 805176.0150288815, rho = -26.223754831238647
nSV = 1942, nBSV = 474
Total nSV = 1942
.
Warning: using -h 0 may be faster
*
optimization finished, #iter = 1952
C = 1850.10502873426
obj = 844227.20426119, rho = -32.99805027960099
nSV = 1964, nBSV = 441
Total nSV = 1964
..
Warning: using -h 0 may be faster
*
optimization finished, #iter = 2277
C = 1848.9315385601753
obj = 1016445.6459925502, rho = -38.63165699074013
nSV = 2320, nBSV = 640
...
Warning: using -h 0 may be faster
*
optimization finished, #iter = 3049
C = 3540.164410294416
obj = 2826538.3570700674, rho = -158.61214230427262
nSV = 3152, nBSV = 677
Total nSV = 3152
...
Warning: using -h 0 may be faster
*
optimization finished, #iter = 3492
C = 3558.513035073322
obj = 2619767.3520762, rho = -57.70195091285633
nSV = 3226, nBSV = 653
Total nSV = 3226
...
Warning: using -h 0 may be faster
*
optimization finished, #iter = 3035
C = 3405.20366669764
obj = 2628961.2901933277, rho = -77.89343319039145
nSV = 3140, nBSV = 686
Total nSV = 3140
..
Warning: using -h 0 may be faster
*
optimization finished, #iter = 2959
C = 3427.1646830220157
obj = 2678568.9107562862, rho = -54.51103511007396
nSV = 3099, nBSV = 713
Total nSV = 3099
..
Warning: using -h 0 may be faster
*
optimization finished, #iter = 2946
C = 3446.512640543933
obj = 2690446.163675982, rho = -81.46079590996436
nSV = 3153, nBSV = 693
Total nSV = 3153
Line search fails in two-class probability estimates
...
Warning: using -h 0 may be faster
*
optimization finished, #iter = 3695
C = 3794.5334862084846
obj = 3555387.7249501427, rho = -88.39636835228907
nSV = 3826, nBSV = 920
..
Warning: using -h 0 may be faster
*
optimization finished, #iter = 2071
C = 1914.3388067622302
obj = 1046959.7287042127, rho = -97.07146520556726
nSV = 2268, nBSV = 526
Total nSV = 2268
..
Warning: using -h 0 may be faster
*
optimization finished, #iter = 2028
C = 1749.0580073091767
obj = 891453.3596968742, rho = -67.34057309835804
nSV = 2173, nBSV = 532
Total nSV = 2173
.
Warning: using -h 0 may be faster
*
optimization finished, #iter = 1972
C = 1905.1649338436068
obj = 1015199.6201788342, rho = -75.8515741774355
nSV = 2194, nBSV = 558
Total nSV = 2194
..
Warning: using -h 0 may be faster
*
optimization finished, #iter = 2055
C = 1987.180679118377
obj = 1079893.4947514827, rho = -79.87048238495957
nSV = 2239, nBSV = 542
Total nSV = 2239
..
Warning: using -h 0 may be faster
*
optimization finished, #iter = 2174
C = 1886.6397900267157
obj = 991969.6639394857, rho = -97.65474726156607
nSV = 2232, nBSV = 536
Total nSV = 2232
..
Warning: using -h 0 may be faster
*
optimization finished, #iter = 2498
C = 1974.9863145669506
obj = 1239552.9546889807, rho = -2.471616735413319
nSV = 2660, nBSV = 762
Total nSV = 6082
...
Warning: using -h 0 may be faster
*
optimization finished, #iter = 3045
C = 3713.115901988964
obj = 2974380.7208312703, rho = -169.73335278350802
nSV = 3181, nBSV = 688
Total nSV = 3181
..
Warning: using -h 0 may be faster
*
optimization finished, #iter = 2990
C = 3516.202526209264
obj = 2782532.455898849, rho = -143.25499783941322
nSV = 3154, nBSV = 685
Total nSV = 3154
...
Warning: using -h 0 may be faster
*
optimization finished, #iter = 3107
C = 3570.952641683886
obj = 2813393.993288567, rho = -173.8547339414199
nSV = 3181, nBSV = 694
Total nSV = 3181
..
Warning: using -h 0 may be faster
*
optimization finished, #iter = 2899
C = 3522.053789829852
obj = 2788105.2753313575, rho = -156.72109485242902
nSV = 3117, nBSV = 696
Total nSV = 3117
..
Warning: using -h 0 may be faster
*
optimization finished, #iter = 2954
C = 3680.137898903606
obj = 2967663.788395834, rho = -181.26414900701647
nSV = 3174, nBSV = 683
Total nSV = 3174
Line search fails in two-class probability estimates
...
Warning: using -h 0 may be faster
*
optimization finished, #iter = 3841
C = 3866.1207766573766
obj = 3685568.77952305, rho = -189.4484403738554
nSV = 3880, nBSV = 889
..
Warning: using -h 0 may be faster
*
optimization finished, #iter = 2117
C = 2038.0939497251948
obj = 1097445.1822234374, rho = -112.00660105731208
nSV = 2281, nBSV = 524
Total nSV = 2281
..
Warning: using -h 0 may be faster
*
optimization finished, #iter = 2129
C = 1956.3193103109684
obj = 1038318.9735795098, rho = -100.10030339980948
nSV = 2285, nBSV = 542
Total nSV = 2285
..
Warning: using -h 0 may be faster
*
optimization finished, #iter = 2218
C = 1926.922762265314
obj = 1013755.0367158873, rho = -66.00481084992673
nSV = 2276, nBSV = 541
Total nSV = 2276
..
Warning: using -h 0 may be faster
*
optimization finished, #iter = 2117
C = 1939.2659211691164
obj = 1021919.6441450233, rho = -98.6400204621486
nSV = 2253, nBSV = 542
Total nSV = 2253
..
Warning: using -h 0 may be faster
*
optimization finished, #iter = 2098
C = 1867.1223128849326
obj = 957521.6709179097, rho = -87.14776397965257
nSV = 2264, nBSV = 540
Total nSV = 2264
..
Warning: using -h 0 may be faster
*
optimization finished, #iter = 2570
C = 2120.0891605467828
obj = 1378991.1794281758, rho = -108.23053194597571
nSV = 2725, nBSV = 724
.
Warning: using -h 0 may be faster
*
optimization finished, #iter = 1878
C = 1756.01680773008
obj = 789442.2061241557, rho = -40.69832303842624
nSV = 1937, nBSV = 480
Total nSV = 1937
.
Warning: using -h 0 may be faster
*
optimization finished, #iter = 1908
C = 1745.677976831302
obj = 788444.0032005304, rho = -27.297923277725882
nSV = 1915, nBSV = 474
Total nSV = 1915
.
Warning: using -h 0 may be faster
*
optimization finished, #iter = 1781
C = 1746.4472602709864
obj = 806346.1581826686, rho = -38.32187753225164
nSV = 1898, nBSV = 478
Total nSV = 1898
.
Warning: using -h 0 may be faster
*
optimization finished, #iter = 1898
C = 1824.3769823021792
obj = 823184.0318917492, rho = -33.226138095689976
nSV = 1943, nBSV = 463
Total nSV = 1943
.
Warning: using -h 0 may be faster
*
optimization finished, #iter = 1919
C = 1797.3996558531492
obj = 803321.5583935579, rho = -45.56322952552617
nSV = 1925, nBSV = 450
Total nSV = 1925
..
Warning: using -h 0 may be faster
*
optimization finished, #iter = 2431
C = 1844.2240936797232
obj = 1005615.7938865813, rho = -59.87663487334161
nSV = 2322, nBSV = 631
Total nSV = 6193
.
Warning: using -h 0 may be faster
*
optimization finished, #iter = 1784
C = 1691.3141766425103
obj = 783787.6398782461, rho = -43.35456580556533
nSV = 1900, nBSV = 477
Total nSV = 1900
..
Warning: using -h 0 may be faster
*
optimization finished, #iter = 2000
C = 1796.3789856829258
obj = 814327.3297918729, rho = -35.13427023702744
nSV = 1970, nBSV = 463
Total nSV = 1970
.
Warning: using -h 0 may be faster
*
optimization finished, #iter = 1835
C = 1806.2428953545443
obj = 834143.9982506391, rho = -43.56336116995337
nSV = 1915, nBSV = 466
Total nSV = 1915
.
Warning: using -h 0 may be faster
*
optimization finished, #iter = 1919
C = 1808.6412097263258
obj = 834337.3126840944, rho = -54.925603773017706
nSV = 1958, nBSV = 434
Total nSV = 1958
.
Warning: using -h 0 may be faster
*
optimization finished, #iter = 1883
C = 1821.661259389977
obj = 855673.3561645659, rho = -37.02041392578847
nSV = 1939, nBSV = 467
Total nSV = 1939
..
Warning: using -h 0 may be faster
*
optimization finished, #iter = 2296
C = 1858.0225763267115
obj = 1058108.2584849664, rho = -51.45227676231102
nSV = 2349, nBSV = 612
.
Warning: using -h 0 may be faster
*
optimization finished, #iter = 1944
C = 1834.4244851894155
obj = 958837.2027757891, rho = -57.524086920203516
nSV = 2224, nBSV = 574
Total nSV = 2224
..
Warning: using -h 0 may be faster
*
optimization finished, #iter = 2167
C = 1838.9040600074775
obj = 935683.831780288, rho = 4.978769067523522
nSV = 2235, nBSV = 543
Total nSV = 2235
..
Warning: using -h 0 may be faster
*
optimization finished, #iter = 2000
C = 1902.5781937625081
obj = 1005207.6162465573, rho = -8.562259985924742
nSV = 2195, nBSV = 552
Total nSV = 2195
.
Warning: using -h 0 may be faster
*
optimization finished, #iter = 1992
C = 1813.4822295798335
obj = 941210.1232477492, rho = 2.361903389461955
nSV = 2199, nBSV = 559
Total nSV = 2199
..
Warning: using -h 0 may be faster
*
optimization finished, #iter = 2263
C = 1935.1439702626708
obj = 1013660.6859063675, rho = -0.8793992350442412
nSV = 2231, nBSV = 531
Total nSV = 2231
..
Warning: using -h 0 may be faster
*
optimization finished, #iter = 2501
C = 1954.4216326193248
obj = 1220447.8146630586, rho = -22.306555358693263
nSV = 2627, nBSV = 750
..
Warning: using -h 0 may be faster
*
optimization finished, #iter = 2935
C = 3404.7283357164383
obj = 2680971.5660020644, rho = -117.75047050215281
nSV = 3156, nBSV = 696
Total nSV = 3156
..
Warning: using -h 0 may be faster
*
optimization finished, #iter = 2874
C = 3458.168408478718
obj = 2819285.2798019815, rho = -137.2548893703405
nSV = 3130, nBSV = 704
Total nSV = 3130
...
Warning: using -h 0 may be faster
*
optimization finished, #iter = 3061
C = 3443.4226727716737
obj = 2691888.7061820137, rho = -145.6697072560724
nSV = 3172, nBSV = 710
Total nSV = 3172
..
Warning: using -h 0 may be faster
*
optimization finished, #iter = 2900
C = 3401.3406142833464
obj = 2726379.5583709925, rho = -115.30691674662403
nSV = 3118, nBSV = 712
Total nSV = 3118
...
Warning: using -h 0 may be faster
*
optimization finished, #iter = 3213
C = 3551.005373486359
obj = 2768027.6193023203, rho = -152.9442625967552
nSV = 3194, nBSV = 691
Total nSV = 3194
...
Warning: using -h 0 may be faster
*
optimization finished, #iter = 3657
C = 3628.073943639544
obj = 3416463.1294797766, rho = -29.50876335978998
nSV = 3780, nBSV = 960
Total nSV = 6043
..
Warning: using -h 0 may be faster
*
optimization finished, #iter = 2011
C = 1860.9821022634048
obj = 966896.2736853132, rho = -72.54978950435599
nSV = 2185, nBSV = 550
Total nSV = 2185
..
Warning: using -h 0 may be faster
*
optimization finished, #iter = 2227
C = 1809.8072945800325
obj = 905278.8874169682, rho = -59.85237746852443
nSV = 2258, nBSV = 535
Total nSV = 2258
..
Warning: using -h 0 may be faster
*
optimization finished, #iter = 2080
C = 1805.97309172174
obj = 920398.0591747882, rho = -73.5250966809633
nSV = 2223, nBSV = 549
Total nSV = 2223
..
Warning: using -h 0 may be faster
*
optimization finished, #iter = 2161
C = 1798.4618231574443
obj = 928698.9530744072, rho = -68.30391307148606
nSV = 2213, nBSV = 563
Total nSV = 2213
..
Warning: using -h 0 may be faster
*
optimization finished, #iter = 2166
C = 1826.146085431731
obj = 938796.4596655573, rho = -68.95501250264144
nSV = 2233, nBSV = 535
Total nSV = 2233
..
Warning: using -h 0 may be faster
*
optimization finished, #iter = 2516
C = 1829.1050700392086
obj = 1094632.5474864596, rho = -10.411224287591072
nSV = 2645, nBSV = 733
.
Warning: using -h 0 may be faster
*
optimization finished, #iter = 1865
C = 1730.9815671698234
obj = 780396.7376008264, rho = -15.109890063513797
nSV = 1898, nBSV = 472
Total nSV = 1898
.
Warning: using -h 0 may be faster
*
optimization finished, #iter = 1961
C = 1740.5107278452406
obj = 791235.191974755, rho = -51.59763685960609
nSV = 1914, nBSV = 464
Total nSV = 1914
.
Warning: using -h 0 may be faster
*
optimization finished, #iter = 1942
C = 1711.7368275008305
obj = 788679.2765317225, rho = -32.053268597704424
nSV = 1908, nBSV = 448
Total nSV = 1908
..
Warning: using -h 0 may be faster
*
optimization finished, #iter = 2001
C = 1726.4994739332985
obj = 781797.1081838688, rho = -23.549083695848672
nSV = 1907, nBSV = 447
Total nSV = 1907
.
Warning: using -h 0 may be faster
*
optimization finished, #iter = 1961
C = 1807.0184922345786
obj = 829792.8842080949, rho = -17.82815503661937
nSV = 1956, nBSV = 450
Total nSV = 1956
..
Warning: using -h 0 may be faster
*
optimization finished, #iter = 2253
C = 1741.068344287922
obj = 934599.838073744, rho = -41.33810862634703
nSV = 2293, nBSV = 629
..
Warning: using -h 0 may be faster
*
optimization finished, #iter = 2987
C = 3419.7549359552745
obj = 2637705.8657730776, rho = -47.28724537512032
nSV = 3139, nBSV = 693
Total nSV = 3139
..
Warning: using -h 0 may be faster
*
optimization finished, #iter = 2836
C = 3452.4650264350917
obj = 2731474.09820193, rho = -45.13735608090866
nSV = 3135, nBSV = 717
Total nSV = 3135
..
Warning: using -h 0 may be faster
*
optimization finished, #iter = 2970
C = 3500.5205204894883
obj = 2741308.2286238438, rho = -44.50287717784409
nSV = 3137, nBSV = 676
Total nSV = 3137
...
Warning: using -h 0 may be faster
*
optimization finished, #iter = 3032
C = 3525.1952749864276
obj = 2765960.618747979, rho = -27.537081970747632
nSV = 3151, nBSV = 676
Total nSV = 3151
..
Warning: using -h 0 may be faster
*
optimization finished, #iter = 2895
C = 3456.905444501554
obj = 2714912.757280953, rho = -39.26457300972344
nSV = 3156, nBSV = 691
Total nSV = 3156
...
Warning: using -h 0 may be faster
*
optimization finished, #iter = 3652
C = 3869.3466382646334
obj = 3760059.531014801, rho = -176.4935530963596
nSV = 3820, nBSV = 907
Total nSV = 6084


=== Predictions under cross-validation ===

 inst#     actual  predicted error distribution
     1  2:neutral  2:neutral       0.207,*0.489,0.304 
     2  2:neutral  2:neutral       0.015,*0.826,0.159 
     3  2:neutral 3:positive   +   0.111,0.155,*0.733 
     4  2:neutral  2:neutral       0.089,*0.595,0.316 
     5  2:neutral  2:neutral       0.071,*0.711,0.219 
     6  2:neutral 1:negative   +   *0.558,0.366,0.076 
     7  2:neutral 3:positive   +   0.044,0.375,*0.581 
     8  2:neutral  2:neutral       0.122,*0.669,0.209 
     9  2:neutral 3:positive   +   0.118,0.418,*0.464 
    10  2:neutral 1:negative   +   *0.763,0.14,0.097 
    11  2:neutral  2:neutral       0.055,*0.487,0.458 
    12  2:neutral  2:neutral       0.106,*0.657,0.237 
    13  2:neutral  2:neutral       0.054,*0.745,0.201 
    14  2:neutral  2:neutral       0.025,*0.685,0.29 
    15  2:neutral  2:neutral       0.322,*0.467,0.212 
    16  2:neutral  2:neutral       0.059,*0.533,0.408 
    17  2:neutral 3:positive   +   0.254,0.285,*0.46 
    18  2:neutral  2:neutral       0.249,*0.383,0.368 
    19  2:neutral  2:neutral       0.094,*0.61,0.296 
    20  2:neutral  2:neutral       0.018,*0.912,0.069 
    21  2:neutral 3:positive   +   0.173,0.369,*0.458 
    22  2:neutral  2:neutral       0.109,*0.605,0.285 
    23  2:neutral  2:neutral       0.107,*0.558,0.335 
    24  2:neutral  2:neutral       0.089,*0.71,0.201 
    25  2:neutral  2:neutral       0.098,*0.594,0.307 
    26  2:neutral 3:positive   +   0.238,0.249,*0.513 
    27  2:neutral  2:neutral       0.03,*0.807,0.163 
    28  2:neutral  2:neutral       0.269,*0.435,0.297 
    29  2:neutral  2:neutral       0.054,*0.538,0.408 
    30  2:neutral  2:neutral       0.055,*0.486,0.458 
    31  2:neutral 1:negative   +   *0.578,0.286,0.136 
    32  2:neutral 1:negative   +   *0.864,0.097,0.038 
    33  2:neutral  2:neutral       0.015,*0.849,0.136 
    34  2:neutral  2:neutral       0.104,*0.668,0.229 
    35  2:neutral  2:neutral       0.209,*0.73,0.061 
    36  2:neutral  2:neutral       0.011,*0.787,0.202 
    37  2:neutral  2:neutral       0.224,*0.599,0.177 
    38  2:neutral  2:neutral       0.148,*0.544,0.308 
    39  2:neutral  2:neutral       0.029,*0.745,0.227 
    40  2:neutral 3:positive   +   0.068,0.428,*0.504 
    41  2:neutral  2:neutral       0.058,*0.718,0.224 
    42  2:neutral  2:neutral       0.036,*0.665,0.299 
    43  2:neutral 3:positive   +   0.334,0.062,*0.603 
    44  2:neutral  2:neutral       0.132,*0.472,0.397 
    45  2:neutral  2:neutral       0.051,*0.747,0.201 
    46  2:neutral  2:neutral       0.03,*0.699,0.272 
    47  2:neutral  2:neutral       0.083,*0.548,0.369 
    48  2:neutral  2:neutral       0.099,*0.605,0.296 
    49  2:neutral  2:neutral       0.034,*0.845,0.121 
    50  2:neutral  2:neutral       0.098,*0.627,0.275 
    51  2:neutral  2:neutral       0.148,*0.687,0.165 
    52  2:neutral  2:neutral       0.165,*0.536,0.299 
    53  2:neutral  2:neutral       0.146,*0.51,0.345 
    54  2:neutral  2:neutral       0.133,*0.453,0.414 
    55  2:neutral  2:neutral       0.067,*0.791,0.142 
    56  2:neutral  2:neutral       0.049,*0.891,0.06 
    57  2:neutral  2:neutral       0.139,*0.576,0.284 
    58  2:neutral 3:positive   +   0.075,0.44,*0.485 
    59  2:neutral  2:neutral       0.057,*0.662,0.281 
    60  2:neutral  2:neutral       0.075,*0.562,0.363 
    61  2:neutral  2:neutral       0.167,*0.543,0.29 
    62  2:neutral  2:neutral       0.122,*0.612,0.266 
    63  2:neutral  2:neutral       0.047,*0.712,0.241 
    64  2:neutral  2:neutral       0.058,*0.478,0.465 
    65  2:neutral  2:neutral       0.232,*0.58,0.189 
    66  2:neutral 3:positive   +   0.187,0.148,*0.665 
    67  2:neutral  2:neutral       0.258,*0.373,0.369 
    68  2:neutral  2:neutral       0.2,*0.424,0.376 
    69  2:neutral 3:positive   +   0.085,0.426,*0.489 
    70  2:neutral  2:neutral       0.251,*0.43,0.319 
    71  2:neutral  2:neutral       0.169,*0.615,0.217 
    72  2:neutral 3:positive   +   0.032,0.17,*0.798 
    73  2:neutral 3:positive   +   0.122,0.309,*0.569 
    74  2:neutral 3:positive   +   0.069,0.353,*0.578 
    75  2:neutral  2:neutral       0.078,*0.625,0.296 
    76  2:neutral  2:neutral       0.159,*0.569,0.272 
    77  2:neutral  2:neutral       0.092,*0.554,0.353 
    78  2:neutral  2:neutral       0.052,*0.539,0.409 
    79  2:neutral 1:negative   +   *0.519,0.369,0.112 
    80  2:neutral  2:neutral       0.101,*0.832,0.066 
    81  2:neutral  2:neutral       0.26,*0.557,0.183 
    82  2:neutral  2:neutral       0.111,*0.769,0.12 
    83  2:neutral 1:negative   +   *0.594,0.134,0.272 
    84  2:neutral 3:positive   +   0.046,0.259,*0.695 
    85  2:neutral 1:negative   +   *0.531,0.374,0.095 
    86  2:neutral  2:neutral       0.101,*0.632,0.267 
    87  2:neutral  2:neutral       0.014,*0.564,0.423 
    88  2:neutral 3:positive   +   0.033,0.344,*0.622 
    89  2:neutral 1:negative   +   *0.452,0.113,0.435 
    90  2:neutral  2:neutral       0.036,*0.704,0.26 
    91  2:neutral  2:neutral       0.199,*0.461,0.339 
    92  2:neutral  2:neutral       0.164,*0.595,0.241 
    93  2:neutral  2:neutral       0.091,*0.536,0.373 
    94  2:neutral  2:neutral       0.097,*0.571,0.332 
    95  2:neutral 3:positive   +   0.122,0.405,*0.473 
    96  2:neutral  2:neutral       0.086,*0.744,0.17 
    97  2:neutral  2:neutral       0.086,*0.648,0.267 
    98  2:neutral 3:positive   +   0.059,0.315,*0.625 
    99  2:neutral  2:neutral       0.077,*0.736,0.187 
   100  2:neutral  2:neutral       0.091,*0.721,0.188 
   101  2:neutral  2:neutral       0.189,*0.414,0.397 
   102  2:neutral 3:positive   +   0.125,0.374,*0.501 
   103  2:neutral  2:neutral       0.09,*0.698,0.212 
   104  2:neutral  2:neutral       0.142,*0.484,0.375 
   105  2:neutral  2:neutral       0.095,*0.58,0.325 
   106  2:neutral 3:positive   +   0.037,0.167,*0.796 
   107  2:neutral  2:neutral       0.117,*0.527,0.356 
   108  2:neutral  2:neutral       0.118,*0.713,0.169 
   109  2:neutral  2:neutral       0.008,*0.862,0.131 
   110  2:neutral  2:neutral       0.163,*0.527,0.311 
   111  2:neutral 3:positive   +   0.065,0.436,*0.499 
   112  2:neutral  2:neutral       0.022,*0.779,0.199 
   113  2:neutral  2:neutral       0.022,*0.775,0.202 
   114  2:neutral 3:positive   +   0.213,0.254,*0.533 
   115  2:neutral 3:positive   +   0.082,0.394,*0.523 
   116  2:neutral  2:neutral       0.049,*0.845,0.106 
   117  2:neutral  2:neutral       0.038,*0.884,0.079 
   118  2:neutral 3:positive   +   0.134,0.296,*0.57 
   119  2:neutral  2:neutral       0.052,*0.82,0.128 
   120  2:neutral 3:positive   +   0.072,0.192,*0.736 
   121  2:neutral  2:neutral       0.115,*0.477,0.408 
   122  2:neutral 3:positive   +   0.113,0.191,*0.696 
   123  2:neutral  2:neutral       0.071,*0.857,0.072 
   124  2:neutral  2:neutral       0.159,*0.753,0.088 
   125  2:neutral  2:neutral       0.167,*0.692,0.141 
   126  2:neutral  2:neutral       0.107,*0.566,0.326 
   127  2:neutral  2:neutral       0.068,*0.637,0.295 
   128  2:neutral 3:positive   +   0.031,0.224,*0.746 
   129  2:neutral  2:neutral       0.204,*0.477,0.319 
   130  2:neutral  2:neutral       0.088,*0.64,0.272 
   131  2:neutral  2:neutral       0.351,*0.45,0.199 
   132  2:neutral  2:neutral       0.097,*0.544,0.359 
   133  2:neutral  2:neutral       0.146,*0.644,0.21 
   134  2:neutral 3:positive   +   0.071,0.439,*0.49 
   135  2:neutral  2:neutral       0.039,*0.653,0.308 
   136  2:neutral  2:neutral       0.009,*0.712,0.279 
   137  2:neutral  2:neutral       0.112,*0.601,0.287 
   138  2:neutral  2:neutral       0.055,*0.596,0.349 
   139  2:neutral  2:neutral       0.135,*0.573,0.292 
   140  2:neutral  2:neutral       0.207,*0.466,0.328 
   141  2:neutral  2:neutral       0.048,*0.685,0.267 
   142  2:neutral  2:neutral       0.241,*0.53,0.229 
   143  2:neutral  2:neutral       0.165,*0.537,0.297 
   144  2:neutral  2:neutral       0.14,*0.629,0.23 
   145  2:neutral 3:positive   +   0.311,0.136,*0.553 
   146  2:neutral 1:negative   +   *0.479,0.377,0.144 
   147  2:neutral  2:neutral       0.039,*0.62,0.342 
   148  2:neutral  2:neutral       0.271,*0.513,0.216 
   149  2:neutral 3:positive   +   0.116,0.216,*0.669 
   150  2:neutral  2:neutral       0.071,*0.674,0.255 
   151  2:neutral  2:neutral       0.223,*0.606,0.171 
   152  2:neutral  2:neutral       0.055,*0.858,0.087 
   153  2:neutral  2:neutral       0.039,*0.768,0.193 
   154  2:neutral  2:neutral       0.068,*0.578,0.353 
   155  2:neutral  2:neutral       0.062,*0.516,0.422 
   156  2:neutral 3:positive   +   0.11,0.276,*0.614 
   157  2:neutral  2:neutral       0.048,*0.663,0.289 
   158  2:neutral  2:neutral       0.035,*0.785,0.181 
   159  2:neutral  2:neutral       0.134,*0.794,0.072 
   160  2:neutral  2:neutral       0.008,*0.577,0.416 
   161  2:neutral  2:neutral       0.233,*0.501,0.266 
   162  2:neutral  2:neutral       0.027,*0.867,0.106 
   163  2:neutral  2:neutral       0.023,*0.746,0.231 
   164  2:neutral  2:neutral       0.24,*0.433,0.327 
   165  2:neutral  2:neutral       0.054,*0.858,0.087 
   166  2:neutral  2:neutral       0.107,*0.69,0.203 
   167  2:neutral  2:neutral       0.098,*0.573,0.328 
   168  2:neutral  2:neutral       0.066,*0.705,0.229 
   169  2:neutral  2:neutral       0.248,*0.409,0.343 
   170  2:neutral  2:neutral       0.098,*0.709,0.192 
   171  2:neutral  2:neutral       0.109,*0.547,0.344 
   172  2:neutral  2:neutral       0.052,*0.501,0.447 
   173  2:neutral 1:negative   +   *0.526,0.388,0.086 
   174  2:neutral  2:neutral       0.085,*0.564,0.351 
   175  2:neutral  2:neutral       0.096,*0.467,0.437 
   176  2:neutral 3:positive   +   0.188,0.362,*0.45 
   177  2:neutral  2:neutral       0.015,*0.782,0.203 
   178  2:neutral  2:neutral       0.15,*0.725,0.125 
   179  2:neutral  2:neutral       0.226,*0.519,0.255 
   180  2:neutral  2:neutral       0.071,*0.706,0.223 
   181  2:neutral  2:neutral       0.084,*0.698,0.218 
   182  2:neutral 1:negative   +   *0.71,0.239,0.051 
   183  2:neutral  2:neutral       0.058,*0.598,0.344 
   184  2:neutral  2:neutral       0.116,*0.469,0.415 
   185  2:neutral  2:neutral       0.113,*0.535,0.352 
   186  2:neutral  2:neutral       0.025,*0.756,0.219 
   187  2:neutral  2:neutral       0.065,*0.477,0.458 
   188  2:neutral 3:positive   +   0.121,0.426,*0.453 
   189  2:neutral 1:negative   +   *0.754,0.184,0.061 
   190  2:neutral  2:neutral       0.27,*0.6,0.13 
   191  2:neutral  2:neutral       0.23,*0.562,0.208 
   192  2:neutral  2:neutral       0.042,*0.813,0.145 
   193  2:neutral  2:neutral       0.02,*0.656,0.324 
   194  2:neutral  2:neutral       0.155,*0.76,0.086 
   195  2:neutral 3:positive   +   0.105,0.253,*0.642 
   196  2:neutral  2:neutral       0.083,*0.517,0.4 
   197  2:neutral  2:neutral       0.088,*0.581,0.33 
   198  2:neutral  2:neutral       0.259,*0.464,0.277 
   199  2:neutral 3:positive   +   0.097,0.212,*0.691 
   200  2:neutral 3:positive   +   0.125,0.41,*0.465 
   201  2:neutral  2:neutral       0.02,*0.909,0.071 
   202  2:neutral  2:neutral       0.095,*0.543,0.362 
   203  2:neutral  2:neutral       0.1,*0.493,0.407 
   204  2:neutral  2:neutral       0.008,*0.961,0.031 
   205  2:neutral  2:neutral       0.019,*0.51,0.47 
   206  2:neutral 1:negative   +   *0.529,0.306,0.166 
   207  2:neutral  2:neutral       0.046,*0.618,0.336 
   208  2:neutral  2:neutral       0.023,*0.896,0.081 
   209  2:neutral  2:neutral       0.037,*0.814,0.149 
   210  2:neutral 3:positive   +   0.326,0.284,*0.39 
   211  2:neutral  2:neutral       0.029,*0.747,0.224 
   212  2:neutral  2:neutral       0.073,*0.771,0.156 
   213  2:neutral  2:neutral       0.099,*0.572,0.329 
   214  2:neutral  2:neutral       0.169,*0.665,0.167 
   215  2:neutral  2:neutral       0.159,*0.677,0.164 
   216  2:neutral  2:neutral       0.106,*0.49,0.405 
   217  2:neutral  2:neutral       0.053,*0.729,0.218 
   218  2:neutral 3:positive   +   0.116,0.294,*0.59 
   219  2:neutral  2:neutral       0.074,*0.724,0.202 
   220  2:neutral 3:positive   +   0.069,0.44,*0.492 
   221  2:neutral  2:neutral       0.336,*0.424,0.24 
   222  2:neutral  2:neutral       0.155,*0.442,0.403 
   223  2:neutral 3:positive   +   0.06,0.45,*0.49 
   224  2:neutral  2:neutral       0.122,*0.579,0.299 
   225  2:neutral  2:neutral       0.045,*0.874,0.08 
   226  2:neutral  2:neutral       0.072,*0.763,0.164 
   227  2:neutral  2:neutral       0.045,*0.788,0.168 
   228  2:neutral 3:positive   +   0.058,0.456,*0.486 
   229  2:neutral 3:positive   +   0.061,0.418,*0.521 
   230  2:neutral 1:negative   +   *0.501,0.287,0.213 
   231  2:neutral  2:neutral       0.076,*0.78,0.145 
   232  2:neutral 1:negative   +   *0.4,0.379,0.221 
   233  2:neutral 3:positive   +   0.231,0.325,*0.444 
   234  2:neutral  2:neutral       0.081,*0.511,0.408 
   235  2:neutral  2:neutral       0.2,*0.618,0.181 
   236  2:neutral  2:neutral       0.095,*0.517,0.388 
   237  2:neutral 3:positive   +   0.034,0.291,*0.675 
   238  2:neutral  2:neutral       0.114,*0.639,0.246 
   239  2:neutral  2:neutral       0.223,*0.523,0.254 
   240  2:neutral  2:neutral       0.108,*0.614,0.278 
   241  2:neutral  2:neutral       0.336,*0.35,0.314 
   242  2:neutral  2:neutral       0.067,*0.732,0.2 
   243  2:neutral 3:positive   +   0.024,0.419,*0.557 
   244  2:neutral  2:neutral       0.087,*0.637,0.275 
   245  2:neutral  2:neutral       0.211,*0.604,0.185 
   246  2:neutral 3:positive   +   0.031,0.386,*0.583 
   247  2:neutral  2:neutral       0.013,*0.945,0.042 
   248  2:neutral 3:positive   +   0.063,0.402,*0.535 
   249  2:neutral 3:positive   +   0.201,0.325,*0.474 
   250  2:neutral  2:neutral       0.047,*0.718,0.235 
   251  2:neutral  2:neutral       0.101,*0.568,0.33 
   252  2:neutral 3:positive   +   0.087,0.427,*0.486 
   253  2:neutral  2:neutral       0.213,*0.649,0.139 
   254  2:neutral  2:neutral       0.096,*0.762,0.142 
   255  2:neutral  2:neutral       0.073,*0.715,0.212 
   256  2:neutral  2:neutral       0.07,*0.593,0.338 
   257  2:neutral  2:neutral       0.117,*0.527,0.356 
   258  2:neutral  2:neutral       0.072,*0.819,0.109 
   259  2:neutral  2:neutral       0.089,*0.489,0.422 
   260  2:neutral  2:neutral       0.046,*0.864,0.09 
   261  2:neutral 3:positive   +   0.038,0.259,*0.704 
   262  2:neutral  2:neutral       0.042,*0.585,0.372 
   263  2:neutral 3:positive   +   0.073,0.393,*0.534 
   264  2:neutral  2:neutral       0.038,*0.895,0.068 
   265  2:neutral  2:neutral       0.135,*0.541,0.324 
   266  2:neutral  2:neutral       0.03,*0.869,0.101 
   267  2:neutral 3:positive   +   0.199,0.329,*0.472 
   268  2:neutral  2:neutral       0.265,*0.547,0.188 
   269  2:neutral  2:neutral       0.329,*0.444,0.227 
   270  2:neutral 3:positive   +   0.139,0.315,*0.546 
   271  2:neutral 3:positive   +   0.285,0.325,*0.39 
   272  2:neutral  2:neutral       0.076,*0.623,0.301 
   273  2:neutral  2:neutral       0.396,*0.407,0.197 
   274  2:neutral 3:positive   +   0.033,0.463,*0.503 
   275  2:neutral 3:positive   +   0.386,0.12,*0.495 
   276  2:neutral  2:neutral       0.066,*0.805,0.129 
   277  2:neutral  2:neutral       0.019,*0.584,0.397 
   278  2:neutral  2:neutral       0.035,*0.689,0.276 
   279  2:neutral 3:positive   +   0.297,0.349,*0.354 
   280  2:neutral 3:positive   +   0.036,0.417,*0.547 
   281  2:neutral  2:neutral       0.127,*0.644,0.229 
   282  2:neutral  2:neutral       0.111,*0.747,0.142 
   283  2:neutral  2:neutral       0.273,*0.375,0.352 
   284  2:neutral  2:neutral       0.033,*0.5,0.467 
   285  2:neutral  2:neutral       0.014,*0.92,0.066 
   286  2:neutral  2:neutral       0.083,*0.472,0.445 
   287  2:neutral  2:neutral       0.05,*0.886,0.064 
   288  2:neutral  2:neutral       0.211,*0.663,0.126 
   289  2:neutral  2:neutral       0.145,*0.491,0.364 
   290  2:neutral  2:neutral       0.01,*0.532,0.459 
   291  2:neutral  2:neutral       0.136,*0.591,0.274 
   292  2:neutral 1:negative   +   *0.509,0.345,0.146 
   293  2:neutral  2:neutral       0.14,*0.691,0.169 
   294  2:neutral 3:positive   +   0.212,0.284,*0.504 
   295  2:neutral  2:neutral       0.125,*0.845,0.03 
   296  2:neutral  2:neutral       0.097,*0.544,0.359 
   297  2:neutral 3:positive   +   0.14,0.329,*0.531 
   298  2:neutral  2:neutral       0.083,*0.814,0.103 
   299  2:neutral  2:neutral       0.256,*0.569,0.175 
   300  2:neutral  2:neutral       0.074,*0.798,0.128 
   301  2:neutral  2:neutral       0.041,*0.613,0.345 
   302  2:neutral  2:neutral       0.072,*0.713,0.215 
   303  2:neutral 3:positive   +   0.074,0.211,*0.715 
   304  2:neutral  2:neutral       0.119,*0.519,0.363 
   305  2:neutral  2:neutral       0.022,*0.745,0.233 
   306  2:neutral  2:neutral       0.092,*0.555,0.353 
   307  2:neutral  2:neutral       0.033,*0.839,0.128 
   308  2:neutral  2:neutral       0.154,*0.825,0.021 
   309  2:neutral 3:positive   +   0.032,0.135,*0.833 
   310  2:neutral  2:neutral       0.1,*0.866,0.035 
   311  2:neutral 3:positive   +   0.265,0.358,*0.376 
   312  2:neutral  2:neutral       0.098,*0.489,0.413 
   313  2:neutral  2:neutral       0.108,*0.704,0.189 
   314  2:neutral  2:neutral       0.159,*0.617,0.223 
   315  2:neutral  2:neutral       0.04,*0.553,0.408 
   316  2:neutral 3:positive   +   0.025,0.117,*0.857 
   317  2:neutral  2:neutral       0.113,*0.592,0.295 
   318  2:neutral  2:neutral       0.116,*0.527,0.357 
   319  2:neutral 3:positive   +   0.14,0.404,*0.455 
   320  2:neutral  2:neutral       0.336,*0.535,0.13 
   321  2:neutral  2:neutral       0.142,*0.691,0.166 
   322  2:neutral  2:neutral       0.048,*0.833,0.119 
   323  2:neutral 3:positive   +   0.087,0.442,*0.471 
   324  2:neutral  2:neutral       0.109,*0.673,0.219 
   325  2:neutral  2:neutral       0.067,*0.634,0.298 
   326  2:neutral  2:neutral       0.116,*0.692,0.192 
   327  2:neutral 1:negative   +   *0.664,0.118,0.219 
   328  2:neutral 1:negative   +   *0.59,0.229,0.18 
   329  2:neutral  2:neutral       0.271,*0.64,0.089 
   330  2:neutral  2:neutral       0.033,*0.877,0.091 
   331  2:neutral  2:neutral       0.144,*0.581,0.276 
   332  2:neutral  2:neutral       0.174,*0.537,0.289 
   333  2:neutral  2:neutral       0.03,*0.629,0.341 
   334  2:neutral  2:neutral       0.379,*0.432,0.188 
   335  2:neutral 3:positive   +   0.033,0.398,*0.569 
   336  2:neutral  2:neutral       0.13,*0.445,0.425 
   337  2:neutral  2:neutral       0.085,*0.797,0.118 
   338  2:neutral  2:neutral       0.102,*0.659,0.239 
   339  2:neutral  2:neutral       0.039,*0.743,0.218 
   340  2:neutral  2:neutral       0.296,*0.458,0.246 
   341  2:neutral  2:neutral       0.08,*0.567,0.353 
   342  2:neutral 3:positive   +   0.047,0.146,*0.807 
   343  2:neutral  2:neutral       0.148,*0.695,0.157 
   344  2:neutral  2:neutral       0.026,*0.596,0.378 
   345  2:neutral  2:neutral       0.05,*0.645,0.305 
   346  2:neutral  2:neutral       0.069,*0.646,0.285 
   347  2:neutral  2:neutral       0.117,*0.527,0.356 
   348  2:neutral  2:neutral       0.195,*0.45,0.355 
   349  2:neutral  2:neutral       0.167,*0.598,0.235 
   350  2:neutral  2:neutral       0.109,*0.589,0.302 
   351  2:neutral  2:neutral       0.039,*0.618,0.343 
   352  2:neutral  2:neutral       0.036,*0.795,0.169 
   353  2:neutral  2:neutral       0.337,*0.375,0.288 
   354  2:neutral 1:negative   +   *0.79,0.073,0.137 
   355  2:neutral  2:neutral       0.093,*0.575,0.333 
   356  2:neutral 3:positive   +   0.135,0.229,*0.636 
   357  2:neutral  2:neutral       0.067,*0.567,0.365 
