Zero Weights processed. Default weights will be used
..
Warning: using -h 0 may be faster
*
optimization finished, #iter = 2254
C = 781.3983607923033
obj = 452613.64646533993, rho = -15.835271755874635
nSV = 2592, nBSV = 1279
Total nSV = 2592
..
Warning: using -h 0 may be faster
*
optimization finished, #iter = 2235
C = 784.9550302073699
obj = 457687.80150696525, rho = -12.539628392975082
nSV = 2569, nBSV = 1294
Total nSV = 2569
..
Warning: using -h 0 may be faster
*
optimization finished, #iter = 2251
C = 790.3692115477504
obj = 462295.49574009614, rho = -8.639934146591647
nSV = 2598, nBSV = 1259
Total nSV = 2598
..
Warning: using -h 0 may be faster
*
optimization finished, #iter = 2253
C = 813.9771558801752
obj = 471791.32042706467, rho = -1.9568197284222222
nSV = 2598, nBSV = 1267
Total nSV = 2598
..
Warning: using -h 0 may be faster
*
optimization finished, #iter = 2302
C = 773.0249209535704
obj = 455664.9091913598, rho = -9.185886656473743
nSV = 2577, nBSV = 1269
Total nSV = 2577
..
Warning: using -h 0 may be faster
*
optimization finished, #iter = 2794
C = 770.1493101421393
obj = 531326.2104861147, rho = -10.465468261316813
nSV = 3138, nBSV = 1681
....
Warning: using -h 0 may be faster
*
optimization finished, #iter = 4090
C = 1925.2752593605935
obj = 1965512.823172767, rho = -122.72616694317706
nSV = 4442, nBSV = 1776
Total nSV = 4442
...
Warning: using -h 0 may be faster
*
optimization finished, #iter = 3761
C = 1842.1543064939601
obj = 1854930.6674890213, rho = -135.71512610071076
nSV = 4375, nBSV = 1802
Total nSV = 4375
...
Warning: using -h 0 may be faster
*
optimization finished, #iter = 3973
C = 1905.4544083074904
obj = 1931259.2351083108, rho = -88.21712600337736
nSV = 4412, nBSV = 1760
Total nSV = 4412
...
Warning: using -h 0 may be faster
*
optimization finished, #iter = 3898
C = 1880.708927807019
obj = 1915174.0999015383, rho = -125.34616486584571
nSV = 4379, nBSV = 1783
Total nSV = 4379
....
Warning: using -h 0 may be faster
*
optimization finished, #iter = 4028
C = 1902.800887296885
obj = 1936768.5004739033, rho = -103.01754750129525
nSV = 4415, nBSV = 1766
Total nSV = 4415
.
Warning: using -h 0 may be faster
...
Warning: using -h 0 may be faster
*
optimization finished, #iter = 4980
C = 1994.883855215428
obj = 2399828.8909965, rho = 13.68275807346578
nSV = 5353, nBSV = 2315
..
Warning: using -h 0 may be faster
*
optimization finished, #iter = 2563
C = 884.3438457099851
obj = 571398.5477976509, rho = 1.50133172974666
nSV = 3068, nBSV = 1426
Total nSV = 3068
..
Warning: using -h 0 may be faster
*
optimization finished, #iter = 2552
C = 860.093502160084
obj = 562106.4771179763, rho = -40.4163328656632
nSV = 3043, nBSV = 1471
Total nSV = 3043
..
Warning: using -h 0 may be faster
*
optimization finished, #iter = 2647
C = 811.4738016560625
obj = 516845.2275577686, rho = -43.63438342771151
nSV = 3072, nBSV = 1456
Total nSV = 3072
..
Warning: using -h 0 may be faster
*
optimization finished, #iter = 2533
C = 868.2639021458982
obj = 562602.327346207, rho = -35.45769469645399
nSV = 3028, nBSV = 1476
Total nSV = 3028
..
Warning: using -h 0 may be faster
*
optimization finished, #iter = 2604
C = 836.5378370878992
obj = 528299.0248554279, rho = -38.48239613790733
nSV = 3042, nBSV = 1476
Total nSV = 3042
...
Warning: using -h 0 may be faster
*
optimization finished, #iter = 3186
C = 839.7667934673692
obj = 628408.811427249, rho = 11.743421547973949
nSV = 3725, nBSV = 1907
Total nSV = 8244
.
Warning: using -h 0 may be faster
*
optimization finished, #iter = 1791
C = 804.6534745541744
obj = 396949.26893756253, rho = -18.769506207480177
nSV = 2118, nBSV = 992
Total nSV = 2118
.
Warning: using -h 0 may be faster
*
optimization finished, #iter = 1890
C = 841.5244198675888
obj = 426041.35999012965, rho = -7.907234877288262
nSV = 2142, nBSV = 937
Total nSV = 2142
.
Warning: using -h 0 may be faster
*
optimization finished, #iter = 1800
C = 823.2446940837868
obj = 420488.9504829476, rho = -1.6583731660023593
nSV = 2139, nBSV = 988
Total nSV = 2139
.
Warning: using -h 0 may be faster
*
optimization finished, #iter = 1757
C = 753.6431806068343
obj = 361965.4070508767, rho = -9.517769226129484
nSV = 2087, nBSV = 1009
Total nSV = 2087
.
Warning: using -h 0 may be faster
*
optimization finished, #iter = 1778
C = 814.4783799228205
obj = 404184.48793266324, rho = -5.949007527554604
nSV = 2119, nBSV = 974
Total nSV = 2119
Line search fails in two-class probability estimates
..
Warning: using -h 0 may be faster
*
optimization finished, #iter = 2251
C = 789.4114843921606
obj = 464766.83716674714, rho = -10.265866148977457
nSV = 2591, nBSV = 1260
...
Warning: using -h 0 may be faster
*
optimization finished, #iter = 3222
C = 1833.3904358179811
obj = 1605033.3658275697, rho = -98.40589117559493
nSV = 3643, nBSV = 1341
Total nSV = 3643
...
Warning: using -h 0 may be faster
*
optimization finished, #iter = 3179
C = 1752.0815763000544
obj = 1505894.5327647731, rho = -103.07897329427658
nSV = 3635, nBSV = 1334
Total nSV = 3635
...
Warning: using -h 0 may be faster
*
optimization finished, #iter = 3252
C = 1799.4869642302604
obj = 1566847.5241620769, rho = -100.07911116019677
nSV = 3624, nBSV = 1316
Total nSV = 3624
...
Warning: using -h 0 may be faster
*
optimization finished, #iter = 3151
C = 1812.0879538584365
obj = 1579733.6680985377, rho = -93.64436966763262
nSV = 3600, nBSV = 1357
Total nSV = 3600
...
Warning: using -h 0 may be faster
*
optimization finished, #iter = 3372
C = 1802.6350019894342
obj = 1535404.8815330823, rho = -100.47453361896474
nSV = 3637, nBSV = 1334
Total nSV = 3637
...
Warning: using -h 0 may be faster
*
optimization finished, #iter = 3978
C = 1848.2794413236072
obj = 1862841.1500245363, rho = 22.761729886960342
nSV = 4428, nBSV = 1755
.
Warning: using -h 0 may be faster
*
optimization finished, #iter = 1952
C = 793.808630374283
obj = 427030.8706515758, rho = 15.173953123477766
nSV = 2439, nBSV = 1137
Total nSV = 2439
..
Warning: using -h 0 may be faster
*
optimization finished, #iter = 2158
C = 852.2365082450627
obj = 474897.2633014537, rho = -35.96739719892898
nSV = 2505, nBSV = 1121
Total nSV = 2505
..
Warning: using -h 0 may be faster
*
optimization finished, #iter = 2164
C = 906.3738012779287
obj = 510660.34907670465, rho = -37.5051291961328
nSV = 2540, nBSV = 1084
Total nSV = 2540
..
Warning: using -h 0 may be faster
*
optimization finished, #iter = 2177
C = 854.4595791722675
obj = 476836.6492367901, rho = -33.82815377250516
nSV = 2524, nBSV = 1137
Total nSV = 2524
..
Warning: using -h 0 may be faster
*
optimization finished, #iter = 2051
C = 848.8446626332988
obj = 485369.38318840245, rho = -39.689454087135545
nSV = 2488, nBSV = 1125
Total nSV = 2488
..
Warning: using -h 0 may be faster
*
optimization finished, #iter = 2492
C = 824.6886789584066
obj = 531225.4143386028, rho = 18.85787477509498
nSV = 3035, nBSV = 1480
Total nSV = 6705
.
Warning: using -h 0 may be faster
*
optimization finished, #iter = 1910
C = 821.7819163271494
obj = 399094.5941590719, rho = -11.642276684672074
nSV = 2137, nBSV = 983
Total nSV = 2137
.
Warning: using -h 0 may be faster
*
optimization finished, #iter = 1884
C = 773.4711710953986
obj = 371788.12014626345, rho = 3.1865990316047923
nSV = 2107, nBSV = 985
Total nSV = 2107
.
Warning: using -h 0 may be faster
*
optimization finished, #iter = 1804
C = 829.3912104409054
obj = 415836.25639075733, rho = -1.8510425737332552
nSV = 2131, nBSV = 989
Total nSV = 2131
.
Warning: using -h 0 may be faster
*
optimization finished, #iter = 1838
C = 809.0492192872622
obj = 391189.6977071764, rho = -18.576722985984276
nSV = 2123, nBSV = 975
Total nSV = 2123
.
Warning: using -h 0 may be faster
*
optimization finished, #iter = 1826
C = 820.450265775109
obj = 403170.0969425717, rho = -7.274130676696962
nSV = 2111, nBSV = 981
Total nSV = 2111
..
Warning: using -h 0 may be faster
*
optimization finished, #iter = 2304
C = 806.2890350958517
obj = 472410.0442249912, rho = -6.424575070292817
nSV = 2607, nBSV = 1280
...
Warning: using -h 0 may be faster
*
optimization finished, #iter = 3153
C = 1839.8603320036068
obj = 1582062.0242171094, rho = 2.1625471547156434
nSV = 3609, nBSV = 1366
Total nSV = 3609
...
Warning: using -h 0 may be faster
*
optimization finished, #iter = 3294
C = 1767.6813746396922
obj = 1470528.0959304352, rho = -96.54648936457882
nSV = 3649, nBSV = 1347
Total nSV = 3649
...
Warning: using -h 0 may be faster
*
optimization finished, #iter = 3252
C = 1788.1949491508692
obj = 1518225.3209102864, rho = -91.3570133484514
nSV = 3623, nBSV = 1346
Total nSV = 3623
...
Warning: using -h 0 may be faster
*
optimization finished, #iter = 3437
C = 1818.7650328894233
obj = 1542514.0798305052, rho = -108.77566781552147
nSV = 3675, nBSV = 1377
Total nSV = 3675
...
Warning: using -h 0 may be faster
*
optimization finished, #iter = 3218
C = 1796.4334883147676
obj = 1549142.1821225649, rho = -91.7409166338519
nSV = 3655, nBSV = 1341
Total nSV = 3655
...
Warning: using -h 0 may be faster
*
optimization finished, #iter = 3909
C = 1847.515815331422
obj = 1857710.8014176923, rho = 9.145052663238848
nSV = 4406, nBSV = 1773
..
Warning: using -h 0 may be faster
*
optimization finished, #iter = 2082
C = 887.8650936238472
obj = 491834.6026252292, rho = -37.43492003934417
nSV = 2517, nBSV = 1122
Total nSV = 2517
..
Warning: using -h 0 may be faster
*
optimization finished, #iter = 2061
C = 848.7765520467458
obj = 468564.0734004608, rho = -39.944305968535055
nSV = 2508, nBSV = 1144
Total nSV = 2508
..
Warning: using -h 0 may be faster
*
optimization finished, #iter = 2001
C = 848.1550089666168
obj = 461270.7328493841, rho = -26.793667258059216
nSV = 2511, nBSV = 1136
Total nSV = 2511
..
Warning: using -h 0 may be faster
*
optimization finished, #iter = 2059
C = 847.3507305410169
obj = 454079.0862348233, rho = -20.429607717545878
nSV = 2527, nBSV = 1130
Total nSV = 2527
..
Warning: using -h 0 may be faster
*
optimization finished, #iter = 2076
C = 866.9287364909375
obj = 472257.2890884906, rho = -29.808682550077346
nSV = 2534, nBSV = 1141
Total nSV = 2534
..
Warning: using -h 0 may be faster
*
optimization finished, #iter = 2421
C = 841.1468336097607
obj = 534868.7920384211, rho = 3.5172472883767436
nSV = 3001, nBSV = 1482
Total nSV = 6710
...
Warning: using -h 0 may be faster
*
optimization finished, #iter = 3030
C = 1797.6865361097841
obj = 1580282.9142619479, rho = -74.90785250057964
nSV = 3587, nBSV = 1374
Total nSV = 3587
...
Warning: using -h 0 may be faster
*
optimization finished, #iter = 3203
C = 1881.4853056517945
obj = 1625298.495778992, rho = -134.10437194360912
nSV = 3644, nBSV = 1366
Total nSV = 3644
...
Warning: using -h 0 may be faster
*
optimization finished, #iter = 3226
C = 1914.9272770729128
obj = 1643419.9217902448, rho = -113.43972055401095
nSV = 3647, nBSV = 1352
Total nSV = 3647
...
Warning: using -h 0 may be faster
*
optimization finished, #iter = 3396
C = 1848.521724582429
obj = 1600184.6505634596, rho = -98.60723126692639
nSV = 3682, nBSV = 1311
Total nSV = 3682
...
Warning: using -h 0 may be faster
*
optimization finished, #iter = 3300
C = 1835.1625417432754
obj = 1566028.3295167268, rho = -98.30302174177942
nSV = 3674, nBSV = 1320
Total nSV = 3674
....
Warning: using -h 0 may be faster
*
optimization finished, #iter = 4262
C = 1987.7301216665928
obj = 2040683.625517219, rho = -120.97922005483454
nSV = 4481, nBSV = 1742
..
Warning: using -h 0 may be faster
*
optimization finished, #iter = 2084
C = 943.0484608383504
obj = 527969.8466671403, rho = -35.04909136550877
nSV = 2530, nBSV = 1086
Total nSV = 2530
..
Warning: using -h 0 may be faster
*
optimization finished, #iter = 2077
C = 902.0897144040241
obj = 506686.1040559335, rho = -49.27825834676652
nSV = 2514, nBSV = 1105
Total nSV = 2514
..
Warning: using -h 0 may be faster
*
optimization finished, #iter = 2068
C = 888.2079583775062
obj = 494616.7909188554, rho = -32.65679173080513
nSV = 2499, nBSV = 1109
Total nSV = 2499
..
Warning: using -h 0 may be faster
*
optimization finished, #iter = 2164
C = 898.9840880751626
obj = 489231.1621074706, rho = -37.437221497413944
nSV = 2537, nBSV = 1120
Total nSV = 2537
..
Warning: using -h 0 may be faster
*
optimization finished, #iter = 2025
C = 945.1474115800513
obj = 535881.3544383853, rho = -43.941160367768944
nSV = 2550, nBSV = 1109
Total nSV = 2550
..
Warning: using -h 0 may be faster
*
optimization finished, #iter = 2574
C = 911.1760810137281
obj = 592663.1650026792, rho = -36.583758047623256
nSV = 3091, nBSV = 1454
.
Warning: using -h 0 may be faster
*
optimization finished, #iter = 1798
C = 792.7242015766637
obj = 395421.57168591477, rho = -1.5481140838869987
nSV = 2122, nBSV = 975
Total nSV = 2122
.
Warning: using -h 0 may be faster
*
optimization finished, #iter = 1785
C = 793.1157304861885
obj = 390616.463205044, rho = -3.4002367062121177
nSV = 2133, nBSV = 968
Total nSV = 2133
.
Warning: using -h 0 may be faster
*
optimization finished, #iter = 1739
C = 791.828234878783
obj = 382491.23187404574, rho = -13.10190332972924
nSV = 2094, nBSV = 975
Total nSV = 2094
.
Warning: using -h 0 may be faster
*
optimization finished, #iter = 1783
C = 818.953281186442
obj = 401003.3904429189, rho = -14.100299295114722
nSV = 2110, nBSV = 972
Total nSV = 2110
.
Warning: using -h 0 may be faster
*
optimization finished, #iter = 1819
C = 842.3460596388284
obj = 409291.12047757494, rho = -12.367083598624616
nSV = 2121, nBSV = 974
Total nSV = 2121
..
Warning: using -h 0 may be faster
*
optimization finished, #iter = 2288
C = 787.9916059042437
obj = 456790.3784158823, rho = -9.117969562883946
nSV = 2584, nBSV = 1273
Total nSV = 6783
.
Warning: using -h 0 may be faster
*
optimization finished, #iter = 1820
C = 846.9470677302163
obj = 431782.3872353873, rho = -3.8582804956898054
nSV = 2131, nBSV = 969
Total nSV = 2131
.
Warning: using -h 0 may be faster
*
optimization finished, #iter = 1831
C = 853.2266003909072
obj = 434443.7410263767, rho = -3.0375915062146537
nSV = 2123, nBSV = 967
Total nSV = 2123
.
Warning: using -h 0 may be faster
*
optimization finished, #iter = 1702
C = 801.2433228451082
obj = 402995.70061760815, rho = -6.543129229461504
nSV = 2125, nBSV = 986
Total nSV = 2125
.
Warning: using -h 0 may be faster
*
optimization finished, #iter = 1825
C = 858.1133375587716
obj = 436770.23617816047, rho = -7.538091295109379
nSV = 2164, nBSV = 950
Total nSV = 2164
.
Warning: using -h 0 may be faster
*
optimization finished, #iter = 1831
C = 863.2505456533685
obj = 442918.2612190467, rho = -7.30768327552436
nSV = 2135, nBSV = 954
Total nSV = 2135
..
Warning: using -h 0 may be faster
*
optimization finished, #iter = 2366
C = 819.8998558878011
obj = 488746.3268684767, rho = -16.871413992940163
nSV = 2629, nBSV = 1250
..
Warning: using -h 0 may be faster
*
optimization finished, #iter = 2061
C = 920.5687303070621
obj = 515764.3058684385, rho = -34.309184948001175
nSV = 2528, nBSV = 1096
Total nSV = 2528
..
Warning: using -h 0 may be faster
*
optimization finished, #iter = 2156
C = 832.6570163466283
obj = 448055.8275647241, rho = -26.4344787385814
nSV = 2519, nBSV = 1124
Total nSV = 2519
..
Warning: using -h 0 may be faster
*
optimization finished, #iter = 2134
C = 850.1754157061118
obj = 456204.0706055961, rho = -35.32964431171196
nSV = 2550, nBSV = 1138
Total nSV = 2550
..
Warning: using -h 0 may be faster
*
optimization finished, #iter = 2106
C = 861.0132369752097
obj = 473737.706737962, rho = -39.09136622839508
nSV = 2521, nBSV = 1109
Total nSV = 2521
..
Warning: using -h 0 may be faster
*
optimization finished, #iter = 2038
C = 828.1183598135984
obj = 444920.70680050954, rho = -27.512698122809976
nSV = 2521, nBSV = 1142
Total nSV = 2521
..
Warning: using -h 0 may be faster
*
optimization finished, #iter = 2466
C = 842.29164059967
obj = 539632.9199535697, rho = 10.682938034331212
nSV = 3042, nBSV = 1459
...
Warning: using -h 0 may be faster
*
optimization finished, #iter = 3358
C = 1789.3431245317104
obj = 1509338.6996187982, rho = 19.765833582155096
nSV = 3644, nBSV = 1350
Total nSV = 3644
...
Warning: using -h 0 may be faster
*
optimization finished, #iter = 3199
C = 1803.4635474533031
obj = 1547514.1252421583, rho = -86.13953582001957
nSV = 3585, nBSV = 1350
Total nSV = 3585
...
Warning: using -h 0 may be faster
*
optimization finished, #iter = 3224
C = 1738.0681341297568
obj = 1453648.6163028006, rho = -79.64702839983887
nSV = 3609, nBSV = 1387
Total nSV = 3609
...
Warning: using -h 0 may be faster
*
optimization finished, #iter = 3226
C = 1747.8163995906452
obj = 1480005.6666095757, rho = -78.42931186520758
nSV = 3605, nBSV = 1362
Total nSV = 3605
...
Warning: using -h 0 may be faster
*
optimization finished, #iter = 3246
C = 1844.9471609712843
obj = 1596628.2761023417, rho = -91.35474220123655
nSV = 3616, nBSV = 1350
Total nSV = 3616
....
Warning: using -h 0 may be faster
*
optimization finished, #iter = 4113
C = 1836.7321919463077
obj = 1815365.7609573505, rho = 2.2847379734118376
nSV = 4412, nBSV = 1772
Total nSV = 6722
..
Warning: using -h 0 may be faster
*
optimization finished, #iter = 2090
C = 789.389957856158
obj = 414959.9801123964, rho = 12.6529200321784
nSV = 2458, nBSV = 1163
Total nSV = 2458
..
Warning: using -h 0 may be faster
*
optimization finished, #iter = 2068
C = 870.0261071860479
obj = 473347.39140858117, rho = -27.259619278028442
nSV = 2495, nBSV = 1118
Total nSV = 2495
..
Warning: using -h 0 may be faster
*
optimization finished, #iter = 2197
C = 772.738515325644
obj = 402501.69120524556, rho = -27.859827067455637
nSV = 2498, nBSV = 1139
Total nSV = 2498
..
Warning: using -h 0 may be faster
*
optimization finished, #iter = 2106
C = 768.5465427510424
obj = 396456.91214725666, rho = -22.746242173464186
nSV = 2483, nBSV = 1170
Total nSV = 2483
..
Warning: using -h 0 may be faster
*
optimization finished, #iter = 2046
C = 871.3027049291701
obj = 468164.2704666472, rho = -37.44885250658302
nSV = 2497, nBSV = 1141
Total nSV = 2497
..
Warning: using -h 0 may be faster
*
optimization finished, #iter = 2398
C = 802.1265116988499
obj = 498302.86020880594, rho = 6.474186654243372
nSV = 2983, nBSV = 1511
.
Warning: using -h 0 may be faster
*
optimization finished, #iter = 1851
C = 804.7224737326259
obj = 397162.30234253826, rho = -15.840683714861775
nSV = 2121, nBSV = 993
Total nSV = 2121
.
Warning: using -h 0 may be faster
*
optimization finished, #iter = 1908
C = 778.5971123582541
obj = 376301.2742437288, rho = -12.684280161820938
nSV = 2099, nBSV = 985
Total nSV = 2099
.
Warning: using -h 0 may be faster
*
optimization finished, #iter = 1787
C = 831.2066972493258
obj = 413873.80039018934, rho = -12.345569289460208
nSV = 2109, nBSV = 972
Total nSV = 2109
.
Warning: using -h 0 may be faster
*
optimization finished, #iter = 1870
C = 782.2882175137742
obj = 381452.5937971672, rho = -8.310630615992135
nSV = 2139, nBSV = 984
Total nSV = 2139
.
Warning: using -h 0 may be faster
*
optimization finished, #iter = 1847
C = 750.5583087532433
obj = 361457.8769895649, rho = -16.070883913145607
nSV = 2115, nBSV = 998
Total nSV = 2115
Line search fails in two-class probability estimates
..
Warning: using -h 0 may be faster
*
optimization finished, #iter = 2249
C = 771.107028334244
obj = 446363.9551595112, rho = -6.008158591936376
nSV = 2560, nBSV = 1292
...
Warning: using -h 0 may be faster
*
optimization finished, #iter = 3442
C = 1865.146704377075
obj = 1595634.7345743952, rho = -117.87379275207567
nSV = 3671, nBSV = 1317
Total nSV = 3671
...
Warning: using -h 0 may be faster
*
optimization finished, #iter = 3465
C = 1886.8090434846504
obj = 1602635.5824049842, rho = 18.70417996651918
nSV = 3677, nBSV = 1317
Total nSV = 3677
...
Warning: using -h 0 may be faster
*
optimization finished, #iter = 3288
C = 1849.2647074302458
obj = 1585105.4154033375, rho = -9.463589225285679
nSV = 3638, nBSV = 1355
Total nSV = 3638
...
Warning: using -h 0 may be faster
*
optimization finished, #iter = 3339
C = 1851.4361590966728
obj = 1583223.3803215018, rho = -16.010218777722393
nSV = 3665, nBSV = 1331
Total nSV = 3665
...
Warning: using -h 0 may be faster
*
optimization finished, #iter = 3337
C = 1791.2853578240752
obj = 1513069.0386235286, rho = 33.96282787838395
nSV = 3619, nBSV = 1347
Total nSV = 3619
....
Warning: using -h 0 may be faster
*
optimization finished, #iter = 4021
C = 1970.8725333398343
obj = 2059592.8812632465, rho = -121.29886152433049
nSV = 4438, nBSV = 1771
Total nSV = 6726


=== Predictions under cross-validation ===

 inst#     actual  predicted error distribution
     1  2:neutral 1:negative   +   *0.45,0.364,0.186 
     2  2:neutral  2:neutral       0.04,*0.83,0.131 
     3  2:neutral 3:positive   +   0.111,0.203,*0.686 
     4  2:neutral  2:neutral       0.064,*0.728,0.208 
     5  2:neutral  2:neutral       0.044,*0.728,0.228 
     6  2:neutral 1:negative   +   *0.534,0.424,0.041 
     7  2:neutral 3:positive   +   0.045,0.405,*0.55 
     8  2:neutral  2:neutral       0.147,*0.724,0.129 
     9  2:neutral  2:neutral       0.108,*0.583,0.309 
    10  2:neutral 1:negative   +   *0.661,0.212,0.127 
    11  2:neutral 3:positive   +   0.029,0.365,*0.605 
    12  2:neutral  2:neutral       0.054,*0.806,0.14 
    13  2:neutral  2:neutral       0.066,*0.678,0.256 
    14  2:neutral  2:neutral       0.02,*0.611,0.369 
    15  2:neutral 1:negative   +   *0.48,0.365,0.155 
    16  2:neutral  2:neutral       0.038,*0.72,0.242 
    17  2:neutral 1:negative   +   *0.377,0.35,0.272 
    18  2:neutral  2:neutral       0.268,*0.45,0.282 
    19  2:neutral  2:neutral       0.104,*0.673,0.222 
    20  2:neutral  2:neutral       0.031,*0.929,0.039 
    21  2:neutral 1:negative   +   *0.389,0.323,0.288 
    22  2:neutral  2:neutral       0.116,*0.571,0.313 
    23  2:neutral  2:neutral       0.09,*0.672,0.238 
    24  2:neutral  2:neutral       0.086,*0.77,0.143 
    25  2:neutral  2:neutral       0.052,*0.667,0.281 
    26  2:neutral 3:positive   +   0.095,0.177,*0.728 
    27  2:neutral  2:neutral       0.044,*0.849,0.107 
    28  2:neutral  2:neutral       0.322,*0.511,0.166 
    29  2:neutral  2:neutral       0.029,*0.713,0.258 
    30  2:neutral 3:positive   +   0.028,0.369,*0.603 
    31  2:neutral 1:negative   +   *0.514,0.427,0.059 
    32  2:neutral 1:negative   +   *0.866,0.105,0.029 
    33  2:neutral  2:neutral       0.012,*0.876,0.111 
    34  2:neutral  2:neutral       0.047,*0.795,0.159 
    35  2:neutral  2:neutral       0.139,*0.778,0.083 
    36  2:neutral  2:neutral       0.023,*0.701,0.277 
    37  2:neutral  2:neutral       0.147,*0.611,0.242 
    38  2:neutral  2:neutral       0.118,*0.693,0.19 
    39  2:neutral  2:neutral       0.062,*0.762,0.176 
    40  2:neutral  2:neutral       0.043,*0.695,0.261 
    41  2:neutral  2:neutral       0.109,*0.735,0.156 
    42  2:neutral  2:neutral       0.123,*0.638,0.24 
    43  2:neutral 3:positive   +   0.173,0.075,*0.752 
    44  2:neutral 3:positive   +   0.07,0.38,*0.55 
    45  2:neutral  2:neutral       0.062,*0.743,0.195 
    46  2:neutral  2:neutral       0.058,*0.608,0.333 
    47  2:neutral  2:neutral       0.081,*0.666,0.253 
    48  2:neutral  2:neutral       0.096,*0.463,0.441 
    49  2:neutral  2:neutral       0.031,*0.883,0.086 
    50  2:neutral  2:neutral       0.081,*0.71,0.209 
    51  2:neutral  2:neutral       0.216,*0.64,0.143 
    52  2:neutral  2:neutral       0.284,*0.45,0.266 
    53  2:neutral  2:neutral       0.148,*0.438,0.414 
    54  2:neutral  2:neutral       0.147,*0.508,0.346 
    55  2:neutral  2:neutral       0.038,*0.832,0.13 
    56  2:neutral  2:neutral       0.028,*0.923,0.049 
    57  2:neutral  2:neutral       0.186,*0.547,0.266 
    58  2:neutral  2:neutral       0.078,*0.478,0.444 
    59  2:neutral  2:neutral       0.096,*0.655,0.249 
    60  2:neutral  2:neutral       0.114,*0.592,0.293 
    61  2:neutral  2:neutral       0.11,*0.7,0.191 
    62  2:neutral  2:neutral       0.141,*0.653,0.205 
    63  2:neutral  2:neutral       0.041,*0.739,0.22 
    64  2:neutral  2:neutral       0.044,*0.559,0.397 
    65  2:neutral  2:neutral       0.228,*0.622,0.15 
    66  2:neutral 3:positive   +   0.053,0.419,*0.528 
    67  2:neutral  2:neutral       0.115,*0.559,0.326 
    68  2:neutral  2:neutral       0.318,*0.439,0.242 
    69  2:neutral 3:positive   +   0.046,0.293,*0.661 
    70  2:neutral 3:positive   +   0.188,0.324,*0.488 
    71  2:neutral  2:neutral       0.217,*0.588,0.195 
    72  2:neutral 3:positive   +   0.045,0.117,*0.838 
    73  2:neutral  2:neutral       0.131,*0.585,0.284 
    74  2:neutral  2:neutral       0.126,*0.478,0.396 
    75  2:neutral  2:neutral       0.085,*0.771,0.144 
    76  2:neutral  2:neutral       0.144,*0.621,0.235 
    77  2:neutral  2:neutral       0.053,*0.558,0.388 
    78  2:neutral  2:neutral       0.116,*0.645,0.24 
    79  2:neutral  2:neutral       0.313,*0.617,0.07 
    80  2:neutral  2:neutral       0.047,*0.798,0.155 
    81  2:neutral  2:neutral       0.372,*0.423,0.205 
    82  2:neutral  2:neutral       0.085,*0.857,0.057 
    83  2:neutral 1:negative   +   *0.496,0.177,0.327 
    84  2:neutral 3:positive   +   0.016,0.193,*0.791 
    85  2:neutral 1:negative   +   *0.431,0.381,0.188 
    86  2:neutral  2:neutral       0.051,*0.829,0.121 
    87  2:neutral 3:positive   +   0.009,0.414,*0.577 
    88  2:neutral  2:neutral       0.026,*0.657,0.317 
    89  2:neutral 1:negative   +   *0.649,0.142,0.209 
    90  2:neutral  2:neutral       0.024,*0.692,0.284 
    91  2:neutral  2:neutral       0.197,*0.646,0.157 
    92  2:neutral  2:neutral       0.147,*0.582,0.271 
    93  2:neutral  2:neutral       0.077,*0.597,0.327 
    94  2:neutral 3:positive   +   0.073,0.438,*0.49 
    95  2:neutral 3:positive   +   0.071,0.397,*0.532 
    96  2:neutral  2:neutral       0.12,*0.658,0.222 
    97  2:neutral  2:neutral       0.085,*0.763,0.152 
    98  2:neutral 3:positive   +   0.052,0.435,*0.513 
    99  2:neutral  2:neutral       0.059,*0.782,0.159 
   100  2:neutral  2:neutral       0.06,*0.7,0.24 
   101  2:neutral  2:neutral       0.075,*0.592,0.333 
   102  2:neutral 3:positive   +   0.069,0.367,*0.563 
   103  2:neutral  2:neutral       0.049,*0.78,0.171 
   104  2:neutral  2:neutral       0.209,*0.523,0.268 
   105  2:neutral  2:neutral       0.057,*0.654,0.289 
   106  2:neutral 3:positive   +   0.065,0.283,*0.652 
   107  2:neutral  2:neutral       0.09,*0.672,0.238 
   108  2:neutral  2:neutral       0.037,*0.852,0.112 
   109  2:neutral  2:neutral       0.013,*0.838,0.149 
   110  2:neutral  2:neutral       0.166,*0.664,0.17 
   111  2:neutral  2:neutral       0.06,*0.713,0.228 
   112  2:neutral  2:neutral       0.021,*0.752,0.226 
   113  2:neutral  2:neutral       0.034,*0.703,0.264 
   114  2:neutral 3:positive   +   0.203,0.348,*0.449 
   115  2:neutral  2:neutral       0.076,*0.662,0.262 
   116  2:neutral  2:neutral       0.093,*0.679,0.228 
   117  2:neutral  2:neutral       0.023,*0.942,0.035 
   118  2:neutral  2:neutral       0.137,*0.529,0.334 
   119  2:neutral  2:neutral       0.06,*0.777,0.164 
   120  2:neutral 3:positive   +   0.071,0.246,*0.684 
   121  2:neutral  2:neutral       0.062,*0.615,0.323 
   122  2:neutral 3:positive   +   0.062,0.184,*0.755 
   123  2:neutral  2:neutral       0.134,*0.792,0.074 
   124  2:neutral  2:neutral       0.058,*0.862,0.08 
   125  2:neutral  2:neutral       0.191,*0.702,0.107 
   126  2:neutral  2:neutral       0.097,*0.714,0.19 
   127  2:neutral  2:neutral       0.058,*0.793,0.149 
   128  2:neutral 3:positive   +   0.049,0.29,*0.661 
   129  2:neutral  2:neutral       0.212,*0.578,0.21 
   130  2:neutral  2:neutral       0.064,*0.645,0.292 
   131  2:neutral  2:neutral       0.393,*0.441,0.166 
   132  2:neutral  2:neutral       0.08,*0.684,0.235 
   133  2:neutral  2:neutral       0.085,*0.749,0.167 
   134  2:neutral  2:neutral       0.026,*0.825,0.149 
   135  2:neutral  2:neutral       0.03,*0.829,0.14 
   136  2:neutral  2:neutral       0.014,*0.766,0.22 
   137  2:neutral  2:neutral       0.062,*0.748,0.19 
   138  2:neutral  2:neutral       0.133,*0.519,0.348 
   139  2:neutral  2:neutral       0.136,*0.585,0.278 
   140  2:neutral  2:neutral       0.225,*0.618,0.158 
   141  2:neutral  2:neutral       0.049,*0.72,0.231 
   142  2:neutral  2:neutral       0.137,*0.674,0.189 
   143  2:neutral  2:neutral       0.164,*0.544,0.292 
   144  2:neutral  2:neutral       0.135,*0.594,0.27 
   145  2:neutral 3:positive   +   0.358,0.21,*0.432 
   146  2:neutral  2:neutral       0.332,*0.572,0.096 
   147  2:neutral  2:neutral       0.017,*0.764,0.22 
   148  2:neutral  2:neutral       0.079,*0.706,0.216 
   149  2:neutral 3:positive   +   0.193,0.383,*0.424 
   150  2:neutral  2:neutral       0.07,*0.829,0.1 
   151  2:neutral  2:neutral       0.083,*0.581,0.336 
   152  2:neutral  2:neutral       0.062,*0.756,0.182 
   153  2:neutral  2:neutral       0.038,*0.804,0.158 
   154  2:neutral  2:neutral       0.091,*0.718,0.19 
   155  2:neutral 3:positive   +   0.05,0.287,*0.663 
   156  2:neutral 3:positive   +   0.064,0.372,*0.564 
   157  2:neutral  2:neutral       0.04,*0.631,0.329 
   158  2:neutral  2:neutral       0.06,*0.799,0.141 
   159  2:neutral  2:neutral       0.064,*0.875,0.061 
   160  2:neutral  2:neutral       0.009,*0.728,0.263 
   161  2:neutral  2:neutral       0.271,*0.483,0.246 
   162  2:neutral  2:neutral       0.028,*0.76,0.212 
   163  2:neutral  2:neutral       0.015,*0.773,0.213 
   164  2:neutral  2:neutral       0.288,*0.566,0.146 
   165  2:neutral  2:neutral       0.063,*0.831,0.106 
   166  2:neutral  2:neutral       0.108,*0.755,0.137 
   167  2:neutral  2:neutral       0.124,*0.555,0.321 
   168  2:neutral  2:neutral       0.061,*0.805,0.134 
   169  2:neutral  2:neutral       0.194,*0.593,0.213 
   170  2:neutral  2:neutral       0.113,*0.751,0.135 
   171  2:neutral  2:neutral       0.084,*0.543,0.373 
   172  2:neutral  2:neutral       0.117,*0.672,0.211 
   173  2:neutral 1:negative   +   *0.77,0.173,0.057 
   174  2:neutral  2:neutral       0.109,*0.6,0.291 
   175  2:neutral  2:neutral       0.088,*0.601,0.31 
   176  2:neutral 3:positive   +   0.135,0.379,*0.486 
   177  2:neutral  2:neutral       0.046,*0.83,0.124 
   178  2:neutral  2:neutral       0.168,*0.601,0.232 
   179  2:neutral  2:neutral       0.128,*0.598,0.274 
   180  2:neutral  2:neutral       0.047,*0.839,0.115 
   181  2:neutral  2:neutral       0.048,*0.821,0.131 
   182  2:neutral 1:negative   +   *0.722,0.225,0.053 
   183  2:neutral  2:neutral       0.064,*0.685,0.251 
   184  2:neutral  2:neutral       0.108,*0.485,0.407 
   185  2:neutral  2:neutral       0.09,*0.699,0.211 
   186  2:neutral  2:neutral       0.012,*0.677,0.311 
   187  2:neutral  2:neutral       0.058,*0.582,0.36 
   188  2:neutral 3:positive   +   0.104,0.42,*0.476 
   189  2:neutral 1:negative   +   *0.787,0.175,0.038 
   190  2:neutral  2:neutral       0.302,*0.602,0.096 
   191  2:neutral  2:neutral       0.252,*0.634,0.114 
   192  2:neutral  2:neutral       0.062,*0.746,0.192 
   193  2:neutral 3:positive   +   0.012,0.462,*0.526 
   194  2:neutral  2:neutral       0.135,*0.801,0.064 
   195  2:neutral 3:positive   +   0.176,0.268,*0.556 
   196  2:neutral  2:neutral       0.078,*0.76,0.163 
   197  2:neutral  2:neutral       0.11,*0.722,0.168 
   198  2:neutral 1:negative   +   *0.508,0.349,0.143 
   199  2:neutral 3:positive   +   0.063,0.251,*0.686 
   200  2:neutral  2:neutral       0.102,*0.601,0.296 
   201  2:neutral  2:neutral       0.028,*0.941,0.031 
   202  2:neutral  2:neutral       0.094,*0.728,0.179 
   203  2:neutral  2:neutral       0.099,*0.464,0.436 
   204  2:neutral  2:neutral       0.032,*0.944,0.024 
   205  2:neutral  2:neutral       0.019,*0.621,0.36 
   206  2:neutral  2:neutral       0.36,*0.48,0.16 
   207  2:neutral  2:neutral       0.087,*0.464,0.45 
   208  2:neutral  2:neutral       0.035,*0.887,0.078 
   209  2:neutral  2:neutral       0.061,*0.751,0.188 
   210  2:neutral 1:negative   +   *0.361,0.347,0.292 
   211  2:neutral  2:neutral       0.026,*0.706,0.268 
   212  2:neutral  2:neutral       0.042,*0.813,0.145 
   213  2:neutral  2:neutral       0.073,*0.791,0.135 
   214  2:neutral  2:neutral       0.134,*0.689,0.178 
   215  2:neutral  2:neutral       0.104,*0.731,0.165 
   216  2:neutral 3:positive   +   0.079,0.456,*0.465 
   217  2:neutral  2:neutral       0.057,*0.844,0.099 
   218  2:neutral  2:neutral       0.173,*0.422,0.405 
   219  2:neutral  2:neutral       0.245,*0.615,0.14 
   220  2:neutral  2:neutral       0.061,*0.7,0.239 
   221  2:neutral 1:negative   +   *0.432,0.232,0.336 
   222  2:neutral  2:neutral       0.108,*0.455,0.436 
   223  2:neutral  2:neutral       0.101,*0.634,0.265 
   224  2:neutral  2:neutral       0.186,*0.603,0.211 
   225  2:neutral  2:neutral       0.042,*0.839,0.119 
   226  2:neutral  2:neutral       0.041,*0.743,0.215 
   227  2:neutral  2:neutral       0.042,*0.817,0.141 
   228  2:neutral 3:positive   +   0.036,0.437,*0.527 
   229  2:neutral  2:neutral       0.022,*0.536,0.442 
   230  2:neutral 1:negative   +   *0.593,0.207,0.2 
   231  2:neutral  2:neutral       0.086,*0.768,0.146 
   232  2:neutral  2:neutral       0.259,*0.499,0.242 
   233  2:neutral  2:neutral       0.191,*0.457,0.352 
   234  2:neutral 3:positive   +   0.022,0.45,*0.527 
   235  2:neutral  2:neutral       0.233,*0.639,0.128 
   236  2:neutral  2:neutral       0.12,*0.469,0.411 
   237  2:neutral 3:positive   +   0.044,0.307,*0.649 
   238  2:neutral  2:neutral       0.22,*0.616,0.164 
   239  2:neutral 3:positive   +   0.18,0.369,*0.451 
   240  2:neutral  2:neutral       0.117,*0.585,0.298 
   241  2:neutral  2:neutral       0.432,*0.449,0.119 
   242  2:neutral  2:neutral       0.07,*0.79,0.139 
   243  2:neutral 3:positive   +   0.031,0.438,*0.531 
   244  2:neutral  2:neutral       0.067,*0.8,0.133 
   245  2:neutral  2:neutral       0.192,*0.661,0.146 
   246  2:neutral 3:positive   +   0.01,0.305,*0.684 
   247  2:neutral  2:neutral       0.013,*0.95,0.037 
   248  2:neutral 3:positive   +   0.068,0.457,*0.475 
   249  2:neutral  2:neutral       0.137,*0.48,0.383 
   250  2:neutral  2:neutral       0.052,*0.719,0.229 
   251  2:neutral  2:neutral       0.07,*0.565,0.365 
   252  2:neutral  2:neutral       0.102,*0.733,0.165 
   253  2:neutral  2:neutral       0.165,*0.691,0.144 
   254  2:neutral  2:neutral       0.101,*0.803,0.096 
   255  2:neutral  2:neutral       0.036,*0.688,0.276 
   256  2:neutral  2:neutral       0.07,*0.654,0.276 
   257  2:neutral  2:neutral       0.09,*0.672,0.238 
   258  2:neutral  2:neutral       0.096,*0.855,0.049 
   259  2:neutral 3:positive   +   0.059,0.461,*0.48 
   260  2:neutral  2:neutral       0.046,*0.897,0.058 
   261  2:neutral 3:positive   +   0.041,0.274,*0.685 
   262  2:neutral  2:neutral       0.021,*0.787,0.191 
   263  2:neutral  2:neutral       0.068,*0.726,0.206 
   264  2:neutral  2:neutral       0.059,*0.874,0.066 
   265  2:neutral  2:neutral       0.157,*0.566,0.277 
   266  2:neutral  2:neutral       0.063,*0.564,0.372 
   267  2:neutral 3:positive   +   0.194,0.374,*0.432 
   268  2:neutral  2:neutral       0.198,*0.62,0.182 
   269  2:neutral  2:neutral       0.313,*0.5,0.187 
   270  2:neutral  2:neutral       0.216,*0.415,0.369 
   271  2:neutral 1:negative   +   *0.539,0.234,0.227 
   272  2:neutral 3:positive   +   0.193,0.129,*0.679 
   273  2:neutral  2:neutral       0.33,*0.508,0.161 
   274  2:neutral  2:neutral       0.03,*0.67,0.3 
   275  2:neutral 1:negative   +   *0.491,0.135,0.374 
   276  2:neutral  2:neutral       0.027,*0.876,0.096 
   277  2:neutral  2:neutral       0.026,*0.538,0.436 
   278  2:neutral  2:neutral       0.029,*0.839,0.132 
   279  2:neutral 3:positive   +   0.197,0.383,*0.419 
   280  2:neutral 3:positive   +   0.017,0.424,*0.559 
   281  2:neutral  2:neutral       0.101,*0.706,0.193 
   282  2:neutral  2:neutral       0.052,*0.856,0.092 
   283  2:neutral  2:neutral       0.303,*0.377,0.32 
   284  2:neutral  2:neutral       0.051,*0.501,0.448 
   285  2:neutral  2:neutral       0.015,*0.933,0.052 
   286  2:neutral  2:neutral       0.104,*0.496,0.4 
   287  2:neutral  2:neutral       0.056,*0.894,0.05 
   288  2:neutral  2:neutral       0.13,*0.767,0.103 
   289  2:neutral  2:neutral       0.103,*0.731,0.166 
   290  2:neutral  2:neutral       0.017,*0.64,0.342 
   291  2:neutral  2:neutral       0.175,*0.438,0.387 
   292  2:neutral 1:negative   +   *0.56,0.268,0.173 
   293  2:neutral 3:positive   +   0.028,0.429,*0.542 
   294  2:neutral  2:neutral       0.16,*0.449,0.392 
   295  2:neutral  2:neutral       0.107,*0.847,0.046 
   296  2:neutral  2:neutral       0.08,*0.684,0.235 
   297  2:neutral  2:neutral       0.165,*0.421,0.414 
   298  2:neutral  2:neutral       0.15,*0.732,0.118 
   299  2:neutral  2:neutral       0.174,*0.66,0.166 
   300  2:neutral  2:neutral       0.063,*0.88,0.057 
   301  2:neutral  2:neutral       0.032,*0.793,0.175 
   302  2:neutral  2:neutral       0.068,*0.583,0.349 
   303  2:neutral 3:positive   +   0.098,0.242,*0.66 
   304  2:neutral 3:positive   +   0.206,0.35,*0.444 
   305  2:neutral  2:neutral       0.03,*0.812,0.159 
   306  2:neutral  2:neutral       0.105,*0.615,0.28 
   307  2:neutral  2:neutral       0.046,*0.659,0.295 
   308  2:neutral  2:neutral       0.137,*0.848,0.015 
   309  2:neutral 3:positive   +   0.051,0.433,*0.516 
   310  2:neutral  2:neutral       0.15,*0.808,0.042 
   311  2:neutral  2:neutral       0.165,*0.522,0.313 
   312  2:neutral  2:neutral       0.07,*0.717,0.213 
   313  2:neutral  2:neutral       0.15,*0.718,0.132 
   314  2:neutral  2:neutral       0.262,*0.57,0.168 
   315  2:neutral 3:positive   +   0.029,0.476,*0.495 
   316  2:neutral 3:positive   +   0.037,0.273,*0.69 
   317  2:neutral  2:neutral       0.128,*0.58,0.292 
   318  2:neutral  2:neutral       0.099,*0.718,0.183 
   319  2:neutral  2:neutral       0.141,*0.484,0.375 
   320  2:neutral  2:neutral       0.232,*0.601,0.167 
   321  2:neutral  2:neutral       0.131,*0.734,0.135 
   322  2:neutral  2:neutral       0.051,*0.867,0.082 
   323  2:neutral  2:neutral       0.119,*0.503,0.379 
   324  2:neutral  2:neutral       0.101,*0.776,0.123 
   325  2:neutral  2:neutral       0.06,*0.703,0.237 
   326  2:neutral  2:neutral       0.067,*0.653,0.28 
   327  2:neutral 1:negative   +   *0.875,0.082,0.043 
   328  2:neutral 1:negative   +   *0.67,0.274,0.056 
   329  2:neutral  2:neutral       0.378,*0.499,0.123 
   330  2:neutral  2:neutral       0.041,*0.846,0.113 
   331  2:neutral 3:positive   +   0.058,0.316,*0.626 
   332  2:neutral  2:neutral       0.099,*0.68,0.222 
   333  2:neutral  2:neutral       0.028,*0.806,0.166 
   334  2:neutral 1:negative   +   *0.368,0.365,0.267 
   335  2:neutral  2:neutral       0.045,*0.528,0.428 
   336  2:neutral  2:neutral       0.096,*0.559,0.345 
   337  2:neutral  2:neutral       0.05,*0.859,0.091 
   338  2:neutral  2:neutral       0.08,*0.549,0.371 
   339  2:neutral  2:neutral       0.058,*0.808,0.134 
   340  2:neutral  2:neutral       0.301,*0.527,0.172 
   341  2:neutral  2:neutral       0.061,*0.675,0.264 
   342  2:neutral 3:positive   +   0.064,0.124,*0.812 
   343  2:neutral  2:neutral       0.2,*0.536,0.264 
   344  2:neutral  2:neutral       0.044,*0.523,0.433 
   345  2:neutral  2:neutral       0.043,*0.786,0.171 
   346  2:neutral  2:neutral       0.081,*0.47,0.45 
   347  2:neutral  2:neutral       0.09,*0.672,0.238 
   348  2:neutral  2:neutral       0.207,*0.544,0.249 
   349  2:neutral  2:neutral       0.222,*0.566,0.212 
   350  2:neutral  2:neutral       0.046,*0.574,0.38 
   351  2:neutral  2:neutral       0.049,*0.653,0.298 
   352  2:neutral  2:neutral       0.066,*0.702,0.233 
   353  2:neutral  2:neutral       0.312,*0.526,0.162 
   354  2:neutral 1:negative   +   *0.849,0.06,0.091 
   355  2:neutral  2:neutral       0.09,*0.672,0.238 
   356  2:neutral 3:positive   +   0.239,0.302,*0.458 
   357  2:neutral  2:neutral       0.045,*0.511,0.444 
