Zero Weights processed. Default weights will be used
.
Warning: using -h 0 may be faster
*
optimization finished, #iter = 1567
C = 133.08807425431166
obj = 58338.164458047424, rho = 0.5714689622126262
nSV = 2948, nBSV = 2460
Total nSV = 2948
.
Warning: using -h 0 may be faster
*
optimization finished, #iter = 1531
C = 121.46500885457979
obj = 51222.19721342397, rho = -5.859210480187683
nSV = 2919, nBSV = 2492
Total nSV = 2919
.
Warning: using -h 0 may be faster
*
optimization finished, #iter = 1499
C = 122.65189581637708
obj = 50909.150105315566, rho = -4.110674827809035
nSV = 2928, nBSV = 2487
Total nSV = 2928
.
Warning: using -h 0 may be faster
*
optimization finished, #iter = 1534
C = 128.16438000951248
obj = 55450.45826423756, rho = -1.6947353848705378
nSV = 2937, nBSV = 2482
Total nSV = 2937
.
Warning: using -h 0 may be faster
*
optimization finished, #iter = 1530
C = 127.63964949309555
obj = 56049.31317610444, rho = -6.0844084663697044
nSV = 2925, nBSV = 2489
Total nSV = 2925
Line search fails in two-class probability estimates
.
Warning: using -h 0 may be faster
*
optimization finished, #iter = 1987
C = 108.33239933737212
obj = 53839.5437230354, rho = 2.0346275184731244
nSV = 3634, nBSV = 3143
.
Warning: using -h 0 may be faster
..
Warning: using -h 0 may be faster
*
optimization finished, #iter = 3890
C = 478.75882052093647
obj = 424062.25387729856, rho = 15.466785951295828
nSV = 5088, nBSV = 3478
Total nSV = 5088
.
Warning: using -h 0 may be faster
...
Warning: using -h 0 may be faster
*
optimization finished, #iter = 4136
C = 494.29734620925194
obj = 438693.52996045636, rho = -35.26468059317268
nSV = 5125, nBSV = 3446
Total nSV = 5125
.
Warning: using -h 0 may be faster
...
Warning: using -h 0 may be faster
*
optimization finished, #iter = 4108
C = 531.3656912821522
obj = 476069.1145113355, rho = -30.66083128413636
nSV = 5168, nBSV = 3403
Total nSV = 5168
.
Warning: using -h 0 may be faster
...
Warning: using -h 0 may be faster
*
optimization finished, #iter = 4058
C = 498.94487619921244
obj = 447174.76489638514, rho = -27.831478401393667
nSV = 5161, nBSV = 3413
Total nSV = 5161
.
Warning: using -h 0 may be faster
..
Warning: using -h 0 may be faster
*
optimization finished, #iter = 3892
C = 466.1946808500693
obj = 411102.8133993601, rho = -23.3605199539929
nSV = 5098, nBSV = 3484
Total nSV = 5098
.
Warning: using -h 0 may be faster
....
Warning: using -h 0 may be faster
*
optimization finished, #iter = 5055
C = 458.9957352692262
obj = 463455.2631183731, rho = 13.160590254972071
nSV = 6277, nBSV = 4402
.
Warning: using -h 0 may be faster
*
optimization finished, #iter = 1524
C = 65.3761517151191
obj = 19393.044555544035, rho = 0.22643698437360152
nSV = 3371, nBSV = 2902
Total nSV = 3371
.
Warning: using -h 0 may be faster
*
optimization finished, #iter = 1389
C = 47.78092374985213
obj = 11871.830065886172, rho = -0.17506730080918143
nSV = 3337, nBSV = 2958
Total nSV = 3337
.
Warning: using -h 0 may be faster
*
optimization finished, #iter = 1207
C = 0.0
obj = 0.0, rho = NaN
nSV = 0, nBSV = 0
Total nSV = 0
.
Warning: using -h 0 may be faster
*
optimization finished, #iter = 1348
C = 0.0
obj = 0.0, rho = NaN
nSV = 0, nBSV = 0
Total nSV = 0
.
Warning: using -h 0 may be faster
*
optimization finished, #iter = 1440
C = 55.137363710723946
obj = 15557.650616230727, rho = -1.8156694752348268
nSV = 3358, nBSV = 2928
Total nSV = 3358
Line search fails in two-class probability estimates
.
Warning: using -h 0 may be faster
*
optimization finished, #iter = 1628
C = 38.05645169859348
obj = 10734.640632060482, rho = -0.22645697659092617
nSV = 4121, nBSV = 3724
Total nSV = 9216
.
Warning: using -h 0 may be faster
*
optimization finished, #iter = 1365
C = 157.288295030045
obj = 60668.85862624106, rho = -6.723448083903298
nSV = 2400, nBSV = 1939
Total nSV = 2400
.
Warning: using -h 0 may be faster
*
optimization finished, #iter = 1195
C = 130.7624290909028
obj = 45980.71149835526, rho = -6.537130997537736
nSV = 2373, nBSV = 1969
Total nSV = 2373
.
Warning: using -h 0 may be faster
*
optimization finished, #iter = 1299
C = 147.6763566986501
obj = 54674.31565121181, rho = -6.1967716492948375
nSV = 2391, nBSV = 1934
Total nSV = 2391
.
Warning: using -h 0 may be faster
*
optimization finished, #iter = 1218
C = 136.04729764945293
obj = 50623.4793100685, rho = -5.671632390482976
nSV = 2391, nBSV = 1951
Total nSV = 2391
.
Warning: using -h 0 may be faster
*
optimization finished, #iter = 1195
C = 140.09586021637006
obj = 50808.88090381555, rho = -4.387797998951534
nSV = 2379, nBSV = 1964
Total nSV = 2379
.
Warning: using -h 0 may be faster
*
optimization finished, #iter = 1539
C = 124.31791587773782
obj = 53209.4724928121, rho = 4.478665630149887
nSV = 2930, nBSV = 2466
...
Warning: using -h 0 may be faster
*
optimization finished, #iter = 3195
C = 484.2482384354958
obj = 364255.33804415475, rho = -33.85562852095403
nSV = 4178, nBSV = 2732
Total nSV = 4178
...
Warning: using -h 0 may be faster
*
optimization finished, #iter = 3240
C = 528.5918522396338
obj = 415569.1639001461, rho = -31.001011835124707
nSV = 4195, nBSV = 2688
Total nSV = 4195
...
Warning: using -h 0 may be faster
*
optimization finished, #iter = 3220
C = 514.703023661594
obj = 400385.5580311348, rho = -35.232295255356206
nSV = 4182, nBSV = 2671
Total nSV = 4182
...
Warning: using -h 0 may be faster
*
optimization finished, #iter = 3136
C = 493.8926045679886
obj = 376054.88517909136, rho = -23.841691685394622
nSV = 4182, nBSV = 2702
Total nSV = 4182
...
Warning: using -h 0 may be faster
*
optimization finished, #iter = 3189
C = 548.7127767702225
obj = 424073.9349354024, rho = -39.68695974186074
nSV = 4183, nBSV = 2687
Total nSV = 4183
.
Warning: using -h 0 may be faster
...
Warning: using -h 0 may be faster
*
optimization finished, #iter = 4022
C = 474.5439613962431
obj = 413669.4473552786, rho = 18.039963283199604
nSV = 5110, nBSV = 3435
*
optimization finished, #iter = 984
C = 0.0
obj = 0.0, rho = NaN
nSV = 0, nBSV = 0
Total nSV = 0
*
optimization finished, #iter = 988
C = 0.0
obj = 0.0, rho = NaN
nSV = 0, nBSV = 0
Total nSV = 0
.
Warning: using -h 0 may be faster
*
optimization finished, #iter = 1150
C = 59.184953159656956
obj = 13702.058604042224, rho = 0.6520604350555533
nSV = 2685, nBSV = 2324
Total nSV = 2685
.
Warning: using -h 0 may be faster
*
optimization finished, #iter = 1182
C = 65.48883907961095
obj = 16092.349959925106, rho = -0.8265887538639328
nSV = 2704, nBSV = 2312
Total nSV = 2704
.
Warning: using -h 0 may be faster
*
optimization finished, #iter = 1248
C = 70.66114521812578
obj = 18296.141109788143, rho = -1.3833309985593605
nSV = 2727, nBSV = 2305
Total nSV = 2727
Line search fails in two-class probability estimates
.
Warning: using -h 0 may be faster
*
optimization finished, #iter = 1433
C = 47.680547734961664
obj = 12219.548721836094, rho = -0.3040012138339934
nSV = 3335, nBSV = 2936
Total nSV = 7427
.
Warning: using -h 0 may be faster
*
optimization finished, #iter = 1249
C = 120.8702325152967
obj = 40570.992511970995, rho = 1.8998199571469125
nSV = 2362, nBSV = 1980
Total nSV = 2362
.
Warning: using -h 0 may be faster
*
optimization finished, #iter = 1341
C = 167.1052055869574
obj = 64370.49587100643, rho = -0.018408257190400235
nSV = 2410, nBSV = 1926
Total nSV = 2410
.
Warning: using -h 0 may be faster
*
optimization finished, #iter = 1351
C = 154.3843781617843
obj = 58604.78266311724, rho = 4.030554642656917
nSV = 2395, nBSV = 1940
Total nSV = 2395
.
Warning: using -h 0 may be faster
*
optimization finished, #iter = 1197
C = 128.3318054752456
obj = 44904.4921638588, rho = 2.467951277580535
nSV = 2365, nBSV = 1966
Total nSV = 2365
.
Warning: using -h 0 may be faster
*
optimization finished, #iter = 1394
C = 171.54072132772527
obj = 66647.87799591062, rho = 4.514307979074928
nSV = 2412, nBSV = 1926
Total nSV = 2412
.
Warning: using -h 0 may be faster
*
optimization finished, #iter = 1537
C = 129.62763443346867
obj = 55968.396322355715, rho = 1.8419044134148386
nSV = 2955, nBSV = 2491
...
Warning: using -h 0 may be faster
*
optimization finished, #iter = 3318
C = 550.8190885964021
obj = 441813.7716878308, rho = -31.675631871982322
nSV = 4194, nBSV = 2668
Total nSV = 4194
.
Warning: using -h 0 may be faster
..
Warning: using -h 0 may be faster
*
optimization finished, #iter = 3327
C = 529.6971325686385
obj = 410961.3543556751, rho = -16.43517394934877
nSV = 4206, nBSV = 2681
Total nSV = 4206
.
Warning: using -h 0 may be faster
..
Warning: using -h 0 may be faster
*
optimization finished, #iter = 3433
C = 519.766024092077
obj = 407693.85288414103, rho = -18.898036044326517
nSV = 4199, nBSV = 2679
Total nSV = 4199
.
Warning: using -h 0 may be faster
..
Warning: using -h 0 may be faster
*
optimization finished, #iter = 3176
C = 499.4412142617523
obj = 390395.0115347279, rho = -25.06633942997979
nSV = 4186, nBSV = 2716
Total nSV = 4186
.
Warning: using -h 0 may be faster
..
Warning: using -h 0 may be faster
*
optimization finished, #iter = 3369
C = 576.6541437348993
obj = 464039.50782542856, rho = -33.96258868638299
nSV = 4190, nBSV = 2667
Total nSV = 4190
.
Warning: using -h 0 may be faster
..
Warning: using -h 0 may be faster
*
optimization finished, #iter = 3735
C = 501.37394148343265
obj = 457004.60885198315, rho = 7.303389284742005
nSV = 5133, nBSV = 3452
.
Warning: using -h 0 may be faster
*
optimization finished, #iter = 1206
C = 66.85148948816581
obj = 16687.230828633434, rho = -0.5572695441454504
nSV = 2702, nBSV = 2323
Total nSV = 2702
.
Warning: using -h 0 may be faster
*
optimization finished, #iter = 1168
C = 64.82479878900415
obj = 15860.70014461369, rho = -0.1910393169540016
nSV = 2685, nBSV = 2335
Total nSV = 2685
.
Warning: using -h 0 may be faster
*
optimization finished, #iter = 1193
C = 76.22958367443346
obj = 20417.370375595474, rho = -1.805065517409403
nSV = 2726, nBSV = 2301
Total nSV = 2726
.*
optimization finished, #iter = 1006
C = 0.0
obj = 0.0, rho = NaN
nSV = 0, nBSV = 0
Total nSV = 0
*
optimization finished, #iter = 986
C = 0.0
obj = 0.0, rho = NaN
nSV = 0, nBSV = 0
Total nSV = 0
Line search fails in two-class probability estimates
.
Warning: using -h 0 may be faster
*
optimization finished, #iter = 1343
C = 44.490246564293756
obj = 10460.395343906717, rho = -0.1605710149904147
nSV = 3310, nBSV = 2950
Total nSV = 7461
...
Warning: using -h 0 may be faster
*
optimization finished, #iter = 3402
C = 509.6631826699197
obj = 383965.68312989676, rho = -33.894238913054764
nSV = 4206, nBSV = 2666
Total nSV = 4206
...
Warning: using -h 0 may be faster
*
optimization finished, #iter = 3229
C = 535.2797024069316
obj = 415589.58519580343, rho = 15.232900841464115
nSV = 4171, nBSV = 2683
Total nSV = 4171
...
Warning: using -h 0 may be faster
*
optimization finished, #iter = 3059
C = 527.5691726600287
obj = 407598.3044308031, rho = 9.735359309122583
nSV = 4165, nBSV = 2688
Total nSV = 4165
.
Warning: using -h 0 may be faster
..
Warning: using -h 0 may be faster
*
optimization finished, #iter = 3222
C = 537.62472724962
obj = 411546.6153406281, rho = 13.767499097386606
nSV = 4187, nBSV = 2687
Total nSV = 4187
...
Warning: using -h 0 may be faster
*
optimization finished, #iter = 3235
C = 550.2826587559184
obj = 423395.543273012, rho = 8.065776430482918
nSV = 4184, nBSV = 2679
Total nSV = 4184
.
Warning: using -h 0 may be faster
...
Warning: using -h 0 may be faster
*
optimization finished, #iter = 4154
C = 504.5577088698018
obj = 444935.34588733054, rho = -35.02443481611748
nSV = 5170, nBSV = 3435
.
Warning: using -h 0 may be faster
*
optimization finished, #iter = 1149
C = 0.0
obj = 0.0, rho = NaN
nSV = 0, nBSV = 0
Total nSV = 0
.
Warning: using -h 0 may be faster
*
optimization finished, #iter = 1268
C = 77.90012519088695
obj = 19101.761045766663, rho = -0.603945326322695
nSV = 2752, nBSV = 2276
Total nSV = 2752
.
Warning: using -h 0 may be faster
*
optimization finished, #iter = 1158
C = 38.01595649363104
obj = 5622.475794733442, rho = -0.4025517034244703
nSV = 2681, nBSV = 2323
Total nSV = 2681
.
Warning: using -h 0 may be faster
*
optimization finished, #iter = 1254
C = 78.19866214019218
obj = 20820.02034562098, rho = 0.08380313637166911
nSV = 2738, nBSV = 2294
Total nSV = 2738
.
Warning: using -h 0 may be faster
*
optimization finished, #iter = 1120
C = 0.0
obj = 0.0, rho = NaN
nSV = 0, nBSV = 0
Total nSV = 0
Line search fails in two-class probability estimates
.
Warning: using -h 0 may be faster
*
optimization finished, #iter = 1439
C = 49.92995150704262
obj = 12195.62701087163, rho = -0.307974290644474
nSV = 3363, nBSV = 2905
.
Warning: using -h 0 may be faster
*
optimization finished, #iter = 1315
C = 159.27061191551886
obj = 60728.86426186092, rho = -5.063093240053978
nSV = 2396, nBSV = 1937
Total nSV = 2396
.
Warning: using -h 0 may be faster
*
optimization finished, #iter = 1216
C = 134.43962582420463
obj = 48635.10659245123, rho = 2.0699730065091586
nSV = 2369, nBSV = 1952
Total nSV = 2369
.
Warning: using -h 0 may be faster
*
optimization finished, #iter = 1233
C = 143.01898663532708
obj = 52074.58716028216, rho = 4.939990689790383
nSV = 2376, nBSV = 1965
Total nSV = 2376
.
Warning: using -h 0 may be faster
*
optimization finished, #iter = 1291
C = 139.41170316037244
obj = 50343.963855408634, rho = 4.789921041679911
nSV = 2385, nBSV = 1943
Total nSV = 2385
.
Warning: using -h 0 may be faster
*
optimization finished, #iter = 1282
C = 147.02572961699406
obj = 54783.87010622333, rho = 3.830737583229902
nSV = 2393, nBSV = 1940
Total nSV = 2393
.
Warning: using -h 0 may be faster
*
optimization finished, #iter = 1560
C = 125.43772193752429
obj = 53613.9347425971, rho = 4.118866288521396
nSV = 2948, nBSV = 2460
Total nSV = 7514
.
Warning: using -h 0 may be faster
*
optimization finished, #iter = 1262
C = 137.09563140645287
obj = 47934.961230136694, rho = -2.6228733402893805
nSV = 2377, nBSV = 1956
Total nSV = 2377
.
Warning: using -h 0 may be faster
*
optimization finished, #iter = 1239
C = 140.54257317214552
obj = 49988.074875764476, rho = 1.3431245634115139
nSV = 2379, nBSV = 1966
Total nSV = 2379
.
Warning: using -h 0 may be faster
*
optimization finished, #iter = 1334
C = 170.923928940851
obj = 67287.53899708012, rho = 2.845921297597878
nSV = 2412, nBSV = 1930
Total nSV = 2412
.
Warning: using -h 0 may be faster
*
optimization finished, #iter = 1260
C = 147.841820564548
obj = 55014.13334306878, rho = 2.3604111676024737
nSV = 2391, nBSV = 1955
Total nSV = 2391
.
Warning: using -h 0 may be faster
*
optimization finished, #iter = 1204
C = 143.39210666933596
obj = 51585.20056270765, rho = 2.91776840534296
nSV = 2369, nBSV = 1964
Total nSV = 2369
.
Warning: using -h 0 may be faster
*
optimization finished, #iter = 1460
C = 128.85845318461267
obj = 54646.92665152491, rho = -2.74937975463655
nSV = 2932, nBSV = 2490
.
Warning: using -h 0 may be faster
*
optimization finished, #iter = 1091
C = 36.00683030310498
obj = 5458.675573039294, rho = 0.40776409888776455
nSV = 2683, nBSV = 2345
Total nSV = 2683
.
Warning: using -h 0 may be faster
*
optimization finished, #iter = 1121
C = 0.0
obj = 0.0, rho = NaN
nSV = 0, nBSV = 0
Total nSV = 0
*
optimization finished, #iter = 945
C = 0.0
obj = 0.0, rho = NaN
nSV = 0, nBSV = 0
Total nSV = 0
.
Warning: using -h 0 may be faster
*
optimization finished, #iter = 1354
C = 92.764635009828
obj = 28276.504866541676, rho = -0.36349193484286163
nSV = 2753, nBSV = 2276
Total nSV = 2753
.
Warning: using -h 0 may be faster
*
optimization finished, #iter = 1119
C = 0.0
obj = 0.0, rho = NaN
nSV = 0, nBSV = 0
Total nSV = 0
Line search fails in two-class probability estimates
.
Warning: using -h 0 may be faster
*
optimization finished, #iter = 1434
C = 43.81492703622494
obj = 10327.46877163388, rho = -0.621610244805429
nSV = 3353, nBSV = 2944
...
Warning: using -h 0 may be faster
*
optimization finished, #iter = 3124
C = 504.76865294867054
obj = 391177.01973125606, rho = 14.008530864562431
nSV = 4142, nBSV = 2712
Total nSV = 4142
...
Warning: using -h 0 may be faster
*
optimization finished, #iter = 3066
C = 518.8073578046553
obj = 399309.7968527014, rho = 11.77045155157638
nSV = 4161, nBSV = 2700
Total nSV = 4161
...
Warning: using -h 0 may be faster
*
optimization finished, #iter = 3151
C = 487.00374836458565
obj = 368162.4641678373, rho = 12.360004977650771
nSV = 4134, nBSV = 2750
Total nSV = 4134
...
Warning: using -h 0 may be faster
*
optimization finished, #iter = 3153
C = 512.5377232748652
obj = 390911.1195112285, rho = 10.864161349232145
nSV = 4177, nBSV = 2679
Total nSV = 4177
...
Warning: using -h 0 may be faster
*
optimization finished, #iter = 3217
C = 525.6854568228456
obj = 406637.3085673622, rho = 13.869181587501762
nSV = 4167, nBSV = 2714
Total nSV = 4167
.
Warning: using -h 0 may be faster
..
Warning: using -h 0 may be faster
*
optimization finished, #iter = 3959
C = 474.8374150970861
obj = 416912.0359043256, rho = 12.639362029750473
nSV = 5106, nBSV = 3472
Total nSV = 7447
*
optimization finished, #iter = 972
C = 0.0
obj = 0.0, rho = NaN
nSV = 0, nBSV = 0
Total nSV = 0
.
Warning: using -h 0 may be faster
*
optimization finished, #iter = 1080
C = 45.036680952661584
obj = 9116.664817642031, rho = -0.1301167752967007
nSV = 2653, nBSV = 2354
Total nSV = 2653
.
Warning: using -h 0 may be faster
*
optimization finished, #iter = 1113
C = 48.10174814645416
obj = 9938.331999695612, rho = 0.08421985192198235
nSV = 2665, nBSV = 2356
Total nSV = 2665
.
Warning: using -h 0 may be faster
*
optimization finished, #iter = 1120
C = 35.19181451188655
obj = 5234.600833790873, rho = 0.17907832598432502
nSV = 2662, nBSV = 2356
Total nSV = 2662
.
Warning: using -h 0 may be faster
*
optimization finished, #iter = 1167
C = 56.974373151990775
obj = 13071.483693336228, rho = -0.04271674849448201
nSV = 2694, nBSV = 2333
Total nSV = 2694
Line search fails in two-class probability estimates
.
Warning: using -h 0 may be faster
*
optimization finished, #iter = 1319
C = 37.74474284590417
obj = 8560.361677893166, rho = -0.6012017996138561
nSV = 3288, nBSV = 2980
.
Warning: using -h 0 may be faster
*
optimization finished, #iter = 1304
C = 141.7164207191775
obj = 52392.43562209632, rho = -3.786097645120043
nSV = 2375, nBSV = 1954
Total nSV = 2375
.
Warning: using -h 0 may be faster
*
optimization finished, #iter = 1243
C = 142.31664065978447
obj = 51538.23686288189, rho = -2.5131550623378853
nSV = 2367, nBSV = 1961
Total nSV = 2367
.
Warning: using -h 0 may be faster
*
optimization finished, #iter = 1219
C = 136.68621414104365
obj = 48670.104000938605, rho = -4.981189928926238
nSV = 2366, nBSV = 1967
Total nSV = 2366
.
Warning: using -h 0 may be faster
*
optimization finished, #iter = 1256
C = 131.43979547400835
obj = 47029.875424844315, rho = -3.5290661137401433
nSV = 2365, nBSV = 1977
Total nSV = 2365
.
Warning: using -h 0 may be faster
*
optimization finished, #iter = 1310
C = 141.13144841102147
obj = 51306.11849398676, rho = -3.554449461990417
nSV = 2376, nBSV = 1949
Total nSV = 2376
.
Warning: using -h 0 may be faster
*
optimization finished, #iter = 1490
C = 121.49380284902986
obj = 51316.37265334358, rho = -3.1602968494131636
nSV = 2921, nBSV = 2486
...
Warning: using -h 0 may be faster
*
optimization finished, #iter = 3180
C = 533.633569000132
obj = 413192.6897565681, rho = 15.189330950372645
nSV = 4159, nBSV = 2660
Total nSV = 4159
...
Warning: using -h 0 may be faster
*
optimization finished, #iter = 3238
C = 552.8018508610098
obj = 430994.2912476566, rho = 11.642250113074004
nSV = 4199, nBSV = 2680
Total nSV = 4199
...
Warning: using -h 0 may be faster
*
optimization finished, #iter = 3225
C = 525.0176641401185
obj = 404543.88919740194, rho = 0.634729109683259
nSV = 4167, nBSV = 2723
Total nSV = 4167
...
Warning: using -h 0 may be faster
*
optimization finished, #iter = 3265
C = 529.5120444283012
obj = 413158.0617926263, rho = 8.82429176768495
nSV = 4204, nBSV = 2685
Total nSV = 4204
...
Warning: using -h 0 may be faster
*
optimization finished, #iter = 3283
C = 581.883599319092
obj = 461709.1210875859, rho = 15.370668976086419
nSV = 4192, nBSV = 2673
Total nSV = 4192
.
Warning: using -h 0 may be faster
..
Warning: using -h 0 may be faster
*
optimization finished, #iter = 3988
C = 519.4515763400033
obj = 468385.0830771196, rho = -28.51444474860126
nSV = 5117, nBSV = 3472
Total nSV = 7452


=== Predictions under cross-validation ===

 inst#     actual  predicted error distribution
     1  2:neutral  2:neutral       0.228,*0.679,0.093 
     2  2:neutral  2:neutral       0.145,*0.693,0.162 
     3  2:neutral 3:positive   +   0.105,0.352,*0.543 
     4  2:neutral  2:neutral       0.109,*0.473,0.418 
     5  2:neutral  2:neutral       0.149,*0.663,0.187 
     6  2:neutral  2:neutral       0.244,*0.699,0.058 
     7  2:neutral  2:neutral       0.138,*0.602,0.259 
     8  2:neutral  2:neutral       0.155,*0.638,0.206 
     9  2:neutral  2:neutral       0.136,*0.645,0.219 
    10  2:neutral  2:neutral       0.195,*0.61,0.195 
    11  2:neutral 3:positive   +   0.092,0.282,*0.626 
    12  2:neutral  2:neutral       0.137,*0.669,0.194 
    13  2:neutral  2:neutral       0.198,*0.681,0.121 
    14  2:neutral  2:neutral       0.08,*0.484,0.436 
    15  2:neutral  2:neutral       0.243,*0.589,0.168 
    16  2:neutral  2:neutral       0.121,*0.723,0.156 
    17  2:neutral  2:neutral       0.233,*0.48,0.287 
    18  2:neutral  2:neutral       0.224,*0.555,0.221 
    19  2:neutral  2:neutral       0.184,*0.678,0.137 
    20  2:neutral  2:neutral       0.193,*0.735,0.072 
    21  2:neutral  2:neutral       0.343,*0.428,0.229 
    22  2:neutral  2:neutral       0.165,*0.533,0.302 
    23  2:neutral  2:neutral       0.142,*0.656,0.202 
    24  2:neutral  2:neutral       0.171,*0.739,0.09 
    25  2:neutral  2:neutral       0.122,*0.676,0.201 
    26  2:neutral 3:positive   +   0.063,0.302,*0.634 
    27  2:neutral  2:neutral       0.146,*0.773,0.08 
    28  2:neutral  2:neutral       0.248,*0.654,0.098 
    29  2:neutral  2:neutral       0.096,*0.622,0.283 
    30  2:neutral 3:positive   +   0.073,0.361,*0.567 
    31  2:neutral  2:neutral       0.243,*0.703,0.054 
    32  2:neutral  2:neutral       0.245,*0.671,0.084 
    33  2:neutral  2:neutral       0.139,*0.775,0.086 
    34  2:neutral  2:neutral       0.163,*0.709,0.128 
    35  2:neutral  2:neutral       0.214,*0.706,0.08 
    36  2:neutral  2:neutral       0.101,*0.484,0.415 
    37  2:neutral  2:neutral       0.147,*0.605,0.248 
    38  2:neutral  2:neutral       0.178,*0.65,0.172 
    39  2:neutral  2:neutral       0.146,*0.66,0.195 
    40  2:neutral  2:neutral       0.125,*0.725,0.149 
    41  2:neutral  2:neutral       0.204,*0.675,0.121 
    42  2:neutral  2:neutral       0.162,*0.674,0.164 
    43  2:neutral 3:positive   +   0.132,0.157,*0.711 
    44  2:neutral  2:neutral       0.119,*0.569,0.313 
    45  2:neutral  2:neutral       0.147,*0.723,0.13 
    46  2:neutral  2:neutral       0.123,*0.7,0.176 
    47  2:neutral  2:neutral       0.2,*0.554,0.246 
    48  2:neutral 3:positive   +   0.049,0.12,*0.831 
    49  2:neutral  2:neutral       0.149,*0.772,0.079 
    50  2:neutral  2:neutral       0.155,*0.687,0.158 
    51  2:neutral  2:neutral       0.139,*0.662,0.199 
    52  2:neutral  2:neutral       0.235,*0.611,0.154 
    53  2:neutral  2:neutral       0.157,*0.452,0.392 
    54  2:neutral  2:neutral       0.188,*0.532,0.28 
    55  2:neutral  2:neutral       0.153,*0.709,0.139 
    56  2:neutral  2:neutral       0.131,*0.775,0.094 
    57  2:neutral  2:neutral       0.173,*0.58,0.247 
    58  2:neutral  2:neutral       0.138,*0.626,0.236 
    59  2:neutral  2:neutral       0.164,*0.62,0.216 
    60  2:neutral  2:neutral       0.246,*0.64,0.114 
    61  2:neutral  2:neutral       0.165,*0.709,0.127 
    62  2:neutral  2:neutral       0.135,*0.602,0.263 
    63  2:neutral  2:neutral       0.109,*0.592,0.299 
    64  2:neutral  2:neutral       0.153,*0.62,0.226 
    65  2:neutral  2:neutral       0.208,*0.684,0.108 
    66  2:neutral 3:positive   +   0.063,0.316,*0.62 
    67  2:neutral  2:neutral       0.087,*0.54,0.373 
    68  2:neutral  2:neutral       0.212,*0.597,0.191 
    69  2:neutral 3:positive   +   0.051,0.229,*0.72 
    70  2:neutral 3:positive   +   0.079,0.336,*0.585 
    71  2:neutral  2:neutral       0.188,*0.624,0.188 
    72  2:neutral 3:positive   +   0.06,0.158,*0.782 
    73  2:neutral  2:neutral       0.177,*0.617,0.206 
    74  2:neutral  2:neutral       0.18,*0.505,0.314 
    75  2:neutral  2:neutral       0.128,*0.72,0.152 
    76  2:neutral  2:neutral       0.202,*0.52,0.278 
    77  2:neutral  2:neutral       0.172,*0.534,0.294 
    78  2:neutral  2:neutral       0.174,*0.689,0.138 
    79  2:neutral  2:neutral       0.174,*0.71,0.116 
    80  2:neutral  2:neutral       0.119,*0.648,0.233 
    81  2:neutral  2:neutral       0.241,*0.605,0.154 
    82  2:neutral  2:neutral       0.213,*0.719,0.068 
    83  2:neutral 3:positive   +   0.32,0.245,*0.435 
    84  2:neutral 3:positive   +   0.048,0.253,*0.699 
    85  2:neutral  2:neutral       0.182,*0.445,0.373 
    86  2:neutral  2:neutral       0.177,*0.731,0.091 
    87  2:neutral  2:neutral       0.074,*0.499,0.427 
    88  2:neutral  2:neutral       0.144,*0.667,0.189 
    89  2:neutral  2:neutral       0.262,*0.521,0.217 
    90  2:neutral  2:neutral       0.145,*0.639,0.216 
    91  2:neutral  2:neutral       0.167,*0.631,0.202 
    92  2:neutral  2:neutral       0.183,*0.657,0.16 
    93  2:neutral  2:neutral       0.138,*0.625,0.237 
    94  2:neutral  2:neutral       0.119,*0.539,0.341 
    95  2:neutral 3:positive   +   0.094,0.409,*0.496 
    96  2:neutral  2:neutral       0.199,*0.652,0.148 
    97  2:neutral  2:neutral       0.155,*0.655,0.19 
    98  2:neutral 3:positive   +   0.106,0.419,*0.475 
    99  2:neutral  2:neutral       0.136,*0.702,0.162 
   100  2:neutral  2:neutral       0.131,*0.583,0.286 
   101  2:neutral 3:positive   +   0.139,0.346,*0.515 
   102  2:neutral 3:positive   +   0.072,0.225,*0.702 
   103  2:neutral  2:neutral       0.123,*0.693,0.185 
   104  2:neutral  2:neutral       0.18,*0.598,0.222 
   105  2:neutral  2:neutral       0.109,*0.593,0.298 
   106  2:neutral 3:positive   +   0.114,0.274,*0.612 
   107  2:neutral  2:neutral       0.142,*0.656,0.202 
   108  2:neutral  2:neutral       0.118,*0.73,0.153 
   109  2:neutral  2:neutral       0.136,*0.762,0.103 
   110  2:neutral  2:neutral       0.199,*0.623,0.178 
   111  2:neutral  2:neutral       0.158,*0.671,0.171 
   112  2:neutral  2:neutral       0.137,*0.718,0.146 
   113  2:neutral  2:neutral       0.087,*0.553,0.36 
   114  2:neutral 3:positive   +   0.145,0.315,*0.539 
   115  2:neutral  2:neutral       0.139,*0.656,0.205 
   116  2:neutral  2:neutral       0.25,*0.565,0.184 
   117  2:neutral  2:neutral       0.164,*0.761,0.075 
   118  2:neutral  2:neutral       0.159,*0.517,0.324 
   119  2:neutral  2:neutral       0.139,*0.744,0.117 
   120  2:neutral 3:positive   +   0.141,0.254,*0.604 
   121  2:neutral  2:neutral       0.098,*0.564,0.338 
   122  2:neutral 3:positive   +   0.164,0.292,*0.544 
   123  2:neutral  2:neutral       0.178,*0.72,0.102 
   124  2:neutral  2:neutral       0.158,*0.616,0.226 
   125  2:neutral  2:neutral       0.232,*0.621,0.148 
   126  2:neutral  2:neutral       0.172,*0.574,0.254 
   127  2:neutral  2:neutral       0.166,*0.729,0.106 
   128  2:neutral 3:positive   +   0.074,0.335,*0.592 
   129  2:neutral  2:neutral       0.173,*0.718,0.108 
   130  2:neutral  2:neutral       0.104,*0.613,0.283 
   131  2:neutral  2:neutral       0.196,*0.559,0.245 
   132  2:neutral  2:neutral       0.141,*0.657,0.202 
   133  2:neutral  2:neutral       0.151,*0.724,0.125 
   134  2:neutral  2:neutral       0.136,*0.721,0.143 
   135  2:neutral  2:neutral       0.125,*0.678,0.197 
   136  2:neutral  2:neutral       0.116,*0.695,0.189 
   137  2:neutral  2:neutral       0.128,*0.663,0.209 
   138  2:neutral 3:positive   +   0.132,0.289,*0.578 
   139  2:neutral  2:neutral       0.12,*0.532,0.348 
   140  2:neutral  2:neutral       0.208,*0.676,0.116 
   141  2:neutral  2:neutral       0.138,*0.696,0.166 
   142  2:neutral  2:neutral       0.163,*0.652,0.185 
   143  2:neutral  2:neutral       0.175,*0.42,0.405 
   144  2:neutral  2:neutral       0.174,*0.667,0.158 
   145  2:neutral 3:positive   +   0.26,0.351,*0.389 
   146  2:neutral  2:neutral       0.172,*0.707,0.12 
   147  2:neutral  2:neutral       0.13,*0.682,0.188 
   148  2:neutral  2:neutral       0.133,*0.686,0.18 
   149  2:neutral 3:positive   +   0.204,0.338,*0.458 
   150  2:neutral  2:neutral       0.166,*0.714,0.12 
   151  2:neutral  2:neutral       0.106,*0.574,0.319 
   152  2:neutral  2:neutral       0.202,*0.671,0.127 
   153  2:neutral  2:neutral       0.123,*0.745,0.132 
   154  2:neutral  2:neutral       0.174,*0.656,0.17 
   155  2:neutral 3:positive   +   0.128,0.321,*0.551 
   156  2:neutral  2:neutral       0.138,*0.54,0.322 
   157  2:neutral  2:neutral       0.092,*0.522,0.387 
   158  2:neutral  2:neutral       0.12,*0.608,0.272 
   159  2:neutral  2:neutral       0.242,*0.668,0.09 
   160  2:neutral  2:neutral       0.109,*0.655,0.236 
   161  2:neutral  2:neutral       0.238,*0.58,0.182 
   162  2:neutral  2:neutral       0.133,*0.726,0.142 
   163  2:neutral  2:neutral       0.123,*0.63,0.247 
   164  2:neutral  2:neutral       0.238,*0.673,0.089 
   165  2:neutral  2:neutral       0.188,*0.682,0.131 
   166  2:neutral  2:neutral       0.157,*0.664,0.179 
   167  2:neutral  2:neutral       0.101,*0.592,0.307 
   168  2:neutral  2:neutral       0.145,*0.693,0.163 
   169  2:neutral  2:neutral       0.168,*0.61,0.222 
   170  2:neutral  2:neutral       0.208,*0.681,0.111 
   171  2:neutral  2:neutral       0.13,*0.612,0.258 
   172  2:neutral  2:neutral       0.242,*0.676,0.081 
   173  2:neutral  2:neutral       0.247,*0.672,0.081 
   174  2:neutral  2:neutral       0.144,*0.593,0.263 
   175  2:neutral  2:neutral       0.156,*0.547,0.297 
   176  2:neutral 3:positive   +   0.075,0.312,*0.613 
   177  2:neutral  2:neutral       0.169,*0.721,0.109 
   178  2:neutral  2:neutral       0.151,*0.61,0.24 
   179  2:neutral  2:neutral       0.123,*0.688,0.189 
   180  2:neutral  2:neutral       0.143,*0.687,0.17 
   181  2:neutral  2:neutral       0.193,*0.705,0.102 
   182  2:neutral  2:neutral       0.207,*0.616,0.177 
   183  2:neutral  2:neutral       0.133,*0.644,0.223 
   184  2:neutral 3:positive   +   0.158,0.316,*0.525 
   185  2:neutral  2:neutral       0.206,*0.604,0.191 
   186  2:neutral  2:neutral       0.123,*0.681,0.196 
   187  2:neutral  2:neutral       0.107,*0.476,0.417 
   188  2:neutral  2:neutral       0.144,*0.479,0.377 
   189  2:neutral  2:neutral       0.219,*0.674,0.107 
   190  2:neutral  2:neutral       0.229,*0.664,0.107 
   191  2:neutral  2:neutral       0.219,*0.68,0.101 
   192  2:neutral  2:neutral       0.151,*0.689,0.16 
   193  2:neutral 3:positive   +   0.051,0.325,*0.624 
   194  2:neutral  2:neutral       0.169,*0.718,0.112 
   195  2:neutral  2:neutral       0.148,*0.53,0.323 
   196  2:neutral  2:neutral       0.241,*0.627,0.132 
   197  2:neutral  2:neutral       0.141,*0.671,0.187 
   198  2:neutral  2:neutral       0.228,*0.636,0.137 
   199  2:neutral 3:positive   +   0.098,0.236,*0.666 
   200  2:neutral  2:neutral       0.145,*0.673,0.182 
   201  2:neutral  2:neutral       0.2,*0.725,0.075 
   202  2:neutral  2:neutral       0.206,*0.588,0.206 
   203  2:neutral  2:neutral       0.227,*0.551,0.223 
   204  2:neutral  2:neutral       0.177,*0.744,0.079 
   205  2:neutral  2:neutral       0.091,*0.57,0.339 
   206  2:neutral  2:neutral       0.144,*0.588,0.269 
   207  2:neutral  2:neutral       0.129,*0.468,0.403 
   208  2:neutral  2:neutral       0.142,*0.679,0.178 
   209  2:neutral  2:neutral       0.141,*0.695,0.164 
   210  2:neutral  2:neutral       0.252,*0.491,0.257 
   211  2:neutral  2:neutral       0.087,*0.547,0.366 
   212  2:neutral  2:neutral       0.185,*0.711,0.104 
   213  2:neutral  2:neutral       0.186,*0.669,0.145 
   214  2:neutral  2:neutral       0.161,*0.68,0.16 
   215  2:neutral  2:neutral       0.248,*0.563,0.19 
   216  2:neutral  2:neutral       0.116,*0.572,0.312 
   217  2:neutral  2:neutral       0.189,*0.703,0.107 
   218  2:neutral  2:neutral       0.218,*0.563,0.219 
   219  2:neutral  2:neutral       0.214,*0.696,0.09 
   220  2:neutral  2:neutral       0.136,*0.715,0.149 
   221  2:neutral  2:neutral       0.242,*0.505,0.253 
   222  2:neutral  2:neutral       0.149,*0.496,0.355 
   223  2:neutral  2:neutral       0.125,*0.594,0.281 
   224  2:neutral  2:neutral       0.185,*0.696,0.118 
   225  2:neutral  2:neutral       0.157,*0.728,0.115 
   226  2:neutral  2:neutral       0.094,*0.575,0.33 
   227  2:neutral  2:neutral       0.121,*0.703,0.176 
   228  2:neutral 3:positive   +   0.061,0.3,*0.639 
   229  2:neutral  2:neutral       0.095,*0.605,0.301 
   230  2:neutral  2:neutral       0.241,*0.505,0.255 
   231  2:neutral  2:neutral       0.17,*0.585,0.246 
   232  2:neutral  2:neutral       0.199,*0.529,0.273 
   233  2:neutral  2:neutral       0.189,*0.592,0.219 
   234  2:neutral  2:neutral       0.079,*0.471,0.449 
   235  2:neutral  2:neutral       0.23,*0.684,0.086 
   236  2:neutral  2:neutral       0.17,*0.533,0.296 
   237  2:neutral 3:positive   +   0.119,0.415,*0.465 
   238  2:neutral  2:neutral       0.188,*0.643,0.168 
   239  2:neutral  2:neutral       0.105,*0.467,0.429 
   240  2:neutral  2:neutral       0.195,*0.57,0.235 
   241  2:neutral  2:neutral       0.233,*0.65,0.117 
   242  2:neutral  2:neutral       0.119,*0.628,0.253 
   243  2:neutral 3:positive   +   0.087,0.435,*0.478 
   244  2:neutral  2:neutral       0.159,*0.722,0.118 
   245  2:neutral  2:neutral       0.179,*0.669,0.152 
   246  2:neutral 3:positive   +   0.078,0.305,*0.617 
   247  2:neutral  2:neutral       0.139,*0.785,0.076 
   248  2:neutral 3:positive   +   0.073,0.358,*0.569 
   249  2:neutral  2:neutral       0.164,*0.518,0.318 
   250  2:neutral  2:neutral       0.133,*0.701,0.165 
   251  2:neutral 3:positive   +   0.138,0.374,*0.489 
   252  2:neutral  2:neutral       0.091,*0.569,0.34 
   253  2:neutral  2:neutral       0.141,*0.662,0.198 
   254  2:neutral  2:neutral       0.207,*0.697,0.096 
   255  2:neutral  2:neutral       0.117,*0.684,0.199 
   256  2:neutral  2:neutral       0.198,*0.556,0.246 
   257  2:neutral  2:neutral       0.142,*0.656,0.202 
   258  2:neutral  2:neutral       0.201,*0.721,0.078 
   259  2:neutral  2:neutral       0.119,*0.529,0.353 
   260  2:neutral  2:neutral       0.139,*0.708,0.153 
   261  2:neutral 3:positive   +   0.083,0.361,*0.557 
   262  2:neutral  2:neutral       0.144,*0.721,0.135 
   263  2:neutral  2:neutral       0.146,*0.647,0.207 
   264  2:neutral  2:neutral       0.18,*0.713,0.107 
   265  2:neutral  2:neutral       0.122,*0.627,0.251 
   266  2:neutral  2:neutral       0.129,*0.691,0.18 
   267  2:neutral 3:positive   +   0.064,0.189,*0.747 
   268  2:neutral  2:neutral       0.222,*0.686,0.092 
   269  2:neutral  2:neutral       0.204,*0.618,0.178 
   270  2:neutral  2:neutral       0.195,*0.541,0.264 
   271  2:neutral  2:neutral       0.242,*0.617,0.141 
   272  2:neutral 3:positive   +   0.095,0.151,*0.754 
   273  2:neutral  2:neutral       0.231,*0.671,0.097 
   274  2:neutral  2:neutral       0.085,*0.518,0.398 
   275  2:neutral 3:positive   +   0.231,0.354,*0.415 
   276  2:neutral  2:neutral       0.131,*0.762,0.107 
   277  2:neutral  2:neutral       0.128,*0.634,0.238 
   278  2:neutral  2:neutral       0.144,*0.757,0.1 
   279  2:neutral  2:neutral       0.163,*0.581,0.256 
   280  2:neutral 3:positive   +   0.059,0.355,*0.586 
   281  2:neutral  2:neutral       0.162,*0.688,0.15 
   282  2:neutral  2:neutral       0.145,*0.766,0.088 
   283  2:neutral  2:neutral       0.257,*0.46,0.283 
   284  2:neutral  2:neutral       0.129,*0.58,0.291 
   285  2:neutral  2:neutral       0.139,*0.777,0.084 
   286  2:neutral  2:neutral       0.123,*0.625,0.252 
   287  2:neutral  2:neutral       0.182,*0.718,0.1 
   288  2:neutral  2:neutral       0.208,*0.653,0.139 
   289  2:neutral  2:neutral       0.23,*0.657,0.114 
   290  2:neutral  2:neutral       0.093,*0.567,0.34 
   291  2:neutral  2:neutral       0.132,*0.435,0.433 
   292  2:neutral  2:neutral       0.27,*0.445,0.285 
   293  2:neutral 3:positive   +   0.039,0.208,*0.754 
   294  2:neutral  2:neutral       0.157,*0.553,0.29 
   295  2:neutral  2:neutral       0.242,*0.694,0.063 
   296  2:neutral  2:neutral       0.141,*0.657,0.202 
   297  2:neutral  2:neutral       0.147,*0.473,0.38 
   298  2:neutral  2:neutral       0.163,*0.652,0.185 
   299  2:neutral  2:neutral       0.162,*0.675,0.162 
   300  2:neutral  2:neutral       0.218,*0.71,0.072 
   301  2:neutral  2:neutral       0.124,*0.654,0.223 
   302  2:neutral  2:neutral       0.144,*0.606,0.25 
   303  2:neutral 3:positive   +   0.158,0.325,*0.517 
   304  2:neutral  2:neutral       0.257,*0.454,0.289 
   305  2:neutral  2:neutral       0.108,*0.668,0.224 
   306  2:neutral  2:neutral       0.12,*0.674,0.207 
   307  2:neutral  2:neutral       0.157,*0.656,0.188 
   308  2:neutral  2:neutral       0.203,*0.737,0.059 
   309  2:neutral 3:positive   +   0.073,0.205,*0.723 
   310  2:neutral  2:neutral       0.229,*0.719,0.052 
   311  2:neutral  2:neutral       0.178,*0.545,0.277 
   312  2:neutral  2:neutral       0.174,*0.59,0.236 
   313  2:neutral  2:neutral       0.198,*0.672,0.13 
   314  2:neutral  2:neutral       0.209,*0.583,0.208 
   315  2:neutral  2:neutral       0.082,*0.526,0.393 
   316  2:neutral 3:positive   +   0.069,0.242,*0.689 
   317  2:neutral  2:neutral       0.143,*0.528,0.329 
   318  2:neutral  2:neutral       0.18,*0.699,0.121 
   319  2:neutral  2:neutral       0.22,*0.514,0.265 
   320  2:neutral  2:neutral       0.155,*0.673,0.172 
   321  2:neutral  2:neutral       0.186,*0.705,0.109 
   322  2:neutral  2:neutral       0.127,*0.692,0.181 
   323  2:neutral  2:neutral       0.189,*0.474,0.337 
   324  2:neutral  2:neutral       0.18,*0.693,0.127 
   325  2:neutral  2:neutral       0.162,*0.696,0.141 
   326  2:neutral  2:neutral       0.116,*0.687,0.197 
   327  2:neutral  2:neutral       0.383,*0.403,0.214 
   328  2:neutral  2:neutral       0.245,*0.697,0.058 
   329  2:neutral  2:neutral       0.243,*0.638,0.119 
   330  2:neutral  2:neutral       0.115,*0.683,0.203 
   331  2:neutral 3:positive   +   0.067,0.206,*0.727 
   332  2:neutral  2:neutral       0.165,*0.655,0.18 
   333  2:neutral  2:neutral       0.102,*0.69,0.208 
   334  2:neutral 3:positive   +   0.204,0.276,*0.52 
   335  2:neutral  2:neutral       0.097,*0.546,0.356 
   336  2:neutral  2:neutral       0.135,*0.636,0.229 
   337  2:neutral  2:neutral       0.17,*0.69,0.141 
   338  2:neutral  2:neutral       0.13,*0.597,0.274 
   339  2:neutral  2:neutral       0.179,*0.604,0.216 
   340  2:neutral  2:neutral       0.227,*0.634,0.139 
   341  2:neutral  2:neutral       0.104,*0.628,0.268 
   342  2:neutral 3:positive   +   0.19,0.15,*0.659 
   343  2:neutral 3:positive   +   0.153,0.353,*0.494 
   344  2:neutral  2:neutral       0.109,*0.596,0.295 
   345  2:neutral  2:neutral       0.109,*0.714,0.177 
   346  2:neutral  2:neutral       0.111,*0.595,0.294 
   347  2:neutral  2:neutral       0.142,*0.656,0.202 
   348  2:neutral  2:neutral       0.197,*0.545,0.259 
   349  2:neutral  2:neutral       0.185,*0.678,0.138 
   350  2:neutral  2:neutral       0.114,*0.576,0.31 
   351  2:neutral  2:neutral       0.135,*0.664,0.2 
   352  2:neutral  2:neutral       0.138,*0.685,0.177 
   353  2:neutral  2:neutral       0.207,*0.651,0.142 
   354  2:neutral  2:neutral       0.28,*0.403,0.316 
   355  2:neutral  2:neutral       0.142,*0.656,0.202 
   356  2:neutral  2:neutral       0.199,*0.514,0.287 
   357  2:neutral  2:neutral       0.139,*0.458,0.403 
   358  2:neutral  2:neutral       0.13,*0.496,0.374 
