Zero Weights processed. Default weights will be used
.
Warning: using -h 0 may be faster
*
optimization finished, #iter = 1820
C = 271.543147587334
obj = 141217.6254719573, rho = -8.83958531861796
nSV = 2795, nBSV = 2073
Total nSV = 2795
.
Warning: using -h 0 may be faster
*
optimization finished, #iter = 1802
C = 279.08643615526387
obj = 145027.5783864037, rho = -1.7248244430254536
nSV = 2795, nBSV = 2082
Total nSV = 2795
.
Warning: using -h 0 may be faster
*
optimization finished, #iter = 1825
C = 283.0430747375768
obj = 148925.71671571935, rho = 0.9511643867249862
nSV = 2805, nBSV = 2062
Total nSV = 2805
.
Warning: using -h 0 may be faster
*
optimization finished, #iter = 1763
C = 241.69069866010884
obj = 120058.78689875387, rho = 2.2301099538530926
nSV = 2784, nBSV = 2110
Total nSV = 2784
.
Warning: using -h 0 may be faster
*
optimization finished, #iter = 1916
C = 274.1543328693249
obj = 140706.0451743812, rho = 0.6646217698054071
nSV = 2821, nBSV = 2049
Total nSV = 2821
.
Warning: using -h 0 may be faster
.
Warning: using -h 0 may be faster
*
optimization finished, #iter = 2301
C = 239.97905907825822
obj = 142345.21141827217, rho = 0.64839294333489
nSV = 3452, nBSV = 2658
.
Warning: using -h 0 may be faster
...
Warning: using -h 0 may be faster
*
optimization finished, #iter = 4273
C = 829.9007192300104
obj = 804112.5593086856, rho = -58.82459166388425
nSV = 4930, nBSV = 2820
Total nSV = 4930
.
Warning: using -h 0 may be faster
..
Warning: using -h 0 may be faster
*
optimization finished, #iter = 3973
C = 822.7233318400088
obj = 772089.7920869641, rho = 16.317808614336666
nSV = 4900, nBSV = 2859
Total nSV = 4900
.
Warning: using -h 0 may be faster
...
Warning: using -h 0 may be faster
*
optimization finished, #iter = 4301
C = 834.9494447538115
obj = 788009.5512386105, rho = 21.9358244801841
nSV = 4953, nBSV = 2860
Total nSV = 4953
.
Warning: using -h 0 may be faster
...
Warning: using -h 0 may be faster
*
optimization finished, #iter = 4244
C = 770.7939148097164
obj = 702919.5685764321, rho = 3.6531793843437157
nSV = 4903, nBSV = 2835
Total nSV = 4903
.
Warning: using -h 0 may be faster
...
Warning: using -h 0 may be faster
*
optimization finished, #iter = 4177
C = 831.359799770766
obj = 764456.6928213337, rho = 27.21147539353479
nSV = 4937, nBSV = 2862
Total nSV = 4937
.
Warning: using -h 0 may be faster
....
Warning: using -h 0 may be faster
*
optimization finished, #iter = 5255
C = 797.5781043952852
obj = 860235.455412684, rho = 21.38334349738309
nSV = 6001, nBSV = 3694
.
Warning: using -h 0 may be faster
*
optimization finished, #iter = 1988
C = 192.1668278106095
obj = 87975.83784519236, rho = -7.8251056133093835
nSV = 3255, nBSV = 2427
Total nSV = 3255
.
Warning: using -h 0 may be faster
*
optimization finished, #iter = 1989
C = 200.65141170716106
obj = 90887.52037793213, rho = -8.77919923850401
nSV = 3235, nBSV = 2442
Total nSV = 3235
.
Warning: using -h 0 may be faster
*
optimization finished, #iter = 1989
C = 230.6657339841733
obj = 110698.82062209708, rho = -7.909816406084141
nSV = 3293, nBSV = 2396
Total nSV = 3293
..
Warning: using -h 0 may be faster
*
optimization finished, #iter = 2058
C = 205.44799531056174
obj = 96763.92892150169, rho = -3.565825236500692
nSV = 3270, nBSV = 2397
Total nSV = 3270
..
Warning: using -h 0 may be faster
*
optimization finished, #iter = 2007
C = 206.26954337707585
obj = 95531.49031768658, rho = -7.718652366853524
nSV = 3263, nBSV = 2415
Total nSV = 3263
.
Warning: using -h 0 may be faster
.
Warning: using -h 0 may be faster
*
optimization finished, #iter = 2396
C = 180.32792684597996
obj = 95239.23394352812, rho = 4.386691929420438
nSV = 3994, nBSV = 3076
Total nSV = 8896
.
Warning: using -h 0 may be faster
*
optimization finished, #iter = 1577
C = 317.80545248775115
obj = 143877.13575559473, rho = -8.118529805993006
nSV = 2309, nBSV = 1600
Total nSV = 2309
.
Warning: using -h 0 may be faster
*
optimization finished, #iter = 1557
C = 291.74126992994735
obj = 128678.84843117278, rho = 5.5759210906389605
nSV = 2276, nBSV = 1621
Total nSV = 2276
.
Warning: using -h 0 may be faster
*
optimization finished, #iter = 1483
C = 270.8945051528491
obj = 114296.6349590476, rho = 1.5596402106886746
nSV = 2283, nBSV = 1637
Total nSV = 2283
.
Warning: using -h 0 may be faster
*
optimization finished, #iter = 1562
C = 305.873541379289
obj = 135920.06945138314, rho = 3.2716444086610768
nSV = 2299, nBSV = 1620
Total nSV = 2299
.
Warning: using -h 0 may be faster
*
optimization finished, #iter = 1377
C = 261.18669397243036
obj = 108537.68257144217, rho = 6.755329710336446
nSV = 2273, nBSV = 1654
Total nSV = 2273
.
Warning: using -h 0 may be faster
*
optimization finished, #iter = 1850
C = 263.4139064755319
obj = 133536.13731102447, rho = 3.9605306341320463
nSV = 2797, nBSV = 2092
...
Warning: using -h 0 may be faster
*
optimization finished, #iter = 3407
C = 836.0535395047766
obj = 686145.3969455231, rho = -55.82199172599746
nSV = 4030, nBSV = 2191
Total nSV = 4030
...
Warning: using -h 0 may be faster
*
optimization finished, #iter = 3325
C = 753.8239858933422
obj = 598647.9610139136, rho = 16.707716411246217
nSV = 3965, nBSV = 2245
Total nSV = 3965
...
Warning: using -h 0 may be faster
*
optimization finished, #iter = 3375
C = 829.2324166327802
obj = 670499.077637526, rho = 23.68208808271264
nSV = 4013, nBSV = 2212
Total nSV = 4013
...
Warning: using -h 0 may be faster
*
optimization finished, #iter = 3428
C = 825.0335985797414
obj = 671452.4200646849, rho = 21.19281035969006
nSV = 3992, nBSV = 2222
Total nSV = 3992
...
Warning: using -h 0 may be faster
*
optimization finished, #iter = 3457
C = 842.8147486578179
obj = 682997.8733017537, rho = 17.116237945642084
nSV = 4096, nBSV = 2177
Total nSV = 4096
.
Warning: using -h 0 may be faster
...
Warning: using -h 0 may be faster
*
optimization finished, #iter = 4107
C = 797.0531774928425
obj = 745723.4858303872, rho = 24.663564949020998
nSV = 4940, nBSV = 2855
.
Warning: using -h 0 may be faster
*
optimization finished, #iter = 1533
C = 208.29188267369238
obj = 83777.39843193992, rho = -4.533973743652869
nSV = 2619, nBSV = 1927
Total nSV = 2619
.
Warning: using -h 0 may be faster
*
optimization finished, #iter = 1597
C = 213.03503466470298
obj = 84862.28105105963, rho = -8.115587411121137
nSV = 2637, nBSV = 1927
Total nSV = 2637
.
Warning: using -h 0 may be faster
*
optimization finished, #iter = 1621
C = 248.96174559369464
obj = 105484.3321136445, rho = -6.125327789361853
nSV = 2668, nBSV = 1903
Total nSV = 2668
.
Warning: using -h 0 may be faster
*
optimization finished, #iter = 1666
C = 248.32012322433667
obj = 104266.74726217185, rho = -9.980275045610844
nSV = 2679, nBSV = 1884
Total nSV = 2679
.
Warning: using -h 0 may be faster
*
optimization finished, #iter = 1552
C = 223.78420092744435
obj = 89622.57327184889, rho = -5.7777770374469934
nSV = 2624, nBSV = 1920
Total nSV = 2624
.
Warning: using -h 0 may be faster
*
optimization finished, #iter = 1953
C = 204.56118734747054
obj = 95823.20906130894, rho = 4.177520282808823
nSV = 3216, nBSV = 2449
Total nSV = 7201
.
Warning: using -h 0 may be faster
*
optimization finished, #iter = 1490
C = 285.1022318486987
obj = 122391.04506544165, rho = -5.03976393111888
nSV = 2281, nBSV = 1633
Total nSV = 2281
.
Warning: using -h 0 may be faster
*
optimization finished, #iter = 1472
C = 307.31152625437295
obj = 135755.49924661295, rho = -3.894098767639795
nSV = 2292, nBSV = 1606
Total nSV = 2292
.
Warning: using -h 0 may be faster
*
optimization finished, #iter = 1468
C = 261.00344965515455
obj = 110732.79742811894, rho = -8.931504105715726
nSV = 2262, nBSV = 1634
Total nSV = 2262
.
Warning: using -h 0 may be faster
*
optimization finished, #iter = 1581
C = 322.2458142871497
obj = 147833.36723067384, rho = -4.747829376241609
nSV = 2344, nBSV = 1580
Total nSV = 2344
.
Warning: using -h 0 may be faster
*
optimization finished, #iter = 1561
C = 317.04512077832123
obj = 143052.78931777625, rho = -6.127656576091791
nSV = 2315, nBSV = 1592
Total nSV = 2315
.
Warning: using -h 0 may be faster
*
optimization finished, #iter = 1813
C = 274.4072355134663
obj = 142318.66340775884, rho = 0.6782207099585699
nSV = 2817, nBSV = 2075
...
Warning: using -h 0 may be faster
*
optimization finished, #iter = 3324
C = 824.2178970622435
obj = 686443.4532843116, rho = 14.264865031651862
nSV = 4024, nBSV = 2224
Total nSV = 4024
...
Warning: using -h 0 may be faster
*
optimization finished, #iter = 3344
C = 854.4276670842281
obj = 714786.8196684276, rho = -37.99554670543682
nSV = 4028, nBSV = 2175
Total nSV = 4028
...
Warning: using -h 0 may be faster
*
optimization finished, #iter = 3471
C = 847.3613560007212
obj = 698300.9753432585, rho = -34.420646784919064
nSV = 4016, nBSV = 2164
Total nSV = 4016
...
Warning: using -h 0 may be faster
*
optimization finished, #iter = 3431
C = 845.7490774329954
obj = 693399.0923152216, rho = -43.24231703481063
nSV = 4061, nBSV = 2193
Total nSV = 4061
...
Warning: using -h 0 may be faster
*
optimization finished, #iter = 3401
C = 841.9058624389666
obj = 697191.6331543677, rho = -58.1436284150125
nSV = 4048, nBSV = 2196
Total nSV = 4048
.
Warning: using -h 0 may be faster
...
Warning: using -h 0 may be faster
*
optimization finished, #iter = 4230
C = 814.8569056474591
obj = 771138.507716757, rho = 12.344554785587787
nSV = 4951, nBSV = 2837
.
Warning: using -h 0 may be faster
*
optimization finished, #iter = 1697
C = 242.0121586335593
obj = 99045.8906270928, rho = -7.452550424856855
nSV = 2674, nBSV = 1881
Total nSV = 2674
.
Warning: using -h 0 may be faster
*
optimization finished, #iter = 1546
C = 207.3602034740415
obj = 78785.50674167223, rho = -3.705762395809252
nSV = 2641, nBSV = 1910
Total nSV = 2641
.
Warning: using -h 0 may be faster
*
optimization finished, #iter = 1703
C = 258.74275848438765
obj = 109052.13601507252, rho = -9.119965634490056
nSV = 2703, nBSV = 1867
Total nSV = 2703
.
Warning: using -h 0 may be faster
*
optimization finished, #iter = 1600
C = 232.62409913897824
obj = 93318.87648241171, rho = -5.168176591257877
nSV = 2649, nBSV = 1900
Total nSV = 2649
.
Warning: using -h 0 may be faster
*
optimization finished, #iter = 1571
C = 200.28782095186023
obj = 77415.57563159154, rho = -3.08201145846854
nSV = 2624, nBSV = 1939
Total nSV = 2624
.
Warning: using -h 0 may be faster
*.
Warning: using -h 0 may be faster
*
optimization finished, #iter = 1905
C = 203.29927964989602
obj = 92822.42732104579, rho = 2.8362073078227654
nSV = 3246, nBSV = 2435
Total nSV = 7234
...
Warning: using -h 0 may be faster
*
optimization finished, #iter = 3468
C = 841.5422134692463
obj = 683937.4720380638, rho = -44.30442507422761
nSV = 4029, nBSV = 2184
Total nSV = 4029
...
Warning: using -h 0 may be faster
*
optimization finished, #iter = 3457
C = 861.8028681657107
obj = 697774.2235056387, rho = 1.7070025087030452
nSV = 4026, nBSV = 2209
Total nSV = 4026
...
Warning: using -h 0 may be faster
*
optimization finished, #iter = 3302
C = 847.3418593448444
obj = 691065.120961113, rho = 28.399494270656753
nSV = 3992, nBSV = 2198
Total nSV = 3992
...
Warning: using -h 0 may be faster
*
optimization finished, #iter = 3572
C = 863.5571877346928
obj = 708997.9844698916, rho = 22.972757518203316
nSV = 4080, nBSV = 2176
Total nSV = 4080
...
Warning: using -h 0 may be faster
*
optimization finished, #iter = 3538
C = 882.5998234189985
obj = 726290.1619686743, rho = 17.083634621034513
nSV = 4083, nBSV = 2157
Total nSV = 4083
.
Warning: using -h 0 may be faster
...
Warning: using -h 0 may be faster
*
optimization finished, #iter = 4290
C = 838.9476154361715
obj = 788860.5875862637, rho = -57.43295327262059
nSV = 4946, nBSV = 2839
.
Warning: using -h 0 may be faster
*
optimization finished, #iter = 1726
C = 257.923692018791
obj = 108159.48608000121, rho = 4.950846700500929
nSV = 2716, nBSV = 1843
Total nSV = 2716
.
Warning: using -h 0 may be faster
*
optimization finished, #iter = 1627
C = 240.35866184495544
obj = 97521.34401549818, rho = 3.3542631827351705
nSV = 2675, nBSV = 1874
Total nSV = 2675
.
Warning: using -h 0 may be faster
*
optimization finished, #iter = 1705
C = 248.24129073166137
obj = 101291.09171446871, rho = 5.185079593812215
nSV = 2709, nBSV = 1863
Total nSV = 2709
.
Warning: using -h 0 may be faster
*
optimization finished, #iter = 1617
C = 239.5711445130036
obj = 93555.11850811662, rho = 6.095170457350121
nSV = 2675, nBSV = 1875
Total nSV = 2675
.
Warning: using -h 0 may be faster
*
optimization finished, #iter = 1613
C = 238.80199512577968
obj = 98559.42891567042, rho = 0.4504591841496807
nSV = 2670, nBSV = 1887
Total nSV = 2670
..
Warning: using -h 0 may be faster
*
optimization finished, #iter = 2007
C = 224.07506830703028
obj = 106371.39565740305, rho = -8.763740129116284
nSV = 3325, nBSV = 2377
.
Warning: using -h 0 may be faster
*
optimization finished, #iter = 1587
C = 309.13520008902975
obj = 137002.28462032042, rho = 0.45019441297194435
nSV = 2312, nBSV = 1621
Total nSV = 2312
.
Warning: using -h 0 may be faster
*
optimization finished, #iter = 1539
C = 311.9919409692372
obj = 140484.35544342082, rho = 6.863888998248633
nSV = 2298, nBSV = 1616
Total nSV = 2298
.
Warning: using -h 0 may be faster
*
optimization finished, #iter = 1460
C = 268.9901864777515
obj = 114405.47471013486, rho = 5.93640418519667
nSV = 2270, nBSV = 1633
Total nSV = 2270
.
Warning: using -h 0 may be faster
*
optimization finished, #iter = 1456
C = 263.22129552560557
obj = 110236.25902175557, rho = 3.1408967368890797
nSV = 2263, nBSV = 1641
Total nSV = 2263
.
Warning: using -h 0 may be faster
*
optimization finished, #iter = 1530
C = 315.62234191774013
obj = 140749.74013775768, rho = -0.42916013778421797
nSV = 2305, nBSV = 1589
Total nSV = 2305
.
Warning: using -h 0 may be faster
*
optimization finished, #iter = 1826
C = 266.34274308527097
obj = 135341.4459732439, rho = 3.726159962725423
nSV = 2803, nBSV = 2078
Total nSV = 7279
.
Warning: using -h 0 may be faster
*
optimization finished, #iter = 1563
C = 329.6034148259486
obj = 152940.97588844105, rho = -8.38714027081982
nSV = 2302, nBSV = 1596
Total nSV = 2302
.
Warning: using -h 0 may be faster
*
optimization finished, #iter = 1520
C = 286.83595562181677
obj = 123796.81459632656, rho = 1.8464111854906193
nSV = 2275, nBSV = 1636
Total nSV = 2275
.
Warning: using -h 0 may be faster
*
optimization finished, #iter = 1521
C = 283.48336984869593
obj = 120402.90464528072, rho = 0.635485838127207
nSV = 2305, nBSV = 1609
Total nSV = 2305
.
Warning: using -h 0 may be faster
*
optimization finished, #iter = 1587
C = 331.00333939997614
obj = 150106.87657619308, rho = -1.3943770355137195
nSV = 2313, nBSV = 1592
Total nSV = 2313
.
Warning: using -h 0 may be faster
*
optimization finished, #iter = 1490
C = 277.0975470726089
obj = 117045.04811390287, rho = 4.442713586893795
nSV = 2309, nBSV = 1626
Total nSV = 2309
.
Warning: using -h 0 may be faster
*
optimization finished, #iter = 1848
C = 278.25337439295373
obj = 143385.39198284404, rho = -6.213644375390529
nSV = 2803, nBSV = 2046
.
Warning: using -h 0 may be faster
*
optimization finished, #iter = 1701
C = 239.44622323050342
obj = 99069.97866349881, rho = -4.6290972025459505
nSV = 2698, nBSV = 1858
Total nSV = 2698
.
Warning: using -h 0 may be faster
*
optimization finished, #iter = 1533
C = 224.8458970388435
obj = 88832.20173461808, rho = -8.139945622508504
nSV = 2655, nBSV = 1906
Total nSV = 2655
.
Warning: using -h 0 may be faster
*
optimization finished, #iter = 1646
C = 216.77001129627254
obj = 83848.86950152303, rho = -6.4676896184029316
nSV = 2660, nBSV = 1900
Total nSV = 2660
.
Warning: using -h 0 may be faster
*
optimization finished, #iter = 1613
C = 201.11819777932755
obj = 76027.65078338534, rho = -2.6183299244833576
nSV = 2633, nBSV = 1892
Total nSV = 2633
.
Warning: using -h 0 may be faster
*
optimization finished, #iter = 1752
C = 254.41939854734593
obj = 108496.88164894246, rho = -2.5611925395288835
nSV = 2739, nBSV = 1832
Total nSV = 2739
..
Warning: using -h 0 may be faster
*
optimization finished, #iter = 2022
C = 201.91192693017328
obj = 92569.06498294794, rho = 1.2405135745574707
nSV = 3272, nBSV = 2395
...
Warning: using -h 0 may be faster
*
optimization finished, #iter = 3232
C = 814.2356820565349
obj = 657586.1975320406, rho = -45.73852238205747
nSV = 4018, nBSV = 2214
Total nSV = 4018
...
Warning: using -h 0 may be faster
*
optimization finished, #iter = 3513
C = 854.5784660853077
obj = 701656.3389996974, rho = -51.18622262259413
nSV = 4053, nBSV = 2192
Total nSV = 4053
...
Warning: using -h 0 may be faster
*
optimization finished, #iter = 3382
C = 818.6217151273788
obj = 672970.9615223914, rho = -43.15900742466649
nSV = 3987, nBSV = 2212
Total nSV = 3987
...
Warning: using -h 0 may be faster
*
optimization finished, #iter = 3426
C = 835.9711840032664
obj = 684549.8384815966, rho = -40.56103745295904
nSV = 4063, nBSV = 2216
Total nSV = 4063
...
Warning: using -h 0 may be faster
*
optimization finished, #iter = 3312
C = 788.9258290058971
obj = 646388.1513183402, rho = -38.340535150716086
nSV = 4003, nBSV = 2211
Total nSV = 4003
.
Warning: using -h 0 may be faster
...
Warning: using -h 0 may be faster
*
optimization finished, #iter = 4192
C = 787.7810460887575
obj = 734633.6407656333, rho = 13.884959586265895
nSV = 4905, nBSV = 2854
Total nSV = 7216
.
Warning: using -h 0 may be faster
*
optimization finished, #iter = 1596
C = 218.7475291313016
obj = 85978.15524226044, rho = -4.961253591366654
nSV = 2630, nBSV = 1934
Total nSV = 2630
.
Warning: using -h 0 may be faster
*
optimization finished, #iter = 1521
C = 187.7872266310419
obj = 69484.58903951236, rho = -6.449406563495161
nSV = 2614, nBSV = 1940
Total nSV = 2614
.
Warning: using -h 0 may be faster
*
optimization finished, #iter = 1533
C = 204.23490678981375
obj = 78808.93967272679, rho = -4.724625992122602
nSV = 2605, nBSV = 1925
Total nSV = 2605
.
Warning: using -h 0 may be faster
*
optimization finished, #iter = 1588
C = 226.37297199501688
obj = 91068.64020299565, rho = -8.401366417539037
nSV = 2660, nBSV = 1893
Total nSV = 2660
.
Warning: using -h 0 may be faster
*
optimization finished, #iter = 1562
C = 205.37852946751067
obj = 79721.2589941055, rho = -3.4383217225183014
nSV = 2616, nBSV = 1927
Total nSV = 2616
.
Warning: using -h 0 may be faster
*
optimization finished, #iter = 1888
C = 189.64598734049147
obj = 86293.8597451509, rho = 3.4454006659266554
nSV = 3223, nBSV = 2448
.
Warning: using -h 0 may be faster
*
optimization finished, #iter = 1446
C = 279.38561119563406
obj = 119728.88218338956, rho = 4.755728590308302
nSV = 2288, nBSV = 1641
Total nSV = 2288
.
Warning: using -h 0 may be faster
*
optimization finished, #iter = 1536
C = 288.6432246879138
obj = 127637.22751503433, rho = 1.3897050449910815
nSV = 2280, nBSV = 1619
Total nSV = 2280
.
Warning: using -h 0 may be faster
*
optimization finished, #iter = 1563
C = 299.9621868644866
obj = 133307.38572118385, rho = -1.9305248312351486
nSV = 2309, nBSV = 1612
Total nSV = 2309
.
Warning: using -h 0 may be faster
*
optimization finished, #iter = 1523
C = 298.9276751588011
obj = 132320.62251998406, rho = 0.5038287544441425
nSV = 2280, nBSV = 1615
Total nSV = 2280
.
Warning: using -h 0 may be faster
*
optimization finished, #iter = 1460
C = 273.89556633179126
obj = 119606.94301099426, rho = -2.9570311236796822
nSV = 2256, nBSV = 1642
Total nSV = 2256
Line search fails in two-class probability estimates
.
Warning: using -h 0 may be faster
*
optimization finished, #iter = 1849
C = 260.7290631504293
obj = 132382.62366046282, rho = -3.8832154761118844
nSV = 2792, nBSV = 2091
...
Warning: using -h 0 may be faster
*
optimization finished, #iter = 3444
C = 839.1504547857344
obj = 681707.660525492, rho = -39.781185883427156
nSV = 4031, nBSV = 2202
Total nSV = 4031
...
Warning: using -h 0 may be faster
*
optimization finished, #iter = 3365
C = 889.2521965681892
obj = 753794.343086847, rho = 12.831975873397106
nSV = 4021, nBSV = 2181
Total nSV = 4021
...
Warning: using -h 0 may be faster
*
optimization finished, #iter = 3418
C = 875.5399008819852
obj = 730686.9848283888, rho = 11.653220933846137
nSV = 4045, nBSV = 2194
Total nSV = 4045
...
Warning: using -h 0 may be faster
*
optimization finished, #iter = 3324
C = 868.0674322243415
obj = 714067.0063568597, rho = 12.806896787550297
nSV = 4042, nBSV = 2191
Total nSV = 4042
...
Warning: using -h 0 may be faster
*
optimization finished, #iter = 3342
C = 853.8718443755346
obj = 686446.9989191792, rho = 11.279341679225059
nSV = 3987, nBSV = 2193
Total nSV = 3987
....
Warning: using -h 0 may be faster
*
optimization finished, #iter = 4300
C = 867.6900158341417
obj = 841270.7532752741, rho = -53.0566645500796
nSV = 4931, nBSV = 2824
Total nSV = 7214


=== Predictions under cross-validation ===

 inst#     actual  predicted error distribution
     1  2:neutral  2:neutral       0.298,*0.587,0.115 
     2  2:neutral  2:neutral       0.058,*0.793,0.148 
     3  2:neutral 3:positive   +   0.077,0.355,*0.568 
     4  2:neutral  2:neutral       0.065,*0.479,0.455 
     5  2:neutral  2:neutral       0.064,*0.713,0.223 
     6  2:neutral 1:negative   +   *0.624,0.345,0.031 
     7  2:neutral  2:neutral       0.081,*0.611,0.308 
     8  2:neutral  2:neutral       0.094,*0.707,0.199 
     9  2:neutral  2:neutral       0.085,*0.673,0.243 
    10  2:neutral 1:negative   +   *0.467,0.358,0.174 
    11  2:neutral 3:positive   +   0.048,0.278,*0.674 
    12  2:neutral  2:neutral       0.052,*0.77,0.178 
    13  2:neutral  2:neutral       0.089,*0.8,0.111 
    14  2:neutral  2:neutral       0.022,*0.563,0.415 
    15  2:neutral 1:negative   +   *0.567,0.273,0.159 
    16  2:neutral  2:neutral       0.029,*0.806,0.165 
    17  2:neutral 1:negative   +   *0.453,0.281,0.266 
    18  2:neutral  2:neutral       0.218,*0.496,0.286 
    19  2:neutral  2:neutral       0.139,*0.708,0.153 
    20  2:neutral  2:neutral       0.053,*0.902,0.045 
    21  2:neutral 1:negative   +   *0.71,0.175,0.115 
    22  2:neutral  2:neutral       0.138,*0.572,0.29 
    23  2:neutral  2:neutral       0.082,*0.705,0.213 
    24  2:neutral  2:neutral       0.076,*0.838,0.086 
    25  2:neutral  2:neutral       0.045,*0.714,0.24 
    26  2:neutral 3:positive   +   0.054,0.287,*0.658 
    27  2:neutral  2:neutral       0.034,*0.91,0.056 
    28  2:neutral 1:negative   +   *0.528,0.372,0.1 
    29  2:neutral  2:neutral       0.022,*0.659,0.319 
    30  2:neutral 3:positive   +   0.039,0.404,*0.557 
    31  2:neutral 1:negative   +   *0.554,0.397,0.049 
    32  2:neutral 1:negative   +   *0.84,0.131,0.029 
    33  2:neutral  2:neutral       0.023,*0.905,0.072 
    34  2:neutral  2:neutral       0.071,*0.781,0.148 
    35  2:neutral  2:neutral       0.214,*0.699,0.087 
    36  2:neutral  2:neutral       0.053,*0.545,0.403 
    37  2:neutral  2:neutral       0.096,*0.688,0.216 
    38  2:neutral  2:neutral       0.125,*0.697,0.178 
    39  2:neutral  2:neutral       0.058,*0.733,0.209 
    40  2:neutral  2:neutral       0.045,*0.754,0.202 
    41  2:neutral  2:neutral       0.131,*0.759,0.11 
    42  2:neutral  2:neutral       0.089,*0.711,0.201 
    43  2:neutral 3:positive   +   0.157,0.097,*0.746 
    44  2:neutral  2:neutral       0.073,*0.474,0.452 
    45  2:neutral  2:neutral       0.06,*0.821,0.12 
    46  2:neutral  2:neutral       0.039,*0.628,0.334 
    47  2:neutral  2:neutral       0.103,*0.626,0.271 
    48  2:neutral 3:positive   +   0.068,0.159,*0.772 
    49  2:neutral  2:neutral       0.035,*0.903,0.062 
    50  2:neutral  2:neutral       0.058,*0.79,0.152 
    51  2:neutral  2:neutral       0.123,*0.711,0.166 
    52  2:neutral  2:neutral       0.368,*0.455,0.177 
    53  2:neutral  2:neutral       0.174,*0.476,0.35 
    54  2:neutral  2:neutral       0.12,*0.588,0.292 
    55  2:neutral  2:neutral       0.053,*0.797,0.15 
    56  2:neutral  2:neutral       0.031,*0.92,0.049 
    57  2:neutral  2:neutral       0.219,*0.533,0.249 
    58  2:neutral  2:neutral       0.074,*0.622,0.304 
    59  2:neutral  2:neutral       0.1,*0.625,0.275 
    60  2:neutral  2:neutral       0.206,*0.621,0.173 
    61  2:neutral  2:neutral       0.086,*0.776,0.138 
    62  2:neutral  2:neutral       0.084,*0.665,0.251 
    63  2:neutral  2:neutral       0.038,*0.702,0.26 
    64  2:neutral  2:neutral       0.056,*0.696,0.248 
    65  2:neutral  2:neutral       0.125,*0.77,0.105 
    66  2:neutral 3:positive   +   0.029,0.288,*0.683 
    67  2:neutral  2:neutral       0.039,*0.558,0.403 
    68  2:neutral  2:neutral       0.307,*0.493,0.2 
    69  2:neutral 3:positive   +   0.036,0.284,*0.68 
    70  2:neutral 3:positive   +   0.084,0.386,*0.53 
    71  2:neutral  2:neutral       0.206,*0.611,0.183 
    72  2:neutral 3:positive   +   0.05,0.157,*0.793 
    73  2:neutral  2:neutral       0.179,*0.587,0.233 
    74  2:neutral  2:neutral       0.176,*0.428,0.396 
    75  2:neutral  2:neutral       0.048,*0.784,0.168 
    76  2:neutral  2:neutral       0.13,*0.545,0.324 
    77  2:neutral  2:neutral       0.154,*0.54,0.306 
    78  2:neutral  2:neutral       0.098,*0.759,0.144 
    79  2:neutral  2:neutral       0.21,*0.683,0.107 
    80  2:neutral  2:neutral       0.051,*0.75,0.199 
    81  2:neutral 1:negative   +   *0.419,0.391,0.19 
    82  2:neutral  2:neutral       0.137,*0.811,0.052 
    83  2:neutral 1:negative   +   *0.562,0.112,0.326 
    84  2:neutral 3:positive   +   0.017,0.222,*0.761 
    85  2:neutral  2:neutral       0.267,*0.478,0.255 
    86  2:neutral  2:neutral       0.08,*0.845,0.076 
    87  2:neutral  2:neutral       0.013,*0.55,0.437 
    88  2:neutral  2:neutral       0.045,*0.78,0.175 
    89  2:neutral 1:negative   +   *0.559,0.263,0.178 
    90  2:neutral  2:neutral       0.061,*0.692,0.246 
    91  2:neutral  2:neutral       0.122,*0.692,0.186 
    92  2:neutral  2:neutral       0.161,*0.665,0.173 
    93  2:neutral  2:neutral       0.088,*0.611,0.301 
    94  2:neutral  2:neutral       0.07,*0.54,0.39 
    95  2:neutral 3:positive   +   0.05,0.378,*0.572 
    96  2:neutral  2:neutral       0.139,*0.712,0.149 
    97  2:neutral  2:neutral       0.075,*0.75,0.175 
    98  2:neutral 3:positive   +   0.06,0.428,*0.512 
    99  2:neutral  2:neutral       0.054,*0.801,0.146 
   100  2:neutral  2:neutral       0.073,*0.658,0.269 
   101  2:neutral 3:positive   +   0.121,0.408,*0.472 
   102  2:neutral 3:positive   +   0.056,0.254,*0.691 
   103  2:neutral  2:neutral       0.039,*0.784,0.178 
   104  2:neutral  2:neutral       0.226,*0.537,0.237 
   105  2:neutral  2:neutral       0.057,*0.647,0.296 
   106  2:neutral 3:positive   +   0.101,0.269,*0.63 
   107  2:neutral  2:neutral       0.082,*0.705,0.213 
   108  2:neutral  2:neutral       0.038,*0.831,0.131 
   109  2:neutral  2:neutral       0.013,*0.885,0.102 
   110  2:neutral  2:neutral       0.153,*0.668,0.179 
   111  2:neutral  2:neutral       0.063,*0.747,0.19 
   112  2:neutral  2:neutral       0.022,*0.844,0.135 
   113  2:neutral  2:neutral       0.037,*0.565,0.398 
   114  2:neutral 3:positive   +   0.156,0.327,*0.516 
   115  2:neutral  2:neutral       0.063,*0.731,0.206 
   116  2:neutral  2:neutral       0.283,*0.497,0.221 
   117  2:neutral  2:neutral       0.029,*0.932,0.039 
   118  2:neutral  2:neutral       0.162,*0.474,0.364 
   119  2:neutral  2:neutral       0.045,*0.87,0.085 
   120  2:neutral 3:positive   +   0.08,0.297,*0.623 
   121  2:neutral  2:neutral       0.05,*0.587,0.364 
   122  2:neutral 3:positive   +   0.138,0.22,*0.642 
   123  2:neutral  2:neutral       0.128,*0.775,0.097 
   124  2:neutral  2:neutral       0.118,*0.732,0.15 
   125  2:neutral  2:neutral       0.245,*0.613,0.143 
   126  2:neutral  2:neutral       0.096,*0.708,0.195 
   127  2:neutral  2:neutral       0.04,*0.87,0.089 
   128  2:neutral 3:positive   +   0.043,0.29,*0.666 
   129  2:neutral  2:neutral       0.165,*0.72,0.115 
   130  2:neutral  2:neutral       0.038,*0.674,0.289 
   131  2:neutral  2:neutral       0.241,*0.505,0.254 
   132  2:neutral  2:neutral       0.07,*0.713,0.216 
   133  2:neutral  2:neutral       0.057,*0.785,0.158 
   134  2:neutral  2:neutral       0.033,*0.845,0.122 
   135  2:neutral  2:neutral       0.034,*0.807,0.159 
   136  2:neutral  2:neutral       0.019,*0.808,0.173 
   137  2:neutral  2:neutral       0.052,*0.735,0.213 
   138  2:neutral 3:positive   +   0.113,0.361,*0.526 
   139  2:neutral  2:neutral       0.079,*0.549,0.372 
   140  2:neutral  2:neutral       0.136,*0.767,0.097 
   141  2:neutral  2:neutral       0.052,*0.769,0.179 
   142  2:neutral  2:neutral       0.105,*0.759,0.136 
   143  2:neutral  2:neutral       0.214,*0.425,0.361 
   144  2:neutral  2:neutral       0.133,*0.681,0.187 
   145  2:neutral 3:positive   +   0.264,0.358,*0.378 
   146  2:neutral  2:neutral       0.144,*0.732,0.124 
   147  2:neutral  2:neutral       0.03,*0.772,0.199 
   148  2:neutral  2:neutral       0.057,*0.787,0.156 
   149  2:neutral 3:positive   +   0.159,0.3,*0.542 
   150  2:neutral  2:neutral       0.058,*0.845,0.097 
   151  2:neutral  2:neutral       0.063,*0.639,0.297 
   152  2:neutral  2:neutral       0.051,*0.856,0.094 
   153  2:neutral  2:neutral       0.03,*0.856,0.114 
   154  2:neutral  2:neutral       0.094,*0.749,0.157 
   155  2:neutral 3:positive   +   0.094,0.378,*0.528 
   156  2:neutral 3:positive   +   0.084,0.449,*0.467 
   157  2:neutral  2:neutral       0.046,*0.576,0.378 
   158  2:neutral  2:neutral       0.062,*0.705,0.233 
   159  2:neutral  2:neutral       0.227,*0.679,0.094 
   160  2:neutral  2:neutral       0.014,*0.682,0.304 
   161  2:neutral  2:neutral       0.272,*0.526,0.202 
   162  2:neutral  2:neutral       0.023,*0.835,0.142 
   163  2:neutral  2:neutral       0.036,*0.731,0.233 
   164  2:neutral  2:neutral       0.412,*0.477,0.111 
   165  2:neutral  2:neutral       0.124,*0.768,0.108 
   166  2:neutral  2:neutral       0.088,*0.718,0.193 
   167  2:neutral  2:neutral       0.063,*0.681,0.256 
   168  2:neutral  2:neutral       0.06,*0.8,0.14 
   169  2:neutral  2:neutral       0.113,*0.664,0.222 
   170  2:neutral  2:neutral       0.125,*0.768,0.106 
   171  2:neutral  2:neutral       0.056,*0.64,0.305 
   172  2:neutral 1:negative   +   *0.49,0.409,0.101 
   173  2:neutral 1:negative   +   *0.788,0.173,0.039 
   174  2:neutral  2:neutral       0.079,*0.643,0.278 
   175  2:neutral  2:neutral       0.136,*0.554,0.31 
   176  2:neutral 3:positive   +   0.073,0.337,*0.59 
   177  2:neutral  2:neutral       0.067,*0.824,0.11 
   178  2:neutral  2:neutral       0.085,*0.699,0.216 
   179  2:neutral  2:neutral       0.052,*0.745,0.203 
   180  2:neutral  2:neutral       0.044,*0.797,0.159 
   181  2:neutral  2:neutral       0.048,*0.863,0.089 
   182  2:neutral  2:neutral       0.393,*0.49,0.116 
   183  2:neutral  2:neutral       0.07,*0.716,0.214 
   184  2:neutral 3:positive   +   0.13,0.341,*0.529 
   185  2:neutral  2:neutral       0.162,*0.598,0.24 
   186  2:neutral  2:neutral       0.017,*0.763,0.22 
   187  2:neutral  2:neutral       0.056,*0.542,0.402 
   188  2:neutral 3:positive   +   0.125,0.43,*0.445 
   189  2:neutral  2:neutral       0.382,*0.525,0.094 
   190  2:neutral  2:neutral       0.25,*0.669,0.081 
   191  2:neutral  2:neutral       0.222,*0.683,0.095 
   192  2:neutral  2:neutral       0.064,*0.769,0.167 
   193  2:neutral 3:positive   +   0.014,0.362,*0.624 
   194  2:neutral  2:neutral       0.094,*0.82,0.086 
   195  2:neutral  2:neutral       0.115,*0.486,0.4 
   196  2:neutral  2:neutral       0.269,*0.606,0.124 
   197  2:neutral  2:neutral       0.108,*0.69,0.202 
   198  2:neutral  2:neutral       0.392,*0.474,0.134 
   199  2:neutral 3:positive   +   0.068,0.246,*0.687 
   200  2:neutral  2:neutral       0.053,*0.736,0.211 
   201  2:neutral  2:neutral       0.047,*0.9,0.053 
   202  2:neutral  2:neutral       0.125,*0.686,0.189 
   203  2:neutral  2:neutral       0.184,*0.498,0.318 
   204  2:neutral  2:neutral       0.043,*0.928,0.029 
   205  2:neutral  2:neutral       0.023,*0.63,0.347 
   206  2:neutral  2:neutral       0.208,*0.551,0.241 
   207  2:neutral  2:neutral       0.094,*0.529,0.376 
   208  2:neutral  2:neutral       0.067,*0.746,0.187 
   209  2:neutral  2:neutral       0.051,*0.801,0.148 
   210  2:neutral 1:negative   +   *0.475,0.258,0.267 
   211  2:neutral  2:neutral       0.034,*0.632,0.334 
   212  2:neutral  2:neutral       0.075,*0.823,0.102 
   213  2:neutral  2:neutral       0.097,*0.764,0.139 
   214  2:neutral  2:neutral       0.077,*0.727,0.196 
   215  2:neutral  2:neutral       0.309,*0.561,0.13 
   216  2:neutral  2:neutral       0.048,*0.592,0.36 
   217  2:neutral  2:neutral       0.091,*0.814,0.095 
   218  2:neutral  2:neutral       0.214,*0.485,0.301 
   219  2:neutral  2:neutral       0.15,*0.743,0.107 
   220  2:neutral  2:neutral       0.073,*0.784,0.143 
   221  2:neutral 1:negative   +   *0.5,0.244,0.256 
   222  2:neutral 3:positive   +   0.129,0.416,*0.455 
   223  2:neutral  2:neutral       0.092,*0.685,0.223 
   224  2:neutral  2:neutral       0.17,*0.705,0.125 
   225  2:neutral  2:neutral       0.039,*0.847,0.114 
   226  2:neutral  2:neutral       0.038,*0.715,0.248 
   227  2:neutral  2:neutral       0.043,*0.794,0.163 
   228  2:neutral 3:positive   +   0.041,0.353,*0.606 
   229  2:neutral  2:neutral       0.017,*0.731,0.252 
   230  2:neutral 1:negative   +   *0.556,0.209,0.235 
   231  2:neutral  2:neutral       0.127,*0.634,0.239 
   232  2:neutral  2:neutral       0.25,*0.479,0.27 
   233  2:neutral  2:neutral       0.184,*0.59,0.226 
   234  2:neutral 3:positive   +   0.025,0.475,*0.499 
   235  2:neutral  2:neutral       0.276,*0.635,0.09 
   236  2:neutral  2:neutral       0.116,*0.533,0.351 
   237  2:neutral 3:positive   +   0.057,0.391,*0.552 
   238  2:neutral  2:neutral       0.141,*0.693,0.166 
   239  2:neutral  2:neutral       0.1,*0.497,0.403 
   240  2:neutral  2:neutral       0.109,*0.616,0.275 
   241  2:neutral 1:negative   +   *0.546,0.346,0.109 
   242  2:neutral  2:neutral       0.074,*0.763,0.163 
   243  2:neutral 3:positive   +   0.049,0.429,*0.522 
   244  2:neutral  2:neutral       0.058,*0.822,0.12 
   245  2:neutral  2:neutral       0.151,*0.697,0.151 
   246  2:neutral 3:positive   +   0.019,0.316,*0.665 
   247  2:neutral  2:neutral       0.021,*0.939,0.041 
   248  2:neutral 3:positive   +   0.052,0.386,*0.562 
   249  2:neutral  2:neutral       0.105,*0.553,0.343 
   250  2:neutral  2:neutral       0.04,*0.782,0.178 
   251  2:neutral 3:positive   +   0.094,0.45,*0.456 
   252  2:neutral  2:neutral       0.067,*0.623,0.31 
   253  2:neutral  2:neutral       0.14,*0.687,0.173 
   254  2:neutral  2:neutral       0.124,*0.775,0.101 
   255  2:neutral  2:neutral       0.038,*0.734,0.228 
   256  2:neutral  2:neutral       0.122,*0.614,0.264 
   257  2:neutral  2:neutral       0.082,*0.705,0.213 
   258  2:neutral  2:neutral       0.121,*0.819,0.06 
   259  2:neutral  2:neutral       0.072,*0.533,0.396 
   260  2:neutral  2:neutral       0.054,*0.852,0.094 
   261  2:neutral 3:positive   +   0.05,0.291,*0.659 
   262  2:neutral  2:neutral       0.033,*0.845,0.122 
   263  2:neutral  2:neutral       0.089,*0.699,0.213 
   264  2:neutral  2:neutral       0.053,*0.865,0.082 
   265  2:neutral  2:neutral       0.095,*0.623,0.281 
   266  2:neutral  2:neutral       0.031,*0.815,0.154 
   267  2:neutral 3:positive   +   0.06,0.207,*0.733 
   268  2:neutral  2:neutral       0.127,*0.758,0.115 
   269  2:neutral  2:neutral       0.26,*0.564,0.176 
   270  2:neutral  2:neutral       0.145,*0.539,0.316 
   271  2:neutral 1:negative   +   *0.465,0.372,0.163 
   272  2:neutral 3:positive   +   0.093,0.103,*0.804 
   273  2:neutral  2:neutral       0.288,*0.599,0.113 
   274  2:neutral  2:neutral       0.033,*0.544,0.424 
   275  2:neutral 1:negative   +   *0.572,0.118,0.31 
   276  2:neutral  2:neutral       0.036,*0.899,0.065 
   277  2:neutral  2:neutral       0.027,*0.653,0.32 
   278  2:neutral  2:neutral       0.038,*0.875,0.087 
   279  2:neutral  2:neutral       0.148,*0.565,0.287 
   280  2:neutral 3:positive   +   0.018,0.368,*0.614 
   281  2:neutral  2:neutral       0.071,*0.733,0.196 
   282  2:neutral  2:neutral       0.041,*0.896,0.063 
   283  2:neutral 1:negative   +   *0.458,0.256,0.286 
   284  2:neutral  2:neutral       0.067,*0.617,0.315 
   285  2:neutral  2:neutral       0.026,*0.925,0.05 
   286  2:neutral  2:neutral       0.077,*0.559,0.364 
   287  2:neutral  2:neutral       0.053,*0.877,0.07 
   288  2:neutral  2:neutral       0.149,*0.715,0.136 
   289  2:neutral  2:neutral       0.141,*0.721,0.138 
   290  2:neutral  2:neutral       0.016,*0.644,0.34 
   291  2:neutral 3:positive   +   0.176,0.367,*0.457 
   292  2:neutral 1:negative   +   *0.502,0.291,0.207 
   293  2:neutral 3:positive   +   0.033,0.346,*0.621 
   294  2:neutral  2:neutral       0.098,*0.565,0.337 
   295  2:neutral  2:neutral       0.193,*0.744,0.063 
   296  2:neutral  2:neutral       0.07,*0.713,0.216 
   297  2:neutral  2:neutral       0.129,*0.461,0.41 
   298  2:neutral  2:neutral       0.078,*0.796,0.127 
   299  2:neutral  2:neutral       0.104,*0.745,0.151 
   300  2:neutral  2:neutral       0.119,*0.814,0.068 
   301  2:neutral  2:neutral       0.045,*0.686,0.268 
   302  2:neutral  2:neutral       0.089,*0.637,0.273 
   303  2:neutral 3:positive   +   0.123,0.331,*0.546 
   304  2:neutral  2:neutral       0.306,*0.362,0.333 
   305  2:neutral  2:neutral       0.026,*0.797,0.176 
   306  2:neutral  2:neutral       0.084,*0.723,0.193 
   307  2:neutral  2:neutral       0.059,*0.707,0.233 
   308  2:neutral  2:neutral       0.051,*0.931,0.018 
   309  2:neutral 3:positive   +   0.071,0.233,*0.696 
   310  2:neutral  2:neutral       0.153,*0.804,0.043 
   311  2:neutral  2:neutral       0.133,*0.578,0.289 
   312  2:neutral  2:neutral       0.096,*0.676,0.228 
   313  2:neutral  2:neutral       0.234,*0.647,0.118 
   314  2:neutral  2:neutral       0.309,*0.536,0.155 
   315  2:neutral  2:neutral       0.016,*0.607,0.377 
   316  2:neutral 3:positive   +   0.055,0.245,*0.7 
   317  2:neutral  2:neutral       0.132,*0.564,0.304 
   318  2:neutral  2:neutral       0.079,*0.803,0.117 
   319  2:neutral  2:neutral       0.165,*0.544,0.291 
   320  2:neutral  2:neutral       0.091,*0.752,0.157 
   321  2:neutral  2:neutral       0.09,*0.797,0.114 
   322  2:neutral  2:neutral       0.074,*0.789,0.137 
   323  2:neutral  2:neutral       0.109,*0.556,0.335 
   324  2:neutral  2:neutral       0.111,*0.774,0.115 
   325  2:neutral  2:neutral       0.058,*0.784,0.158 
   326  2:neutral  2:neutral       0.052,*0.721,0.227 
   327  2:neutral 1:negative   +   *0.951,0.031,0.017 
   328  2:neutral 1:negative   +   *0.7,0.257,0.042 
   329  2:neutral 1:negative   +   *0.616,0.269,0.116 
   330  2:neutral  2:neutral       0.038,*0.872,0.09 
   331  2:neutral 3:positive   +   0.05,0.211,*0.739 
   332  2:neutral  2:neutral       0.084,*0.767,0.149 
   333  2:neutral  2:neutral       0.028,*0.768,0.204 
   334  2:neutral 3:positive   +   0.3,0.216,*0.484 
   335  2:neutral  2:neutral       0.024,*0.584,0.391 
   336  2:neutral  2:neutral       0.072,*0.669,0.258 
   337  2:neutral  2:neutral       0.078,*0.796,0.125 
   338  2:neutral  2:neutral       0.077,*0.647,0.276 
   339  2:neutral  2:neutral       0.096,*0.7,0.205 
   340  2:neutral  2:neutral       0.364,*0.478,0.158 
   341  2:neutral  2:neutral       0.056,*0.695,0.249 
   342  2:neutral 3:positive   +   0.164,0.095,*0.742 
   343  2:neutral  2:neutral       0.227,*0.39,0.384 
   344  2:neutral  2:neutral       0.025,*0.568,0.406 
   345  2:neutral  2:neutral       0.027,*0.81,0.163 
   346  2:neutral  2:neutral       0.042,*0.567,0.391 
   347  2:neutral  2:neutral       0.082,*0.705,0.213 
   348  2:neutral  2:neutral       0.198,*0.542,0.26 
   349  2:neutral  2:neutral       0.15,*0.719,0.131 
   350  2:neutral  2:neutral       0.034,*0.618,0.348 
   351  2:neutral  2:neutral       0.053,*0.755,0.192 
