Zero Weights processed. Default weights will be used
..
Warning: using -h 0 may be faster
*
optimization finished, #iter = 2336
C = 1204.435166436811
obj = 701457.492639507, rho = -17.30529735148066
nSV = 2470, nBSV = 936
Total nSV = 2470
..
Warning: using -h 0 may be faster
*
optimization finished, #iter = 2365
C = 1234.0771950631333
obj = 722464.8388264403, rho = -9.98739888841951
nSV = 2453, nBSV = 906
Total nSV = 2453
..
Warning: using -h 0 may be faster
*
optimization finished, #iter = 2188
C = 1209.901343758012
obj = 688647.2419375427, rho = -22.01880040458399
nSV = 2411, nBSV = 951
Total nSV = 2411
..
Warning: using -h 0 may be faster
*
optimization finished, #iter = 2265
C = 1203.0835360097399
obj = 695615.6372080322, rho = -18.089738087726975
nSV = 2438, nBSV = 931
Total nSV = 2438
..
Warning: using -h 0 may be faster
*
optimization finished, #iter = 2314
C = 1204.4770328333168
obj = 697539.7231611685, rho = -27.64134603702615
nSV = 2470, nBSV = 906
Total nSV = 2470
..
Warning: using -h 0 may be faster
*
optimization finished, #iter = 2790
C = 1216.8544504970066
obj = 839228.0659050865, rho = -25.454374044369526
nSV = 2989, nBSV = 1235
...
Warning: using -h 0 may be faster
*
optimization finished, #iter = 3624
C = 2625.4781560117062
obj = 2666770.701454496, rho = 5.759076172238072
nSV = 4073, nBSV = 1314
Total nSV = 4073
...
Warning: using -h 0 may be faster
*
optimization finished, #iter = 3756
C = 2644.6972190886318
obj = 2654081.0799133005, rho = -130.25191503069783
nSV = 4115, nBSV = 1335
Total nSV = 4115
...
Warning: using -h 0 may be faster
*
optimization finished, #iter = 3628
C = 2613.816940126069
obj = 2649694.3695427924, rho = -125.5487271630947
nSV = 4068, nBSV = 1340
Total nSV = 4068
...
Warning: using -h 0 may be faster
*
optimization finished, #iter = 3644
C = 2696.1917651108984
obj = 2739048.8701815484, rho = -150.821562938605
nSV = 4094, nBSV = 1333
Total nSV = 4094
...
Warning: using -h 0 may be faster
*.
Warning: using -h 0 may be faster
*
optimization finished, #iter = 3686
C = 2610.380810689068
obj = 2646784.647712367, rho = -138.37965922514343
nSV = 4096, nBSV = 1364
Total nSV = 4096
....
Warning: using -h 0 may be faster
*.
Warning: using -h 0 may be faster
*
optimization finished, #iter = 4705
C = 2886.805501592167
obj = 3456996.9457230084, rho = -4.859219683992822
nSV = 4994, nBSV = 1762
..
Warning: using -h 0 may be faster
*
optimization finished, #iter = 2612
C = 1370.1806173092543
obj = 913400.369953597, rho = 4.9721235036893985
nSV = 2891, nBSV = 1046
Total nSV = 2891
..
Warning: using -h 0 may be faster
*
optimization finished, #iter = 2627
C = 1350.226631462365
obj = 899025.7233313145, rho = -50.07888268427808
nSV = 2880, nBSV = 1082
Total nSV = 2880
..
Warning: using -h 0 may be faster
*
optimization finished, #iter = 2525
C = 1345.7936955309358
obj = 871810.3826750049, rho = -58.81009262641094
nSV = 2883, nBSV = 1083
Total nSV = 2883
..
Warning: using -h 0 may be faster
*
optimization finished, #iter = 2481
C = 1398.3386144478927
obj = 948098.409722808, rho = -60.530558669005785
nSV = 2914, nBSV = 1053
Total nSV = 2914
..
Warning: using -h 0 may be faster
*
optimization finished, #iter = 2559
C = 1379.5918210024327
obj = 926578.1336229631, rho = -65.61263672689122
nSV = 2919, nBSV = 1062
Total nSV = 2919
...
Warning: using -h 0 may be faster
*
optimization finished, #iter = 3059
C = 1407.898778017228
obj = 1110023.535209221, rho = 5.5759411602276465
nSV = 3502, nBSV = 1411
Total nSV = 7863
.
Warning: using -h 0 may be faster
*
optimization finished, #iter = 1875
C = 1234.0886959537838
obj = 594202.5141808868, rho = -20.018050056534253
nSV = 2011, nBSV = 710
Total nSV = 2011
.
Warning: using -h 0 may be faster
*
optimization finished, #iter = 1840
C = 1190.7864360876288
obj = 580269.2969198771, rho = -17.30099108788431
nSV = 2029, nBSV = 703
Total nSV = 2029
.
Warning: using -h 0 may be faster
*
optimization finished, #iter = 1844
C = 1197.1638491631254
obj = 577769.8275804067, rho = -14.356350400551706
nSV = 2034, nBSV = 686
Total nSV = 2034
.
Warning: using -h 0 may be faster
*
optimization finished, #iter = 1819
C = 1177.2035979908
obj = 566854.1694033652, rho = -21.01718400584657
nSV = 2013, nBSV = 706
Total nSV = 2013
.
Warning: using -h 0 may be faster
*
optimization finished, #iter = 1827
C = 1154.0803857239869
obj = 564331.1509194275, rho = -8.34331932042316
nSV = 2020, nBSV = 701
Total nSV = 2020
..
Warning: using -h 0 may be faster
*
optimization finished, #iter = 2213
C = 1186.6359911225175
obj = 683917.9425350848, rho = -19.21621901064312
nSV = 2449, nBSV = 918
..
Warning: using -h 0 may be faster
*
optimization finished, #iter = 2901
C = 2260.5023793352198
obj = 1839322.988650191, rho = -5.628203346955485
nSV = 3319, nBSV = 1035
Total nSV = 3319
...
Warning: using -h 0 may be faster
*
optimization finished, #iter = 3016
C = 2597.7902095238246
obj = 2217827.8292572764, rho = 38.40395632608226
nSV = 3431, nBSV = 981
Total nSV = 3431
...
Warning: using -h 0 may be faster
*
optimization finished, #iter = 3062
C = 2376.5333751805697
obj = 1990742.2237316188, rho = 37.196479229598175
nSV = 3386, nBSV = 990
Total nSV = 3386
..
Warning: using -h 0 may be faster
*
optimization finished, #iter = 2953
C = 2352.2174536511748
obj = 1916721.5136131453, rho = 23.695836822164935
nSV = 3357, nBSV = 1025
Total nSV = 3357
..
Warning: using -h 0 may be faster
*
optimization finished, #iter = 2921
C = 2399.3888762448055
obj = 2011285.1893143065, rho = 16.898971453252653
nSV = 3367, nBSV = 1003
Total nSV = 3367
...
Warning: using -h 0 may be faster
*
optimization finished, #iter = 3691
C = 2558.2181410832113
obj = 2533050.0709594907, rho = 1.569716285562062
nSV = 4120, nBSV = 1314
..
Warning: using -h 0 may be faster
*
optimization finished, #iter = 2203
C = 1273.1187923363623
obj = 718882.7431143983, rho = -57.05677124508557
nSV = 2397, nBSV = 794
Total nSV = 2397
..
Warning: using -h 0 may be faster
*
optimization finished, #iter = 2194
C = 1246.389740733109
obj = 685907.8916341909, rho = -43.04443277379923
nSV = 2408, nBSV = 798
Total nSV = 2408
..
Warning: using -h 0 may be faster
*
optimization finished, #iter = 2106
C = 1381.1308100729339
obj = 788723.9796357268, rho = -60.408421118952546
nSV = 2403, nBSV = 802
Total nSV = 2403
.
Warning: using -h 0 may be faster
*
optimization finished, #iter = 1980
C = 1282.0032850034588
obj = 716386.7252770021, rho = -56.9346305768497
nSV = 2368, nBSV = 815
Total nSV = 2368
.
Warning: using -h 0 may be faster
*
optimization finished, #iter = 1970
C = 1325.5802557772781
obj = 738278.5031026829, rho = -57.81535874328371
nSV = 2381, nBSV = 804
Total nSV = 2381
..
Warning: using -h 0 may be faster
*
optimization finished, #iter = 2507
C = 1314.36982811033
obj = 867113.9071732732, rho = 16.71006896599892
nSV = 2876, nBSV = 1089
Total nSV = 6392
.
Warning: using -h 0 may be faster
*
optimization finished, #iter = 1761
C = 1197.8096147923752
obj = 580355.3325722353, rho = -26.70284210684856
nSV = 1977, nBSV = 724
Total nSV = 1977
.
Warning: using -h 0 may be faster
*
optimization finished, #iter = 1889
C = 1300.4011962736804
obj = 642411.750602976, rho = -19.355247031428586
nSV = 2060, nBSV = 695
Total nSV = 2060
.
Warning: using -h 0 may be faster
*
optimization finished, #iter = 1791
C = 1207.8980550629044
obj = 589468.9366848846, rho = -9.431462428955651
nSV = 2001, nBSV = 715
Total nSV = 2001
.
Warning: using -h 0 may be faster
*
optimization finished, #iter = 1914
C = 1198.7373149179648
obj = 577522.5482107367, rho = -13.93155481920279
nSV = 2029, nBSV = 707
Total nSV = 2029
.
Warning: using -h 0 may be faster
*
optimization finished, #iter = 1905
C = 1224.1057014286382
obj = 581408.8288139993, rho = -23.570337123846564
nSV = 2034, nBSV = 691
Total nSV = 2034
Line search fails in two-class probability estimates
..
Warning: using -h 0 may be faster
*
optimization finished, #iter = 2351
C = 1202.892138444678
obj = 673695.2774814331, rho = -16.031097053680305
nSV = 2473, nBSV = 911
...
Warning: using -h 0 may be faster
*
optimization finished, #iter = 3132
C = 2473.704884788433
obj = 2067343.7437191189, rho = -156.9159786833642
nSV = 3398, nBSV = 969
Total nSV = 3398
...
Warning: using -h 0 may be faster
*
optimization finished, #iter = 3076
C = 2545.3774566647044
obj = 2161936.7287202985, rho = -101.30766137009749
nSV = 3430, nBSV = 990
Total nSV = 3430
...
Warning: using -h 0 may be faster
*
optimization finished, #iter = 3010
C = 2567.5442901563047
obj = 2168003.012697584, rho = -123.42282531410763
nSV = 3434, nBSV = 991
Total nSV = 3434
..
Warning: using -h 0 may be faster
*
optimization finished, #iter = 2926
C = 2533.2020818589017
obj = 2143520.0838531842, rho = -114.40600800878826
nSV = 3360, nBSV = 1037
Total nSV = 3360
...
Warning: using -h 0 may be faster
*
optimization finished, #iter = 3100
C = 2444.626092232773
obj = 2018261.9719650657, rho = -120.16514894634618
nSV = 3374, nBSV = 1026
Total nSV = 3374
...
Warning: using -h 0 may be faster
*
optimization finished, #iter = 3710
C = 2568.586804790271
obj = 2521016.3700257153, rho = 3.9647361652487203
nSV = 4101, nBSV = 1348
..
Warning: using -h 0 may be faster
*
optimization finished, #iter = 2133
C = 1360.183329792819
obj = 749531.9500220148, rho = -51.72642818426436
nSV = 2407, nBSV = 789
Total nSV = 2407
..
Warning: using -h 0 may be faster
*
optimization finished, #iter = 2071
C = 1338.6595280305817
obj = 739825.8020569074, rho = -48.32826539717204
nSV = 2396, nBSV = 798
Total nSV = 2396
..
Warning: using -h 0 may be faster
*
optimization finished, #iter = 2060
C = 1293.3431884982936
obj = 718447.3965918805, rho = -54.36107380213076
nSV = 2369, nBSV = 814
Total nSV = 2369
..
Warning: using -h 0 may be faster
*
optimization finished, #iter = 2187
C = 1357.050277065469
obj = 771435.6135067419, rho = -48.019266266537315
nSV = 2413, nBSV = 810
Total nSV = 2413
..
Warning: using -h 0 may be faster
*
optimization finished, #iter = 2064
C = 1345.059517893323
obj = 751972.8729220434, rho = -56.09061336872861
nSV = 2371, nBSV = 812
Total nSV = 2371
..
Warning: using -h 0 may be faster
*
optimization finished, #iter = 2340
C = 1362.7122995016186
obj = 906332.7305814945, rho = -2.702255511137181
nSV = 2831, nBSV = 1120
Total nSV = 6388
...
Warning: using -h 0 may be faster
*
optimization finished, #iter = 3063
C = 2512.0901364524907
obj = 2086472.4811265883, rho = -140.7762629795433
nSV = 3410, nBSV = 1005
Total nSV = 3410
..
Warning: using -h 0 may be faster
*
optimization finished, #iter = 2876
C = 2610.4949049644715
obj = 2300440.4648233955, rho = -119.97201610280429
nSV = 3383, nBSV = 1033
Total nSV = 3383
...
Warning: using -h 0 may be faster
*
optimization finished, #iter = 3104
C = 2466.9323898490975
obj = 2104548.5010148515, rho = -120.28756146316545
nSV = 3404, nBSV = 1005
Total nSV = 3404
...
Warning: using -h 0 may be faster
*
optimization finished, #iter = 3011
C = 2542.4047549275574
obj = 2112602.060674576, rho = -133.25394077334167
nSV = 3390, nBSV = 992
Total nSV = 3390
..
Warning: using -h 0 may be faster
*
optimization finished, #iter = 2946
C = 2538.8762813413427
obj = 2160498.6353879785, rho = -104.70983258314624
nSV = 3385, nBSV = 981
Total nSV = 3385
...
Warning: using -h 0 may be faster
*
optimization finished, #iter = 3626
C = 2665.711195368092
obj = 2751643.13806272, rho = -141.45683574767352
nSV = 4117, nBSV = 1330
..
Warning: using -h 0 may be faster
*
optimization finished, #iter = 2076
C = 1439.756301762077
obj = 835513.283968419, rho = -69.65670007539303
nSV = 2419, nBSV = 774
Total nSV = 2419
..
Warning: using -h 0 may be faster
*
optimization finished, #iter = 2113
C = 1409.3099446971949
obj = 800621.4066526834, rho = -66.65747134636693
nSV = 2413, nBSV = 793
Total nSV = 2413
..
Warning: using -h 0 may be faster
*
optimization finished, #iter = 2128
C = 1347.4180833144053
obj = 741226.6931940592, rho = -55.437111177878435
nSV = 2374, nBSV = 790
Total nSV = 2374
..
Warning: using -h 0 may be faster
*
optimization finished, #iter = 2100
C = 1368.6386126157593
obj = 756833.2272727386, rho = -58.321994250946545
nSV = 2421, nBSV = 802
Total nSV = 2421
..
Warning: using -h 0 may be faster
*
optimization finished, #iter = 2066
C = 1419.6571521335638
obj = 799383.9080453583, rho = -45.51923999176512
nSV = 2375, nBSV = 800
Total nSV = 2375
..
Warning: using -h 0 may be faster
*
optimization finished, #iter = 2644
C = 1465.3733788205448
obj = 985178.2514037734, rho = -68.51937256590791
nSV = 2923, nBSV = 1033
.
Warning: using -h 0 may be faster
*
optimization finished, #iter = 1854
C = 1228.3052026295995
obj = 596162.7093494168, rho = -13.196672753028855
nSV = 2020, nBSV = 713
Total nSV = 2020
.
Warning: using -h 0 may be faster
*
optimization finished, #iter = 1895
C = 1181.3535028636397
obj = 554543.2924266318, rho = -7.389554161981403
nSV = 2001, nBSV = 690
Total nSV = 2001
.
Warning: using -h 0 may be faster
*
optimization finished, #iter = 1851
C = 1176.6674545069845
obj = 557112.7149848286, rho = -16.41889035970502
nSV = 2005, nBSV = 710
Total nSV = 2005
.
Warning: using -h 0 may be faster
*
optimization finished, #iter = 1933
C = 1203.997110824183
obj = 563689.1122340445, rho = -19.514073427226627
nSV = 2050, nBSV = 713
Total nSV = 2050
.
Warning: using -h 0 may be faster
*
optimization finished, #iter = 1772
C = 1160.1186977483933
obj = 548082.3713533939, rho = -23.26464804810777
nSV = 1995, nBSV = 699
Total nSV = 1995
..
Warning: using -h 0 may be faster
*
optimization finished, #iter = 2298
C = 1213.8890357630073
obj = 693495.6694814361, rho = -19.97160659516537
nSV = 2432, nBSV = 929
Total nSV = 6416
.
Warning: using -h 0 may be faster
*
optimization finished, #iter = 1816
C = 1240.1874009116798
obj = 608584.4956317471, rho = -16.917385785479464
nSV = 2045, nBSV = 694
Total nSV = 2045
.
Warning: using -h 0 may be faster
*
optimization finished, #iter = 1896
C = 1209.6795062876279
obj = 582724.9433767827, rho = -23.47275858763705
nSV = 2048, nBSV = 695
Total nSV = 2048
.
Warning: using -h 0 may be faster
*
optimization finished, #iter = 1881
C = 1185.3636485944362
obj = 577541.7993932773, rho = -5.963893912938457
nSV = 2033, nBSV = 685
Total nSV = 2033
.
Warning: using -h 0 may be faster
*
optimization finished, #iter = 1866
C = 1215.7106967835286
obj = 603564.7087418288, rho = -16.058375518225
nSV = 2058, nBSV = 692
Total nSV = 2058
.
Warning: using -h 0 may be faster
*
optimization finished, #iter = 1871
C = 1209.9685785012139
obj = 584187.5960682671, rho = -5.436773367635735
nSV = 2054, nBSV = 691
Total nSV = 2054
..
Warning: using -h 0 may be faster
*
optimization finished, #iter = 2234
C = 1229.9972053620795
obj = 724441.9017614101, rho = -30.188803991204235
nSV = 2479, nBSV = 922
..
Warning: using -h 0 may be faster
*
optimization finished, #iter = 2019
C = 1382.3928992593603
obj = 775631.916226485, rho = -53.56459222126557
nSV = 2361, nBSV = 787
Total nSV = 2361
..
Warning: using -h 0 may be faster
*
optimization finished, #iter = 2080
C = 1279.61337319352
obj = 695134.8745643956, rho = -46.287949911787756
nSV = 2350, nBSV = 822
Total nSV = 2350
..
Warning: using -h 0 may be faster
*
optimization finished, #iter = 2144
C = 1334.7531897470762
obj = 742656.7020826495, rho = -57.23741124605604
nSV = 2387, nBSV = 795
Total nSV = 2387
..
Warning: using -h 0 may be faster
*
optimization finished, #iter = 2145
C = 1400.710170664082
obj = 794408.10199135, rho = -44.406752247735284
nSV = 2409, nBSV = 776
Total nSV = 2409
..
Warning: using -h 0 may be faster
*
optimization finished, #iter = 2075
C = 1344.177826928439
obj = 772070.726014695, rho = -63.23620328844134
nSV = 2389, nBSV = 782
Total nSV = 2389
..
Warning: using -h 0 may be faster
*
optimization finished, #iter = 2543
C = 1338.1473051453302
obj = 872776.5349000761, rho = 8.413838600809148
nSV = 2893, nBSV = 1071
..
Warning: using -h 0 may be faster
*
optimization finished, #iter = 2996
C = 2330.785323811582
obj = 1894362.0200268058, rho = 19.154272433157256
nSV = 3335, nBSV = 1033
Total nSV = 3335
...
Warning: using -h 0 may be faster
*
optimization finished, #iter = 3164
C = 2382.301087627935
obj = 1876510.1819542716, rho = 7.050319964317809
nSV = 3419, nBSV = 979
Total nSV = 3419
...
Warning: using -h 0 may be faster
*
optimization finished, #iter = 3034
C = 2387.4783893654953
obj = 1955806.146633631, rho = 1.7173080693639957
nSV = 3398, nBSV = 983
Total nSV = 3398
...
Warning: using -h 0 may be faster
*
optimization finished, #iter = 3051
C = 2349.847634923582
obj = 1918736.8363827427, rho = -17.529628150035986
nSV = 3376, nBSV = 1029
Total nSV = 3376
...
Warning: using -h 0 may be faster
*
optimization finished, #iter = 3081
C = 2487.3705467350965
obj = 2050484.1633865878, rho = 3.4212824696619046
nSV = 3418, nBSV = 999
Total nSV = 3418
...
Warning: using -h 0 may be faster
*
optimization finished, #iter = 3810
C = 2557.5059631281133
obj = 2482758.764896258, rho = 14.838930634152103
nSV = 4125, nBSV = 1332
Total nSV = 6425
..
Warning: using -h 0 may be faster
*
optimization finished, #iter = 2028
C = 1327.2796594235979
obj = 739712.9705602699, rho = -46.437288027818866
nSV = 2382, nBSV = 812
Total nSV = 2382
.
Warning: using -h 0 may be faster
*
optimization finished, #iter = 1996
C = 1308.8003104549089
obj = 722088.0795082123, rho = -51.54592903754735
nSV = 2367, nBSV = 813
Total nSV = 2367
..
Warning: using -h 0 may be faster
*
optimization finished, #iter = 2018
C = 1311.9339848879172
obj = 717789.6218541411, rho = -44.19073586345422
nSV = 2363, nBSV = 819
Total nSV = 2363
..
Warning: using -h 0 may be faster
*
optimization finished, #iter = 2049
C = 1238.3572381022875
obj = 677379.8312648482, rho = -30.673475739080924
nSV = 2344, nBSV = 816
Total nSV = 2344
.
Warning: using -h 0 may be faster
*
optimization finished, #iter = 1995
C = 1262.2558215401268
obj = 682466.1778831816, rho = -49.27044437420077
nSV = 2351, nBSV = 829
Total nSV = 2351
..
Warning: using -h 0 may be faster
*
optimization finished, #iter = 2461
C = 1317.000303237469
obj = 855780.8728891977, rho = -1.7504074954793876
nSV = 2845, nBSV = 1076
.
Warning: using -h 0 may be faster
*
optimization finished, #iter = 1964
C = 1196.7617377147947
obj = 562946.5598652435, rho = -11.24475611980366
nSV = 2018, nBSV = 699
Total nSV = 2018
.
Warning: using -h 0 may be faster
*
optimization finished, #iter = 1887
C = 1157.220305311795
obj = 554718.237652643, rho = -0.47025775908714906
nSV = 2011, nBSV = 693
Total nSV = 2011
.
Warning: using -h 0 may be faster
*
optimization finished, #iter = 1970
C = 1206.6546416559158
obj = 583380.8027585445, rho = -21.789617220520697
nSV = 2024, nBSV = 687
Total nSV = 2024
.
Warning: using -h 0 may be faster
*
optimization finished, #iter = 1885
C = 1169.651519401521
obj = 572234.709795755, rho = -1.864229230663907
nSV = 1991, nBSV = 694
Total nSV = 1991
.
Warning: using -h 0 may be faster
*
optimization finished, #iter = 1877
C = 1190.0609966801487
obj = 570013.8840912567, rho = -11.366700535889695
nSV = 1993, nBSV = 702
Total nSV = 1993
Line search fails in two-class probability estimates
..
Warning: using -h 0 may be faster
*
optimization finished, #iter = 2246
C = 1181.776555661643
obj = 676254.8107567977, rho = -14.050431931717068
nSV = 2451, nBSV = 945
..
Warning: using -h 0 may be faster
*
optimization finished, #iter = 2894
C = 2460.283697496092
obj = 2081447.471095659, rho = -112.01347699263721
nSV = 3366, nBSV = 1013
Total nSV = 3366
...
Warning: using -h 0 may be faster
*
optimization finished, #iter = 3183
C = 2561.9391144199058
obj = 2145852.9993199315, rho = -117.1787411260243
nSV = 3411, nBSV = 990
Total nSV = 3411
...
Warning: using -h 0 may be faster
*
optimization finished, #iter = 3153
C = 2576.3221848825297
obj = 2226358.5953616896, rho = -131.34831828725615
nSV = 3421, nBSV = 979
Total nSV = 3421
...
Warning: using -h 0 may be faster
*
optimization finished, #iter = 3108
C = 2547.059507666995
obj = 2171393.1264260397, rho = -125.76145065071648
nSV = 3430, nBSV = 979
Total nSV = 3430
...
Warning: using -h 0 may be faster
*
optimization finished, #iter = 3241
C = 2596.1290198077386
obj = 2217252.739812625, rho = -121.82799488563153
nSV = 3454, nBSV = 970
Total nSV = 3454
...
Warning: using -h 0 may be faster
*
optimization finished, #iter = 3350
C = 2642.1092708445335
obj = 2752412.1525983578, rho = -154.4887442763078
nSV = 4015, nBSV = 1401
Total nSV = 6365


=== Predictions under cross-validation ===

 inst#     actual  predicted error distribution
     1  2:neutral  2:neutral       0.344,*0.395,0.261 
     2  2:neutral  2:neutral       0.033,*0.751,0.217 
     3  2:neutral 3:positive   +   0.147,0.283,*0.57 
     4  2:neutral  2:neutral       0.055,*0.737,0.208 
     5  2:neutral  2:neutral       0.032,*0.686,0.281 
     6  2:neutral  2:neutral       0.433,*0.521,0.046 
     7  2:neutral 3:positive   +   0.044,0.311,*0.645 
     8  2:neutral  2:neutral       0.185,*0.66,0.154 
     9  2:neutral  2:neutral       0.127,*0.565,0.308 
    10  2:neutral 1:negative   +   *0.751,0.136,0.112 
    11  2:neutral 3:positive   +   0.032,0.375,*0.593 
    12  2:neutral  2:neutral       0.071,*0.786,0.143 
    13  2:neutral  2:neutral       0.063,*0.771,0.167 
    14  2:neutral  2:neutral       0.021,*0.692,0.287 
    15  2:neutral 1:negative   +   *0.42,0.405,0.175 
    16  2:neutral  2:neutral       0.052,*0.645,0.303 
    17  2:neutral 3:positive   +   0.318,0.297,*0.385 
    18  2:neutral  2:neutral       0.308,*0.395,0.297 
    19  2:neutral  2:neutral       0.103,*0.61,0.286 
    20  2:neutral  2:neutral       0.024,*0.949,0.027 
    21  2:neutral  2:neutral       0.27,*0.49,0.239 
    22  2:neutral  2:neutral       0.116,*0.57,0.315 
    23  2:neutral  2:neutral       0.102,*0.655,0.243 
    24  2:neutral  2:neutral       0.074,*0.777,0.149 
    25  2:neutral  2:neutral       0.062,*0.679,0.26 
    26  2:neutral 3:positive   +   0.099,0.288,*0.613 
    27  2:neutral  2:neutral       0.044,*0.809,0.147 
    28  2:neutral  2:neutral       0.312,*0.439,0.249 
    29  2:neutral  2:neutral       0.036,*0.717,0.247 
    30  2:neutral 3:positive   +   0.043,0.251,*0.706 
    31  2:neutral 1:negative   +   *0.579,0.348,0.073 
    32  2:neutral 1:negative   +   *0.86,0.105,0.035 
    33  2:neutral  2:neutral       0.012,*0.892,0.096 
    34  2:neutral  2:neutral       0.077,*0.696,0.227 
    35  2:neutral  2:neutral       0.156,*0.784,0.06 
    36  2:neutral  2:neutral       0.017,*0.758,0.225 
    37  2:neutral  2:neutral       0.162,*0.563,0.275 
    38  2:neutral  2:neutral       0.132,*0.681,0.186 
    39  2:neutral  2:neutral       0.085,*0.613,0.302 
    40  2:neutral  2:neutral       0.07,*0.623,0.307 
    41  2:neutral  2:neutral       0.117,*0.725,0.157 
    42  2:neutral  2:neutral       0.107,*0.6,0.293 
    43  2:neutral 3:positive   +   0.254,0.082,*0.664 
    44  2:neutral 3:positive   +   0.066,0.371,*0.563 
    45  2:neutral  2:neutral       0.071,*0.715,0.214 
    46  2:neutral  2:neutral       0.078,*0.589,0.333 
    47  2:neutral  2:neutral       0.116,*0.561,0.324 
    48  2:neutral  2:neutral       0.08,*0.47,0.451 
    49  2:neutral  2:neutral       0.049,*0.833,0.118 
    50  2:neutral  2:neutral       0.101,*0.71,0.189 
    51  2:neutral  2:neutral       0.186,*0.679,0.135 
    52  2:neutral  2:neutral       0.236,*0.497,0.266 
    53  2:neutral 3:positive   +   0.148,0.308,*0.544 
    54  2:neutral  2:neutral       0.131,*0.648,0.22 
    55  2:neutral  2:neutral       0.05,*0.838,0.112 
    56  2:neutral  2:neutral       0.03,*0.896,0.074 
    57  2:neutral  2:neutral       0.179,*0.445,0.376 
    58  2:neutral  2:neutral       0.085,*0.476,0.438 
    59  2:neutral  2:neutral       0.097,*0.51,0.393 
    60  2:neutral  2:neutral       0.096,*0.515,0.389 
    61  2:neutral  2:neutral       0.154,*0.691,0.154 
    62  2:neutral  2:neutral       0.186,*0.566,0.248 
    63  2:neutral  2:neutral       0.052,*0.698,0.25 
    64  2:neutral 3:positive   +   0.045,0.47,*0.485 
    65  2:neutral  2:neutral       0.275,*0.577,0.149 
    66  2:neutral 3:positive   +   0.097,0.431,*0.472 
    67  2:neutral  2:neutral       0.136,*0.607,0.257 
    68  2:neutral  2:neutral       0.347,*0.398,0.255 
    69  2:neutral 3:positive   +   0.044,0.313,*0.644 
    70  2:neutral 3:positive   +   0.218,0.29,*0.492 
    71  2:neutral  2:neutral       0.208,*0.606,0.187 
    72  2:neutral 3:positive   +   0.035,0.1,*0.864 
    73  2:neutral  2:neutral       0.124,*0.615,0.261 
    74  2:neutral  2:neutral       0.08,*0.466,0.454 
    75  2:neutral  2:neutral       0.053,*0.824,0.123 
    76  2:neutral  2:neutral       0.139,*0.699,0.162 
    77  2:neutral  2:neutral       0.045,*0.594,0.361 
    78  2:neutral  2:neutral       0.092,*0.647,0.261 
    79  2:neutral 1:negative   +   *0.471,0.437,0.092 
    80  2:neutral  2:neutral       0.067,*0.803,0.13 
    81  2:neutral  2:neutral       0.347,*0.45,0.203 
    82  2:neutral  2:neutral       0.063,*0.862,0.074 
    83  2:neutral 1:negative   +   *0.491,0.23,0.279 
    84  2:neutral 3:positive   +   0.018,0.196,*0.785 
    85  2:neutral  2:neutral       0.41,*0.414,0.176 
    86  2:neutral  2:neutral       0.074,*0.81,0.117 
    87  2:neutral  2:neutral       0.015,*0.638,0.348 
    88  2:neutral  2:neutral       0.031,*0.558,0.411 
    89  2:neutral 1:negative   +   *0.687,0.093,0.22 
    90  2:neutral  2:neutral       0.018,*0.694,0.287 
    91  2:neutral  2:neutral       0.237,*0.633,0.129 
    92  2:neutral  2:neutral       0.168,*0.552,0.28 
    93  2:neutral  2:neutral       0.076,*0.613,0.311 
    94  2:neutral 3:positive   +   0.127,0.426,*0.447 
    95  2:neutral 3:positive   +   0.126,0.38,*0.494 
    96  2:neutral  2:neutral       0.192,*0.661,0.147 
    97  2:neutral  2:neutral       0.089,*0.715,0.196 
    98  2:neutral 3:positive   +   0.061,0.369,*0.571 
    99  2:neutral  2:neutral       0.06,*0.779,0.16 
   100  2:neutral  2:neutral       0.06,*0.753,0.186 
   101  2:neutral 3:positive   +   0.086,0.411,*0.502 
   102  2:neutral  2:neutral       0.082,*0.474,0.443 
   103  2:neutral  2:neutral       0.066,*0.774,0.16 
   104  2:neutral  2:neutral       0.183,*0.507,0.311 
   105  2:neutral  2:neutral       0.059,*0.633,0.308 
   106  2:neutral 3:positive   +   0.047,0.175,*0.778 
   107  2:neutral  2:neutral       0.102,*0.655,0.243 
   108  2:neutral  2:neutral       0.044,*0.808,0.147 
   109  2:neutral  2:neutral       0.022,*0.705,0.273 
   110  2:neutral  2:neutral       0.17,*0.623,0.207 
   111  2:neutral  2:neutral       0.071,*0.6,0.329 
   112  2:neutral  2:neutral       0.022,*0.747,0.232 
   113  2:neutral  2:neutral       0.026,*0.67,0.304 
   114  2:neutral 3:positive   +   0.206,0.328,*0.466 
   115  2:neutral  2:neutral       0.08,*0.585,0.335 
   116  2:neutral  2:neutral       0.056,*0.706,0.238 
   117  2:neutral  2:neutral       0.036,*0.898,0.065 
   118  2:neutral  2:neutral       0.104,*0.48,0.416 
   119  2:neutral  2:neutral       0.058,*0.816,0.126 
   120  2:neutral 3:positive   +   0.071,0.201,*0.728 
   121  2:neutral  2:neutral       0.077,*0.56,0.362 
   122  2:neutral 3:positive   +   0.105,0.133,*0.762 
   123  2:neutral  2:neutral       0.144,*0.772,0.084 
   124  2:neutral  2:neutral       0.082,*0.819,0.099 
   125  2:neutral  2:neutral       0.16,*0.703,0.137 
   126  2:neutral  2:neutral       0.123,*0.62,0.257 
   127  2:neutral  2:neutral       0.054,*0.794,0.152 
   128  2:neutral 3:positive   +   0.054,0.272,*0.674 
   129  2:neutral  2:neutral       0.165,*0.613,0.222 
   130  2:neutral  2:neutral       0.061,*0.652,0.287 
   131  2:neutral  2:neutral       0.406,*0.43,0.164 
   132  2:neutral  2:neutral       0.093,*0.665,0.242 
   133  2:neutral  2:neutral       0.144,*0.652,0.204 
   134  2:neutral  2:neutral       0.034,*0.771,0.195 
   135  2:neutral  2:neutral       0.037,*0.822,0.141 
   136  2:neutral  2:neutral       0.013,*0.778,0.209 
   137  2:neutral  2:neutral       0.074,*0.69,0.236 
   138  2:neutral  2:neutral       0.131,*0.534,0.335 
   139  2:neutral  2:neutral       0.204,*0.568,0.228 
   140  2:neutral  2:neutral       0.224,*0.596,0.18 
   141  2:neutral  2:neutral       0.049,*0.633,0.318 
   142  2:neutral  2:neutral       0.209,*0.582,0.209 
   143  2:neutral  2:neutral       0.116,*0.721,0.163 
   144  2:neutral  2:neutral       0.155,*0.573,0.272 
   145  2:neutral 3:positive   +   0.298,0.193,*0.509 
   146  2:neutral  2:neutral       0.343,*0.545,0.112 
   147  2:neutral  2:neutral       0.015,*0.731,0.254 
   148  2:neutral  2:neutral       0.112,*0.682,0.206 
   149  2:neutral 3:positive   +   0.184,0.408,*0.408 
   150  2:neutral  2:neutral       0.074,*0.804,0.121 
   151  2:neutral  2:neutral       0.104,*0.548,0.348 
   152  2:neutral  2:neutral       0.04,*0.824,0.136 
   153  2:neutral  2:neutral       0.03,*0.848,0.123 
   154  2:neutral  2:neutral       0.062,*0.692,0.246 
   155  2:neutral 3:positive   +   0.033,0.443,*0.523 
   156  2:neutral 3:positive   +   0.075,0.325,*0.6 
   157  2:neutral  2:neutral       0.049,*0.634,0.317 
   158  2:neutral  2:neutral       0.054,*0.813,0.133 
   159  2:neutral  2:neutral       0.082,*0.837,0.081 
   160  2:neutral  2:neutral       0.009,*0.615,0.376 
   161  2:neutral  2:neutral       0.215,*0.604,0.181 
   162  2:neutral  2:neutral       0.027,*0.801,0.172 
   163  2:neutral  2:neutral       0.018,*0.795,0.187 
   164  2:neutral  2:neutral       0.295,*0.5,0.205 
   165  2:neutral  2:neutral       0.05,*0.809,0.141 
   166  2:neutral  2:neutral       0.116,*0.748,0.136 
   167  2:neutral  2:neutral       0.171,*0.457,0.373 
   168  2:neutral  2:neutral       0.066,*0.85,0.084 
   169  2:neutral  2:neutral       0.278,*0.483,0.239 
   170  2:neutral  2:neutral       0.16,*0.615,0.226 
   171  2:neutral  2:neutral       0.105,*0.535,0.361 
   172  2:neutral  2:neutral       0.067,*0.734,0.199 
   173  2:neutral 1:negative   +   *0.669,0.253,0.077 
   174  2:neutral  2:neutral       0.102,*0.602,0.296 
   175  2:neutral  2:neutral       0.121,*0.566,0.313 
   176  2:neutral 3:positive   +   0.156,0.392,*0.452 
   177  2:neutral  2:neutral       0.032,*0.854,0.114 
   178  2:neutral  2:neutral       0.221,*0.594,0.185 
   179  2:neutral  2:neutral       0.182,*0.667,0.151 
   180  2:neutral  2:neutral       0.047,*0.814,0.139 
   181  2:neutral  2:neutral       0.058,*0.736,0.206 
   182  2:neutral 1:negative   +   *0.735,0.239,0.027 
   183  2:neutral  2:neutral       0.057,*0.734,0.208 
   184  2:neutral 3:positive   +   0.116,0.44,*0.443 
   185  2:neutral  2:neutral       0.09,*0.673,0.237 
   186  2:neutral  2:neutral       0.027,*0.593,0.38 
   187  2:neutral  2:neutral       0.064,*0.605,0.331 
   188  2:neutral 3:positive   +   0.119,0.426,*0.456 
   189  2:neutral 1:negative   +   *0.783,0.175,0.043 
   190  2:neutral  2:neutral       0.25,*0.639,0.111 
   191  2:neutral  2:neutral       0.32,*0.571,0.109 
   192  2:neutral  2:neutral       0.067,*0.722,0.21 
   193  2:neutral 3:positive   +   0.015,0.472,*0.513 
   194  2:neutral  2:neutral       0.115,*0.827,0.058 
   195  2:neutral 3:positive   +   0.164,0.284,*0.552 
   196  2:neutral  2:neutral       0.072,*0.648,0.28 
   197  2:neutral  2:neutral       0.107,*0.646,0.247 
   198  2:neutral  2:neutral       0.35,*0.4,0.25 
   199  2:neutral 3:positive   +   0.081,0.239,*0.68 
   200  2:neutral  2:neutral       0.087,*0.634,0.278 
   201  2:neutral  2:neutral       0.029,*0.919,0.052 
   202  2:neutral  2:neutral       0.094,*0.692,0.214 
   203  2:neutral  2:neutral       0.118,*0.596,0.286 
   204  2:neutral  2:neutral       0.028,*0.944,0.028 
   205  2:neutral  2:neutral       0.015,*0.609,0.376 
   206  2:neutral  2:neutral       0.396,*0.45,0.154 
   207  2:neutral 3:positive   +   0.078,0.429,*0.493 
   208  2:neutral  2:neutral       0.036,*0.854,0.109 
   209  2:neutral  2:neutral       0.058,*0.669,0.273 
   210  2:neutral  2:neutral       0.335,*0.363,0.302 
   211  2:neutral  2:neutral       0.015,*0.76,0.226 
   212  2:neutral  2:neutral       0.049,*0.837,0.114 
   213  2:neutral  2:neutral       0.081,*0.744,0.175 
   214  2:neutral  2:neutral       0.156,*0.721,0.123 
   215  2:neutral  2:neutral       0.1,*0.795,0.105 
   216  2:neutral  2:neutral       0.104,*0.463,0.432 
   217  2:neutral  2:neutral       0.048,*0.825,0.127 
   218  2:neutral  2:neutral       0.177,*0.428,0.395 
   219  2:neutral  2:neutral       0.304,*0.522,0.174 
   220  2:neutral  2:neutral       0.06,*0.568,0.372 
   221  2:neutral 1:negative   +   *0.38,0.245,0.375 
   222  2:neutral 3:positive   +   0.099,0.438,*0.463 
   223  2:neutral  2:neutral       0.093,*0.633,0.274 
   224  2:neutral  2:neutral       0.181,*0.565,0.255 
   225  2:neutral  2:neutral       0.054,*0.735,0.211 
   226  2:neutral  2:neutral       0.047,*0.769,0.184 
   227  2:neutral  2:neutral       0.048,*0.841,0.111 
   228  2:neutral  2:neutral       0.035,*0.521,0.444 
   229  2:neutral  2:neutral       0.042,*0.513,0.445 
   230  2:neutral 1:negative   +   *0.666,0.17,0.164 
   231  2:neutral  2:neutral       0.103,*0.8,0.097 
   232  2:neutral 1:negative   +   *0.358,0.353,0.29 
   233  2:neutral 3:positive   +   0.181,0.408,*0.411 
   234  2:neutral 3:positive   +   0.024,0.433,*0.543 
   235  2:neutral  2:neutral       0.213,*0.641,0.146 
   236  2:neutral 3:positive   +   0.159,0.365,*0.475 
   237  2:neutral 3:positive   +   0.042,0.22,*0.737 
   238  2:neutral  2:neutral       0.156,*0.721,0.123 
   239  2:neutral 3:positive   +   0.201,0.338,*0.461 
   240  2:neutral  2:neutral       0.114,*0.465,0.42 
   241  2:neutral  2:neutral       0.329,*0.538,0.133 
   242  2:neutral  2:neutral       0.081,*0.818,0.102 
   243  2:neutral  2:neutral       0.032,*0.528,0.44 
   244  2:neutral  2:neutral       0.06,*0.759,0.18 
   245  2:neutral  2:neutral       0.205,*0.645,0.15 
   246  2:neutral 3:positive   +   0.011,0.307,*0.682 
   247  2:neutral  2:neutral       0.009,*0.962,0.028 
   248  2:neutral 3:positive   +   0.07,0.351,*0.579 
   249  2:neutral  2:neutral       0.154,*0.456,0.39 
   250  2:neutral  2:neutral       0.057,*0.7,0.243 
   251  2:neutral  2:neutral       0.116,*0.489,0.395 
   252  2:neutral  2:neutral       0.119,*0.579,0.302 
   253  2:neutral  2:neutral       0.225,*0.635,0.14 
   254  2:neutral  2:neutral       0.128,*0.779,0.093 
   255  2:neutral  2:neutral       0.032,*0.794,0.174 
   256  2:neutral  2:neutral       0.078,*0.684,0.238 
   257  2:neutral  2:neutral       0.102,*0.655,0.243 
   258  2:neutral  2:neutral       0.105,*0.834,0.061 
   259  2:neutral  2:neutral       0.059,*0.514,0.428 
   260  2:neutral  2:neutral       0.045,*0.903,0.052 
   261  2:neutral 3:positive   +   0.029,0.208,*0.763 
   262  2:neutral  2:neutral       0.028,*0.672,0.3 
   263  2:neutral  2:neutral       0.07,*0.632,0.298 
   264  2:neutral  2:neutral       0.059,*0.889,0.053 
   265  2:neutral  2:neutral       0.16,*0.561,0.278 
   266  2:neutral  2:neutral       0.067,*0.495,0.438 
   267  2:neutral 3:positive   +   0.139,0.207,*0.655 
   268  2:neutral  2:neutral       0.183,*0.679,0.139 
   269  2:neutral  2:neutral       0.356,*0.454,0.189 
   270  2:neutral 3:positive   +   0.277,0.268,*0.455 
   271  2:neutral 1:negative   +   *0.54,0.161,0.298 
   272  2:neutral 3:positive   +   0.175,0.192,*0.634 
   273  2:neutral  2:neutral       0.395,*0.398,0.207 
   274  2:neutral  2:neutral       0.029,*0.592,0.379 
   275  2:neutral 1:negative   +   *0.434,0.157,0.409 
   276  2:neutral  2:neutral       0.033,*0.831,0.136 
   277  2:neutral  2:neutral       0.026,*0.521,0.454 
   278  2:neutral  2:neutral       0.026,*0.843,0.131 
   279  2:neutral  2:neutral       0.209,*0.446,0.345 
   280  2:neutral 3:positive   +   0.016,0.478,*0.506 
   281  2:neutral  2:neutral       0.119,*0.727,0.154 
   282  2:neutral  2:neutral       0.071,*0.805,0.124 
   283  2:neutral  2:neutral       0.256,*0.449,0.295 
   284  2:neutral  2:neutral       0.056,*0.619,0.325 
   285  2:neutral  2:neutral       0.017,*0.899,0.084 
   286  2:neutral 3:positive   +   0.114,0.411,*0.475 
   287  2:neutral  2:neutral       0.055,*0.902,0.044 
   288  2:neutral  2:neutral       0.138,*0.74,0.121 
   289  2:neutral  2:neutral       0.088,*0.756,0.157 
   290  2:neutral  2:neutral       0.016,*0.561,0.423 
   291  2:neutral  2:neutral       0.1,*0.537,0.363 
   292  2:neutral 1:negative   +   *0.582,0.249,0.169 
   293  2:neutral 3:positive   +   0.029,0.179,*0.792 
   294  2:neutral 3:positive   +   0.192,0.317,*0.492 
   295  2:neutral  2:neutral       0.146,*0.78,0.074 
   296  2:neutral  2:neutral       0.093,*0.665,0.242 
   297  2:neutral 3:positive   +   0.157,0.353,*0.489 
   298  2:neutral  2:neutral       0.157,*0.711,0.131 
   299  2:neutral  2:neutral       0.209,*0.642,0.149 
   300  2:neutral  2:neutral       0.098,*0.812,0.09 
   301  2:neutral  2:neutral       0.039,*0.684,0.277 
   302  2:neutral  2:neutral       0.075,*0.593,0.332 
   303  2:neutral 3:positive   +   0.1,0.216,*0.684 
   304  2:neutral 3:positive   +   0.134,0.274,*0.592 
   305  2:neutral  2:neutral       0.023,*0.811,0.167 
   306  2:neutral  2:neutral       0.103,*0.679,0.219 
   307  2:neutral  2:neutral       0.045,*0.728,0.227 
   308  2:neutral  2:neutral       0.21,*0.774,0.016 
   309  2:neutral 3:positive   +   0.058,0.301,*0.64 
   310  2:neutral  2:neutral       0.187,*0.769,0.044 
   311  2:neutral  2:neutral       0.201,*0.506,0.293 
   312  2:neutral  2:neutral       0.086,*0.662,0.252 
   313  2:neutral  2:neutral       0.11,*0.744,0.146 
   314  2:neutral  2:neutral       0.26,*0.47,0.269 
   315  2:neutral 3:positive   +   0.016,0.36,*0.624 
   316  2:neutral 3:positive   +   0.019,0.087,*0.893 
   317  2:neutral  2:neutral       0.146,*0.569,0.285 
   318  2:neutral  2:neutral       0.105,*0.625,0.27 
   319  2:neutral  2:neutral       0.119,*0.635,0.245 
   320  2:neutral  2:neutral       0.236,*0.629,0.135 
   321  2:neutral  2:neutral       0.113,*0.74,0.147 
   322  2:neutral  2:neutral       0.054,*0.852,0.094 
   323  2:neutral  2:neutral       0.133,*0.442,0.425 
   324  2:neutral  2:neutral       0.116,*0.769,0.115 
   325  2:neutral  2:neutral       0.071,*0.677,0.252 
   326  2:neutral  2:neutral       0.099,*0.665,0.237 
   327  2:neutral 1:negative   +   *0.841,0.085,0.074 
   328  2:neutral 1:negative   +   *0.619,0.274,0.107 
   329  2:neutral  2:neutral       0.317,*0.572,0.111 
   330  2:neutral  2:neutral       0.038,*0.895,0.066 
   331  2:neutral 3:positive   +   0.083,0.411,*0.506 
   332  2:neutral  2:neutral       0.126,*0.699,0.175 
   333  2:neutral  2:neutral       0.029,*0.828,0.144 
   334  2:neutral 3:positive   +   0.313,0.338,*0.349 
   335  2:neutral  2:neutral       0.067,*0.599,0.334 
   336  2:neutral  2:neutral       0.109,*0.541,0.35 
   337  2:neutral  2:neutral       0.077,*0.795,0.128 
   338  2:neutral  2:neutral       0.079,*0.584,0.338 
   339  2:neutral  2:neutral       0.047,*0.732,0.221 
   340  2:neutral  2:neutral       0.236,*0.583,0.182 
   341  2:neutral  2:neutral       0.078,*0.728,0.195 
   342  2:neutral 3:positive   +   0.058,0.108,*0.834 
   343  2:neutral  2:neutral       0.156,*0.559,0.285 
   344  2:neutral  2:neutral       0.037,*0.571,0.392 
   345  2:neutral  2:neutral       0.058,*0.765,0.178 
   346  2:neutral  2:neutral       0.099,*0.508,0.393 
   347  2:neutral  2:neutral       0.102,*0.655,0.243 
   348  2:neutral  2:neutral       0.221,*0.499,0.28 
   349  2:neutral  2:neutral       0.187,*0.622,0.191 
   350  2:neutral  2:neutral       0.064,*0.571,0.365 
   351  2:neutral  2:neutral       0.056,*0.684,0.26 
   352  2:neutral  2:neutral       0.065,*0.682,0.253 
   353  2:neutral  2:neutral       0.33,*0.444,0.225 
   354  2:neutral 1:negative   +   *0.865,0.046,0.089 
   355  2:neutral  2:neutral       0.102,*0.655,0.243 
   356  2:neutral 3:positive   +   0.204,0.272,*0.524 
   357  2:neutral  2:neutral       0.042,*0.516,0.442 
