Zero Weights processed. Default weights will be used
..
Warning: using -h 0 may be faster
*
optimization finished, #iter = 2159
C = 239.15864616295806
obj = 121248.93496650214, rho = -0.8151635089323259
nSV = 2817, nBSV = 2052
Total nSV = 2817
..*
optimization finished, #iter = 2158
C = 232.99037679768716
obj = 115682.10174369486, rho = -8.472072043838034
nSV = 2845, nBSV = 2039
Total nSV = 2845
..*
optimization finished, #iter = 2143
C = 226.2876854715661
obj = 110554.66496638715, rho = -6.140120551107658
nSV = 2838, nBSV = 2061
Total nSV = 2838
..*
optimization finished, #iter = 2154
C = 247.44663990415913
obj = 125615.45153229832, rho = -9.45254933883184
nSV = 2854, nBSV = 2046
Total nSV = 2854
..
Warning: using -h 0 may be faster
*
optimization finished, #iter = 2128
C = 225.99414372911474
obj = 112567.73992471695, rho = -16.242762880881305
nSV = 2796, nBSV = 2062
Total nSV = 2796
Line search fails in two-class probability estimates
.
Warning: using -h 0 may be faster
.
Warning: using -h 0 may be faster
*
optimization finished, #iter = 2628
C = 212.03951745316277
obj = 123414.14639233876, rho = 3.944536864614671
nSV = 3466, nBSV = 2609
.
Warning: using -h 0 may be faster
....
Warning: using -h 0 may be faster
*
optimization finished, #iter = 5023
C = 847.0128398506602
obj = 745983.5323992823, rho = 14.457134967370528
nSV = 4973, nBSV = 2809
Total nSV = 4973
.
Warning: using -h 0 may be faster
....
Warning: using -h 0 may be faster
*
optimization finished, #iter = 5261
C = 831.4487580495755
obj = 740350.5403276086, rho = 20.957703093447137
nSV = 4929, nBSV = 2807
Total nSV = 4929
.
Warning: using -h 0 may be faster
....
Warning: using -h 0 may be faster
*
optimization finished, #iter = 5458
C = 846.4358151980858
obj = 743649.9187901303, rho = 7.1728618644542665
nSV = 5004, nBSV = 2817
Total nSV = 5004
.
Warning: using -h 0 may be faster
...
Warning: using -h 0 may be faster
*
optimization finished, #iter = 4943
C = 752.9255250112165
obj = 650854.0379102131, rho = 10.536372658958017
nSV = 4895, nBSV = 2830
Total nSV = 4895
.
Warning: using -h 0 may be faster
....
Warning: using -h 0 may be faster
*
optimization finished, #iter = 5240
C = 787.1528929382149
obj = 684210.0866418707, rho = 12.766997720729364
nSV = 4956, nBSV = 2832
Total nSV = 4956
.
Warning: using -h 0 may be faster
.....
Warning: using -h 0 may be faster
*
optimization finished, #iter = 6520
C = 823.830370373253
obj = 838588.1236339785, rho = 17.55888550747208
nSV = 6073, nBSV = 3626
.
Warning: using -h 0 may be faster
.
Warning: using -h 0 may be faster
*
optimization finished, #iter = 2168
C = 141.92952698475514
obj = 60148.88361361246, rho = -8.754241273179536
nSV = 3218, nBSV = 2471
Total nSV = 3218
..
Warning: using -h 0 may be faster
*
optimization finished, #iter = 2023
C = 150.5723056922525
obj = 65469.59424297065, rho = 4.574425874904344
nSV = 3232, nBSV = 2461
Total nSV = 3232
..*
optimization finished, #iter = 2058
C = 143.85426212265463
obj = 62261.07441001327, rho = 6.145131771943958
nSV = 3197, nBSV = 2463
Total nSV = 3197
..
Warning: using -h 0 may be faster
*
optimization finished, #iter = 2108
C = 148.04471998964277
obj = 64806.50039485578, rho = 3.3938205692415053
nSV = 3210, nBSV = 2455
Total nSV = 3210
..
Warning: using -h 0 may be faster
*
optimization finished, #iter = 2145
C = 144.33431835774218
obj = 61224.51580115289, rho = 3.7410671769348243
nSV = 3210, nBSV = 2453
Total nSV = 3210
.
Warning: using -h 0 may be faster
.
Warning: using -h 0 may be faster
*
optimization finished, #iter = 2543
C = 128.4573356527225
obj = 63937.429724243266, rho = 5.432131193620036
nSV = 3951, nBSV = 3130
Total nSV = 8923
.
Warning: using -h 0 may be faster
*
optimization finished, #iter = 1684
C = 243.10685013666176
obj = 103895.44101785087, rho = 4.543844629644039
nSV = 2298, nBSV = 1626
Total nSV = 2298
.
Warning: using -h 0 may be faster
*
optimization finished, #iter = 1702
C = 256.3697651188184
obj = 109543.94905240028, rho = 9.37828033154766
nSV = 2297, nBSV = 1622
Total nSV = 2297
.
Warning: using -h 0 may be faster
*
optimization finished, #iter = 1710
C = 265.5662116471851
obj = 116741.11089225418, rho = 8.934790543132435
nSV = 2287, nBSV = 1629
Total nSV = 2287
.
Warning: using -h 0 may be faster
*
optimization finished, #iter = 1757
C = 234.05345200577756
obj = 97775.17115398585, rho = 6.9298169257101225
nSV = 2303, nBSV = 1606
Total nSV = 2303
.
Warning: using -h 0 may be faster
*
optimization finished, #iter = 1736
C = 259.70057549500353
obj = 111543.99039767752, rho = 4.847306848963599
nSV = 2298, nBSV = 1598
Total nSV = 2298
..*
optimization finished, #iter = 2020
C = 229.56075335797726
obj = 114129.71546091499, rho = 5.612965329882251
nSV = 2807, nBSV = 2069
....
Warning: using -h 0 may be faster
*
optimization finished, #iter = 4197
C = 788.9016992330515
obj = 607429.6618665144, rho = -53.122553496180416
nSV = 4067, nBSV = 2171
Total nSV = 4067
.
Warning: using -h 0 may be faster
...
Warning: using -h 0 may be faster
*
optimization finished, #iter = 4116
C = 778.4469028996717
obj = 584531.5683816408, rho = 25.63735295542461
nSV = 4042, nBSV = 2199
Total nSV = 4042
.
Warning: using -h 0 may be faster
...
Warning: using -h 0 may be faster
*
optimization finished, #iter = 4197
C = 768.0717458324359
obj = 573944.8468513817, rho = 4.657338787575499
nSV = 4023, nBSV = 2208
Total nSV = 4023
....
Warning: using -h 0 may be faster
*
optimization finished, #iter = 4286
C = 801.4833753987737
obj = 601383.5921884914, rho = 10.07419832150679
nSV = 4065, nBSV = 2147
Total nSV = 4065
....
Warning: using -h 0 may be faster
*
optimization finished, #iter = 4486
C = 864.0231705166591
obj = 667578.7034726448, rho = 20.38230550025566
nSV = 4091, nBSV = 2133
Total nSV = 4091
.
Warning: using -h 0 may be faster
....
Warning: using -h 0 may be faster
*
optimization finished, #iter = 5079
C = 795.087175975257
obj = 694172.2398770647, rho = 19.28247187596709
nSV = 4914, nBSV = 2831
.
Warning: using -h 0 may be faster
*
optimization finished, #iter = 1632
C = 137.3474785696388
obj = 47893.91375894199, rho = -8.06965241811139
nSV = 2563, nBSV = 1952
Total nSV = 2563
.
Warning: using -h 0 may be faster
*
optimization finished, #iter = 1612
C = 147.09810316102138
obj = 52949.10317592365, rho = 6.286383348170867
nSV = 2565, nBSV = 1977
Total nSV = 2565
.
Warning: using -h 0 may be faster
*
optimization finished, #iter = 1717
C = 159.6854347167973
obj = 60417.196304976984, rho = 2.863759636846471
nSV = 2601, nBSV = 1936
Total nSV = 2601
.
Warning: using -h 0 may be faster
*
optimization finished, #iter = 1863
C = 188.03547971350648
obj = 74081.13151722435, rho = 4.216561713311771
nSV = 2649, nBSV = 1916
Total nSV = 2649
.
Warning: using -h 0 may be faster
*
optimization finished, #iter = 1751
C = 173.93464825073534
obj = 66385.48018753108, rho = 7.720413071895373
nSV = 2618, nBSV = 1917
Total nSV = 2618
..*
optimization finished, #iter = 2103
C = 143.2144821287695
obj = 61844.074456456925, rho = 6.488604622339527
nSV = 3196, nBSV = 2473
Total nSV = 7219
.
Warning: using -h 0 may be faster
*
optimization finished, #iter = 1687
C = 259.02793592814595
obj = 110364.63414776148, rho = 6.273459979171352
nSV = 2314, nBSV = 1612
Total nSV = 2314
.
Warning: using -h 0 may be faster
*
optimization finished, #iter = 1823
C = 249.014523207966
obj = 103356.97173882114, rho = -10.881461650420345
nSV = 2321, nBSV = 1610
Total nSV = 2321
.
Warning: using -h 0 may be faster
*
optimization finished, #iter = 1730
C = 260.9235154270503
obj = 113106.99936554636, rho = -13.918668332489704
nSV = 2303, nBSV = 1603
Total nSV = 2303
.
Warning: using -h 0 may be faster
*
optimization finished, #iter = 1780
C = 248.35762130470994
obj = 104793.07640956857, rho = -8.03061398399316
nSV = 2306, nBSV = 1610
Total nSV = 2306
.
Warning: using -h 0 may be faster
*
optimization finished, #iter = 1843
C = 259.2598709858101
obj = 109429.92825604873, rho = -10.92920403194764
nSV = 2339, nBSV = 1582
Total nSV = 2339
..
Warning: using -h 0 may be faster
*
optimization finished, #iter = 2051
C = 235.3392141009281
obj = 116763.80510155884, rho = 5.407207406498319
nSV = 2835, nBSV = 2050
.
Warning: using -h 0 may be faster
...
Warning: using -h 0 may be faster
*
optimization finished, #iter = 4127
C = 824.6590483240078
obj = 639319.69596311, rho = -47.637040954860375
nSV = 4012, nBSV = 2185
Total nSV = 4012
....
Warning: using -h 0 may be faster
*
optimization finished, #iter = 4186
C = 784.8484531988404
obj = 592046.7127590363, rho = 2.878841381382152
nSV = 4026, nBSV = 2163
Total nSV = 4026
.
Warning: using -h 0 may be faster
...
Warning: using -h 0 may be faster
*
optimization finished, #iter = 4193
C = 766.8666593071143
obj = 577297.6861514715, rho = 5.495675221654942
nSV = 4017, nBSV = 2192
Total nSV = 4017
....
Warning: using -h 0 may be faster
*
optimization finished, #iter = 4153
C = 796.7073477064833
obj = 602944.3657442717, rho = 9.065819666041763
nSV = 4053, nBSV = 2195
Total nSV = 4053
....
Warning: using -h 0 may be faster
*
optimization finished, #iter = 4205
C = 790.9521070424838
obj = 590732.3951379965, rho = 9.645061097806929
nSV = 4045, nBSV = 2186
Total nSV = 4045
.
Warning: using -h 0 may be faster
....
Warning: using -h 0 may be faster
*
optimization finished, #iter = 5026
C = 778.4798251564099
obj = 672773.9117837846, rho = 6.217245616866424
nSV = 4951, nBSV = 2839
.
Warning: using -h 0 may be faster
*
optimization finished, #iter = 1889
C = 183.41719763697287
obj = 72966.1332106021, rho = -13.876903731895448
nSV = 2631, nBSV = 1907
Total nSV = 2631
.
Warning: using -h 0 may be faster
*
optimization finished, #iter = 1708
C = 161.28526444538613
obj = 57559.41687281776, rho = -4.90299875894921
nSV = 2594, nBSV = 1925
Total nSV = 2594
.
Warning: using -h 0 may be faster
*
optimization finished, #iter = 1885
C = 166.91524232832526
obj = 63659.72260667242, rho = -6.523891000260101
nSV = 2621, nBSV = 1918
Total nSV = 2621
.
Warning: using -h 0 may be faster
*
optimization finished, #iter = 1832
C = 162.73770590405715
obj = 61944.35053513563, rho = -10.884621687089718
nSV = 2604, nBSV = 1932
Total nSV = 2604
.
Warning: using -h 0 may be faster
*
optimization finished, #iter = 1763
C = 156.82538576795437
obj = 56979.60237610268, rho = -6.2648615518356126
nSV = 2628, nBSV = 1929
Total nSV = 2628
..
Warning: using -h 0 may be faster
*
optimization finished, #iter = 2139
C = 146.94342849050454
obj = 63374.43116563229, rho = 6.597832278273199
nSV = 3210, nBSV = 2458
Total nSV = 7226
....
Warning: using -h 0 may be faster
*
optimization finished, #iter = 4357
C = 813.6204261540784
obj = 616970.5949975549, rho = -44.83927216021021
nSV = 4062, nBSV = 2167
Total nSV = 4062
....
Warning: using -h 0 may be faster
*
optimization finished, #iter = 4211
C = 867.7949233667769
obj = 676781.5479997069, rho = -45.07672836653095
nSV = 4079, nBSV = 2176
Total nSV = 4079
....
Warning: using -h 0 may be faster
*
optimization finished, #iter = 4175
C = 861.1072726004281
obj = 674170.2534775645, rho = -53.784362546370325
nSV = 4089, nBSV = 2152
Total nSV = 4089
.
Warning: using -h 0 may be faster
...
Warning: using -h 0 may be faster
*
optimization finished, #iter = 4109
C = 875.3558412940744
obj = 700389.8001681387, rho = -54.040098378830265
nSV = 4066, nBSV = 2142
Total nSV = 4066
....
Warning: using -h 0 may be faster
*
optimization finished, #iter = 4799
C = 837.4162912627366
obj = 638840.2802150712, rho = -58.32410715052431
nSV = 4106, nBSV = 2140
Total nSV = 4106
.
Warning: using -h 0 may be faster
....
Warning: using -h 0 may be faster
*
optimization finished, #iter = 5182
C = 838.2916514980975
obj = 746884.0170615389, rho = -57.045487992111795
nSV = 4968, nBSV = 2780
.
Warning: using -h 0 may be faster
*
optimization finished, #iter = 1793
C = 157.49162495845977
obj = 57240.93021430806, rho = -7.333208564604123
nSV = 2625, nBSV = 1928
Total nSV = 2625
.
Warning: using -h 0 may be faster
*
optimization finished, #iter = 1788
C = 191.98362413607222
obj = 75779.77157064636, rho = 7.79313573948492
nSV = 2669, nBSV = 1899
Total nSV = 2669
.
Warning: using -h 0 may be faster
*
optimization finished, #iter = 1792
C = 157.6761706493162
obj = 58236.50775825209, rho = 1.2654782798884112
nSV = 2639, nBSV = 1937
Total nSV = 2639
.
Warning: using -h 0 may be faster
*
optimization finished, #iter = 1857
C = 181.7574936454207
obj = 67967.410120007, rho = 7.908190720462264
nSV = 2653, nBSV = 1897
Total nSV = 2653
.
Warning: using -h 0 may be faster
*
optimization finished, #iter = 1900
C = 203.02390481975803
obj = 82044.19769822306, rho = 7.723467581968495
nSV = 2666, nBSV = 1881
Total nSV = 2666
..
Warning: using -h 0 may be faster
*
optimization finished, #iter = 2224
C = 161.20534550299016
obj = 71628.82874564252, rho = -9.397400268710213
nSV = 3266, nBSV = 2424
.
Warning: using -h 0 may be faster
*
optimization finished, #iter = 1723
C = 242.56904874010394
obj = 103308.80310846513, rho = -8.751830103912125
nSV = 2313, nBSV = 1591
Total nSV = 2313
.
Warning: using -h 0 may be faster
*
optimization finished, #iter = 1659
C = 235.36365896646484
obj = 99062.19806259475, rho = -2.06342799609365
nSV = 2290, nBSV = 1613
Total nSV = 2290
.
Warning: using -h 0 may be faster
*
optimization finished, #iter = 1769
C = 255.6332488262209
obj = 109638.2735536689, rho = -9.40855601557531
nSV = 2320, nBSV = 1587
Total nSV = 2320
.
Warning: using -h 0 may be faster
*
optimization finished, #iter = 1856
C = 273.04417635203083
obj = 118736.94754186415, rho = -9.04633535641669
nSV = 2327, nBSV = 1564
Total nSV = 2327
.
Warning: using -h 0 may be faster
*
optimization finished, #iter = 1823
C = 274.17923056707923
obj = 121762.68548123371, rho = -11.3096337718387
nSV = 2322, nBSV = 1590
Total nSV = 2322
..*
optimization finished, #iter = 2209
C = 233.15842143271385
obj = 117457.32969086265, rho = 1.8057101215398066
nSV = 2862, nBSV = 2034
Total nSV = 7296
.
Warning: using -h 0 may be faster
*
optimization finished, #iter = 1754
C = 262.5048865436757
obj = 110360.88930227396, rho = -11.721669964228871
nSV = 2298, nBSV = 1623
Total nSV = 2298
.
Warning: using -h 0 may be faster
*
optimization finished, #iter = 1802
C = 264.04223993082275
obj = 114904.33814202077, rho = -13.122592097048859
nSV = 2325, nBSV = 1592
Total nSV = 2325
.
Warning: using -h 0 may be faster
*
optimization finished, #iter = 1907
C = 295.4215960477288
obj = 130675.36275965945, rho = -13.519780148768302
nSV = 2361, nBSV = 1566
Total nSV = 2361
.
Warning: using -h 0 may be faster
*
optimization finished, #iter = 1830
C = 269.5953011986249
obj = 115827.87700793828, rho = -5.701892271087069
nSV = 2333, nBSV = 1594
Total nSV = 2333
.
Warning: using -h 0 may be faster
*
optimization finished, #iter = 1693
C = 245.65760622855387
obj = 103607.04356400062, rho = -12.607013743418069
nSV = 2316, nBSV = 1592
Total nSV = 2316
..*
optimization finished, #iter = 2167
C = 247.50112465435618
obj = 124696.32944774497, rho = -12.337801786424421
nSV = 2844, nBSV = 2041
.
Warning: using -h 0 may be faster
*
optimization finished, #iter = 1767
C = 168.61561769332357
obj = 64238.0869352893, rho = 5.128024495509676
nSV = 2633, nBSV = 1915
Total nSV = 2633
.
Warning: using -h 0 may be faster
*
optimization finished, #iter = 1755
C = 155.99488975757143
obj = 57307.18522211707, rho = -4.232389530700979
nSV = 2619, nBSV = 1914
Total nSV = 2619
.
Warning: using -h 0 may be faster
*
optimization finished, #iter = 1715
C = 148.26651062166889
obj = 51734.919319384506, rho = -4.376106414602087
nSV = 2608, nBSV = 1940
Total nSV = 2608
.
Warning: using -h 0 may be faster
*
optimization finished, #iter = 1925
C = 174.91080533419412
obj = 66259.03835914361, rho = -5.5978568734731
nSV = 2661, nBSV = 1883
Total nSV = 2661
.
Warning: using -h 0 may be faster
*
optimization finished, #iter = 1841
C = 178.5419729750226
obj = 68527.78792207866, rho = -3.7268821487688
nSV = 2640, nBSV = 1904
Total nSV = 2640
.
Warning: using -h 0 may be faster
.
Warning: using -h 0 may be faster
*
optimization finished, #iter = 2188
C = 147.7272886749518
obj = 63646.35399530777, rho = 2.6372686814241635
nSV = 3233, nBSV = 2434
....
Warning: using -h 0 may be faster
*
optimization finished, #iter = 4084
C = 801.0919668960449
obj = 616341.2616759047, rho = 5.613332725602438
nSV = 4028, nBSV = 2211
Total nSV = 4028
.
Warning: using -h 0 may be faster
...
Warning: using -h 0 may be faster
*
optimization finished, #iter = 4260
C = 814.7200403364174
obj = 631586.9489547682, rho = -43.93546770302526
nSV = 4038, nBSV = 2177
Total nSV = 4038
....
Warning: using -h 0 may be faster
*
optimization finished, #iter = 4433
C = 842.2667599250595
obj = 655613.2733744195, rho = -35.42692811924915
nSV = 4068, nBSV = 2160
Total nSV = 4068
....
Warning: using -h 0 may be faster
*
optimization finished, #iter = 4287
C = 807.4402751338098
obj = 621487.503012742, rho = -50.82672408910712
nSV = 4070, nBSV = 2171
Total nSV = 4070
.
Warning: using -h 0 may be faster
...
Warning: using -h 0 may be faster
*
optimization finished, #iter = 4378
C = 766.4159259407453
obj = 575009.5701935365, rho = -44.959271919864456
nSV = 4031, nBSV = 2191
Total nSV = 4031
.
Warning: using -h 0 may be faster
...
Warning: using -h 0 may be faster
*
optimization finished, #iter = 4999
C = 792.3514594500984
obj = 702812.9437346427, rho = 12.100195172565957
nSV = 4942, nBSV = 2827
Total nSV = 7251
.
Warning: using -h 0 may be faster
*
optimization finished, #iter = 1664
C = 149.85318347326276
obj = 55577.4937031316, rho = -8.509975790033666
nSV = 2572, nBSV = 1968
Total nSV = 2572
.
Warning: using -h 0 may be faster
*
optimization finished, #iter = 1658
C = 143.9402627101372
obj = 51635.723738565765, rho = 1.4178910278220405
nSV = 2582, nBSV = 1959
Total nSV = 2582
.
Warning: using -h 0 may be faster
*
optimization finished, #iter = 1677
C = 155.70119818313216
obj = 57297.00840925802, rho = 3.5634010099949616
nSV = 2585, nBSV = 1948
Total nSV = 2585
.
Warning: using -h 0 may be faster
*
optimization finished, #iter = 1627
C = 128.52489531230984
obj = 43638.27208225094, rho = -2.6123554724518323
nSV = 2591, nBSV = 1971
Total nSV = 2591
.
Warning: using -h 0 may be faster
*
optimization finished, #iter = 1750
C = 160.3627792545899
obj = 59565.95313905953, rho = 3.83598812739882
nSV = 2606, nBSV = 1941
Total nSV = 2606
.
Warning: using -h 0 may be faster
*
optimization finished, #iter = 1950
C = 132.04609885214262
obj = 55507.20043050019, rho = 2.5617939578553366
nSV = 3168, nBSV = 2500
.
Warning: using -h 0 may be faster
*
optimization finished, #iter = 1730
C = 266.69179532844134
obj = 115974.59909962476, rho = 2.7986439981234983
nSV = 2306, nBSV = 1607
Total nSV = 2306
.
Warning: using -h 0 may be faster
*
optimization finished, #iter = 1772
C = 236.14915614613668
obj = 97734.85499478967, rho = -7.090127957034773
nSV = 2303, nBSV = 1619
Total nSV = 2303
.
Warning: using -h 0 may be faster
*
optimization finished, #iter = 1709
C = 251.11375667510208
obj = 104957.8428363398, rho = -3.142182344996615
nSV = 2292, nBSV = 1619
Total nSV = 2292
.
Warning: using -h 0 may be faster
*
optimization finished, #iter = 1777
C = 253.87074151753401
obj = 107765.52590007024, rho = -5.7972180255621195
nSV = 2308, nBSV = 1604
Total nSV = 2308
.
Warning: using -h 0 may be faster
*
optimization finished, #iter = 1720
C = 240.35251216653663
obj = 99400.31163612638, rho = -8.261785973040192
nSV = 2293, nBSV = 1609
Total nSV = 2293
..*
optimization finished, #iter = 2061
C = 227.3338569336639
obj = 111255.45555449404, rho = -5.656880369629121
nSV = 2814, nBSV = 2064
....
Warning: using -h 0 may be faster
*
optimization finished, #iter = 4241
C = 873.2829451414747
obj = 673736.4510014794, rho = -36.20764556428414
nSV = 4080, nBSV = 2134
Total nSV = 4080
....
Warning: using -h 0 may be faster
*
optimization finished, #iter = 4077
C = 790.4315407710293
obj = 594955.584519925, rho = -32.79475543143331
nSV = 4058, nBSV = 2219
Total nSV = 4058
....
Warning: using -h 0 may be faster
*
optimization finished, #iter = 4202
C = 876.637436872411
obj = 684690.00088502, rho = -36.971781961904085
nSV = 4075, nBSV = 2123
Total nSV = 4075
....
Warning: using -h 0 may be faster
*
optimization finished, #iter = 4106
C = 826.1535549411919
obj = 633176.0901351748, rho = -32.83362225393306
nSV = 4085, nBSV = 2203
Total nSV = 4085
....
Warning: using -h 0 may be faster
*
optimization finished, #iter = 4113
C = 809.899781608764
obj = 629644.0495992184, rho = -38.599261884114384
nSV = 4033, nBSV = 2190
Total nSV = 4033
.
Warning: using -h 0 may be faster
....
Warning: using -h 0 may be faster
*
optimization finished, #iter = 5164
C = 841.9631793521496
obj = 750545.2802464236, rho = -42.0712085425076
nSV = 4966, nBSV = 2812
Total nSV = 7223


=== Predictions under cross-validation ===

 inst#     actual  predicted error distribution
     1  2:neutral  2:neutral       0.208,*0.594,0.198 
     2  2:neutral  2:neutral       0.038,*0.848,0.115 
     3  2:neutral 3:positive   +   0.085,0.274,*0.641 
     4  2:neutral  2:neutral       0.069,*0.519,0.412 
     5  2:neutral  2:neutral       0.058,*0.678,0.264 
     6  2:neutral 1:negative   +   *0.731,0.244,0.025 
     7  2:neutral  2:neutral       0.066,*0.648,0.286 
     8  2:neutral  2:neutral       0.078,*0.773,0.149 
     9  2:neutral  2:neutral       0.092,*0.635,0.274 
    10  2:neutral 1:negative   +   *0.705,0.192,0.103 
    11  2:neutral 3:positive   +   0.046,0.239,*0.714 
    12  2:neutral  2:neutral       0.052,*0.743,0.205 
    13  2:neutral  2:neutral       0.067,*0.806,0.126 
    14  2:neutral  2:neutral       0.025,*0.715,0.26 
    15  2:neutral 1:negative   +   *0.453,0.314,0.233 
    16  2:neutral  2:neutral       0.016,*0.73,0.254 
    17  2:neutral 3:positive   +   0.384,0.223,*0.393 
    18  2:neutral  2:neutral       0.331,*0.361,0.307 
    19  2:neutral  2:neutral       0.174,*0.724,0.101 
    20  2:neutral  2:neutral       0.045,*0.908,0.047 
    21  2:neutral 1:negative   +   *0.492,0.261,0.247 
    22  2:neutral 3:positive   +   0.11,0.413,*0.476 
    23  2:neutral  2:neutral       0.068,*0.73,0.203 
    24  2:neutral  2:neutral       0.055,*0.695,0.25 
    25  2:neutral  2:neutral       0.078,*0.7,0.222 
    26  2:neutral  2:neutral       0.175,*0.499,0.326 
    27  2:neutral  2:neutral       0.024,*0.788,0.188 
    28  2:neutral 1:negative   +   *0.537,0.315,0.148 
    29  2:neutral  2:neutral       0.021,*0.616,0.363 
    30  2:neutral  2:neutral       0.037,*0.491,0.473 
    31  2:neutral  2:neutral       0.414,*0.506,0.08 
    32  2:neutral 1:negative   +   *0.864,0.105,0.031 
    33  2:neutral  2:neutral       0.031,*0.829,0.14 
    34  2:neutral  2:neutral       0.074,*0.706,0.22 
    35  2:neutral  2:neutral       0.113,*0.828,0.06 
    36  2:neutral  2:neutral       0.035,*0.801,0.164 
    37  2:neutral  2:neutral       0.109,*0.745,0.146 
    38  2:neutral  2:neutral       0.109,*0.699,0.192 
    39  2:neutral  2:neutral       0.039,*0.815,0.146 
    40  2:neutral  2:neutral       0.042,*0.671,0.287 
    41  2:neutral  2:neutral       0.098,*0.719,0.183 
    42  2:neutral  2:neutral       0.032,*0.766,0.203 
    43  2:neutral 3:positive   +   0.139,0.131,*0.73 
    44  2:neutral  2:neutral       0.133,*0.502,0.366 
    45  2:neutral  2:neutral       0.035,*0.89,0.074 
    46  2:neutral  2:neutral       0.014,*0.79,0.196 
    47  2:neutral  2:neutral       0.057,*0.653,0.29 
    48  2:neutral 3:positive   +   0.031,0.072,*0.898 
    49  2:neutral  2:neutral       0.036,*0.859,0.105 
    50  2:neutral  2:neutral       0.058,*0.79,0.151 
    51  2:neutral  2:neutral       0.076,*0.832,0.092 
    52  2:neutral  2:neutral       0.324,*0.491,0.186 
    53  2:neutral  2:neutral       0.197,*0.538,0.265 
    54  2:neutral  2:neutral       0.088,*0.562,0.35 
    55  2:neutral  2:neutral       0.067,*0.668,0.265 
    56  2:neutral  2:neutral       0.06,*0.839,0.101 
    57  2:neutral  2:neutral       0.11,*0.699,0.191 
    58  2:neutral  2:neutral       0.059,*0.661,0.28 
    59  2:neutral  2:neutral       0.096,*0.64,0.265 
    60  2:neutral  2:neutral       0.25,*0.543,0.207 
    61  2:neutral  2:neutral       0.079,*0.802,0.119 
    62  2:neutral  2:neutral       0.079,*0.649,0.273 
    63  2:neutral  2:neutral       0.02,*0.785,0.195 
    64  2:neutral  2:neutral       0.094,*0.732,0.175 
    65  2:neutral  2:neutral       0.131,*0.793,0.075 
    66  2:neutral 3:positive   +   0.036,0.276,*0.688 
    67  2:neutral  2:neutral       0.04,*0.783,0.177 
    68  2:neutral  2:neutral       0.231,*0.492,0.276 
    69  2:neutral 3:positive   +   0.039,0.291,*0.67 
    70  2:neutral 3:positive   +   0.084,0.336,*0.58 
    71  2:neutral  2:neutral       0.133,*0.727,0.14 
    72  2:neutral 3:positive   +   0.058,0.175,*0.767 
    73  2:neutral  2:neutral       0.179,*0.411,0.409 
    74  2:neutral 3:positive   +   0.135,0.419,*0.446 
    75  2:neutral  2:neutral       0.045,*0.766,0.19 
    76  2:neutral  2:neutral       0.165,*0.564,0.271 
    77  2:neutral  2:neutral       0.144,*0.468,0.388 
    78  2:neutral  2:neutral       0.103,*0.669,0.227 
    79  2:neutral  2:neutral       0.191,*0.718,0.091 
    80  2:neutral  2:neutral       0.058,*0.888,0.055 
    81  2:neutral 1:negative   +   *0.353,0.34,0.307 
    82  2:neutral  2:neutral       0.131,*0.808,0.06 
    83  2:neutral 1:negative   +   *0.486,0.085,0.429 
    84  2:neutral 3:positive   +   0.024,0.107,*0.869 
    85  2:neutral  2:neutral       0.305,*0.503,0.191 
    86  2:neutral  2:neutral       0.064,*0.812,0.124 
    87  2:neutral  2:neutral       0.017,*0.549,0.434 
    88  2:neutral  2:neutral       0.042,*0.515,0.443 
    89  2:neutral 1:negative   +   *0.47,0.325,0.205 
    90  2:neutral  2:neutral       0.073,*0.831,0.096 
    91  2:neutral  2:neutral       0.092,*0.665,0.243 
    92  2:neutral  2:neutral       0.135,*0.609,0.256 
    93  2:neutral  2:neutral       0.084,*0.648,0.267 
    94  2:neutral  2:neutral       0.077,*0.494,0.429 
    95  2:neutral  2:neutral       0.05,*0.575,0.375 
    96  2:neutral  2:neutral       0.072,*0.776,0.152 
    97  2:neutral  2:neutral       0.052,*0.804,0.144 
    98  2:neutral 3:positive   +   0.056,0.385,*0.559 
    99  2:neutral  2:neutral       0.064,*0.847,0.089 
   100  2:neutral  2:neutral       0.139,*0.678,0.183 
   101  2:neutral  2:neutral       0.157,*0.64,0.203 
   102  2:neutral 3:positive   +   0.079,0.263,*0.658 
   103  2:neutral  2:neutral       0.039,*0.723,0.238 
   104  2:neutral  2:neutral       0.22,*0.397,0.384 
   105  2:neutral  2:neutral       0.079,*0.712,0.21 
   106  2:neutral 3:positive   +   0.104,0.221,*0.676 
   107  2:neutral  2:neutral       0.079,*0.692,0.229 
   108  2:neutral  2:neutral       0.04,*0.918,0.042 
   109  2:neutral  2:neutral       0.024,*0.801,0.175 
   110  2:neutral  2:neutral       0.073,*0.868,0.058 
   111  2:neutral  2:neutral       0.093,*0.607,0.301 
   112  2:neutral  2:neutral       0.01,*0.887,0.103 
   113  2:neutral 3:positive   +   0.041,0.454,*0.504 
   114  2:neutral 3:positive   +   0.149,0.281,*0.569 
   115  2:neutral  2:neutral       0.052,*0.705,0.243 
   116  2:neutral  2:neutral       0.217,*0.682,0.101 
   117  2:neutral  2:neutral       0.016,*0.96,0.024 
   118  2:neutral  2:neutral       0.086,*0.661,0.253 
   119  2:neutral  2:neutral       0.036,*0.708,0.255 
   120  2:neutral 3:positive   +   0.061,0.318,*0.621 
   121  2:neutral  2:neutral       0.061,*0.588,0.351 
   122  2:neutral 3:positive   +   0.153,0.201,*0.646 
   123  2:neutral  2:neutral       0.086,*0.829,0.084 
   124  2:neutral  2:neutral       0.105,*0.78,0.115 
   125  2:neutral  2:neutral       0.37,*0.465,0.165 
   126  2:neutral  2:neutral       0.066,*0.581,0.353 
   127  2:neutral  2:neutral       0.023,*0.887,0.09 
   128  2:neutral 3:positive   +   0.034,0.434,*0.532 
   129  2:neutral  2:neutral       0.147,*0.666,0.187 
   130  2:neutral  2:neutral       0.022,*0.602,0.376 
   131  2:neutral  2:neutral       0.338,*0.465,0.197 
   132  2:neutral  2:neutral       0.054,*0.744,0.201 
   133  2:neutral  2:neutral       0.05,*0.881,0.069 
   134  2:neutral  2:neutral       0.025,*0.77,0.205 
   135  2:neutral  2:neutral       0.023,*0.741,0.235 
   136  2:neutral  2:neutral       0.014,*0.719,0.266 
   137  2:neutral  2:neutral       0.081,*0.656,0.263 
   138  2:neutral 3:positive   +   0.099,0.303,*0.599 
   139  2:neutral  2:neutral       0.065,*0.576,0.359 
   140  2:neutral  2:neutral       0.135,*0.594,0.271 
   141  2:neutral  2:neutral       0.044,*0.761,0.195 
   142  2:neutral  2:neutral       0.101,*0.689,0.21 
   143  2:neutral 3:positive   +   0.231,0.359,*0.41 
   144  2:neutral  2:neutral       0.111,*0.708,0.181 
   145  2:neutral  2:neutral       0.265,*0.415,0.32 
   146  2:neutral  2:neutral       0.102,*0.787,0.111 
   147  2:neutral  2:neutral       0.032,*0.771,0.197 
   148  2:neutral  2:neutral       0.077,*0.741,0.182 
   149  2:neutral 3:positive   +   0.149,0.346,*0.505 
   150  2:neutral  2:neutral       0.046,*0.825,0.129 
   151  2:neutral  2:neutral       0.088,*0.767,0.145 
   152  2:neutral  2:neutral       0.04,*0.893,0.067 
   153  2:neutral  2:neutral       0.02,*0.841,0.139 
   154  2:neutral  2:neutral       0.09,*0.72,0.19 
   155  2:neutral 3:positive   +   0.174,0.396,*0.43 
   156  2:neutral 3:positive   +   0.072,0.459,*0.469 
   157  2:neutral  2:neutral       0.052,*0.565,0.383 
   158  2:neutral  2:neutral       0.035,*0.772,0.193 
   159  2:neutral  2:neutral       0.235,*0.676,0.089 
   160  2:neutral  2:neutral       0.031,*0.683,0.286 
   161  2:neutral  2:neutral       0.184,*0.475,0.341 
   162  2:neutral  2:neutral       0.027,*0.856,0.117 
   163  2:neutral  2:neutral       0.044,*0.63,0.326 
   164  2:neutral  2:neutral       0.385,*0.429,0.186 
   165  2:neutral  2:neutral       0.122,*0.71,0.168 
   166  2:neutral  2:neutral       0.095,*0.712,0.193 
   167  2:neutral 3:positive   +   0.041,0.469,*0.49 
   168  2:neutral  2:neutral       0.038,*0.757,0.205 
   169  2:neutral  2:neutral       0.088,*0.633,0.279 
   170  2:neutral  2:neutral       0.149,*0.782,0.069 
   171  2:neutral  2:neutral       0.072,*0.527,0.401 
   172  2:neutral 1:negative   +   *0.47,0.299,0.231 
   173  2:neutral 1:negative   +   *0.729,0.204,0.067 
   174  2:neutral  2:neutral       0.103,*0.532,0.365 
   175  2:neutral  2:neutral       0.072,*0.593,0.335 
   176  2:neutral 3:positive   +   0.073,0.455,*0.472 
   177  2:neutral  2:neutral       0.143,*0.773,0.084 
   178  2:neutral  2:neutral       0.093,*0.675,0.232 
   179  2:neutral  2:neutral       0.074,*0.668,0.257 
   180  2:neutral  2:neutral       0.051,*0.763,0.186 
   181  2:neutral  2:neutral       0.069,*0.808,0.123 
   182  2:neutral  2:neutral       0.196,*0.622,0.182 
   183  2:neutral  2:neutral       0.095,*0.686,0.219 
   184  2:neutral 3:positive   +   0.122,0.313,*0.564 
   185  2:neutral  2:neutral       0.116,*0.564,0.32 
   186  2:neutral  2:neutral       0.014,*0.883,0.103 
   187  2:neutral  2:neutral       0.069,*0.601,0.33 
   188  2:neutral  2:neutral       0.149,*0.428,0.423 
   189  2:neutral  2:neutral       0.282,*0.614,0.104 
   190  2:neutral  2:neutral       0.298,*0.595,0.108 
   191  2:neutral  2:neutral       0.169,*0.714,0.116 
   192  2:neutral  2:neutral       0.063,*0.779,0.158 
   193  2:neutral  2:neutral       0.016,*0.64,0.344 
   194  2:neutral  2:neutral       0.087,*0.714,0.199 
   195  2:neutral  2:neutral       0.056,*0.58,0.364 
   196  2:neutral  2:neutral       0.267,*0.453,0.28 
   197  2:neutral  2:neutral       0.059,*0.55,0.391 
   198  2:neutral  2:neutral       0.352,*0.5,0.148 
   199  2:neutral 3:positive   +   0.064,0.149,*0.787 
   200  2:neutral  2:neutral       0.028,*0.829,0.143 
   201  2:neutral  2:neutral       0.11,*0.754,0.136 
   202  2:neutral  2:neutral       0.13,*0.622,0.247 
   203  2:neutral  2:neutral       0.085,*0.525,0.39 
   204  2:neutral  2:neutral       0.027,*0.919,0.054 
   205  2:neutral  2:neutral       0.017,*0.679,0.305 
   206  2:neutral  2:neutral       0.111,*0.671,0.218 
   207  2:neutral 3:positive   +   0.032,0.383,*0.585 
   208  2:neutral  2:neutral       0.032,*0.871,0.097 
   209  2:neutral  2:neutral       0.027,*0.899,0.074 
   210  2:neutral 1:negative   +   *0.419,0.271,0.31 
   211  2:neutral  2:neutral       0.029,*0.664,0.307 
   212  2:neutral  2:neutral       0.066,*0.77,0.164 
   213  2:neutral  2:neutral       0.09,*0.569,0.341 
   214  2:neutral  2:neutral       0.042,*0.753,0.205 
   215  2:neutral  2:neutral       0.36,*0.575,0.065 
   216  2:neutral  2:neutral       0.083,*0.619,0.298 
   217  2:neutral  2:neutral       0.062,*0.843,0.095 
   218  2:neutral  2:neutral       0.188,*0.536,0.276 
   219  2:neutral  2:neutral       0.096,*0.503,0.402 
   220  2:neutral  2:neutral       0.096,*0.65,0.254 
   221  2:neutral 1:negative   +   *0.614,0.231,0.155 
   222  2:neutral  2:neutral       0.095,*0.465,0.44 
   223  2:neutral  2:neutral       0.029,*0.632,0.339 
   224  2:neutral  2:neutral       0.091,*0.828,0.08 
   225  2:neutral  2:neutral       0.033,*0.822,0.145 
   226  2:neutral  2:neutral       0.051,*0.773,0.176 
   227  2:neutral  2:neutral       0.041,*0.782,0.177 
   228  2:neutral 3:positive   +   0.06,0.259,*0.681 
   229  2:neutral  2:neutral       0.019,*0.725,0.256 
   230  2:neutral 1:negative   +   *0.416,0.324,0.26 
   231  2:neutral  2:neutral       0.087,*0.745,0.168 
   232  2:neutral  2:neutral       0.345,*0.49,0.165 
   233  2:neutral  2:neutral       0.204,*0.59,0.207 
   234  2:neutral  2:neutral       0.06,*0.667,0.273 
   235  2:neutral  2:neutral       0.367,*0.541,0.092 
   236  2:neutral 3:positive   +   0.104,0.338,*0.558 
   237  2:neutral 3:positive   +   0.103,0.423,*0.474 
   238  2:neutral  2:neutral       0.112,*0.702,0.186 
   239  2:neutral  2:neutral       0.111,*0.585,0.304 
   240  2:neutral  2:neutral       0.098,*0.681,0.222 
   241  2:neutral 1:negative   +   *0.459,0.29,0.251 
   242  2:neutral  2:neutral       0.044,*0.578,0.378 
   243  2:neutral 3:positive   +   0.022,0.429,*0.549 
   244  2:neutral  2:neutral       0.048,*0.849,0.103 
   245  2:neutral  2:neutral       0.105,*0.763,0.132 
   246  2:neutral 3:positive   +   0.023,0.44,*0.537 
   247  2:neutral  2:neutral       0.017,*0.949,0.034 
   248  2:neutral 3:positive   +   0.062,0.359,*0.58 
   249  2:neutral  2:neutral       0.147,*0.461,0.393 
   250  2:neutral  2:neutral       0.028,*0.787,0.184 
   251  2:neutral  2:neutral       0.079,*0.47,0.451 
   252  2:neutral 3:positive   +   0.021,0.254,*0.726 
   253  2:neutral  2:neutral       0.111,*0.469,0.42 
   254  2:neutral  2:neutral       0.111,*0.746,0.143 
   255  2:neutral  2:neutral       0.056,*0.806,0.138 
   256  2:neutral  2:neutral       0.082,*0.626,0.292 
   257  2:neutral  2:neutral       0.079,*0.692,0.229 
   258  2:neutral  2:neutral       0.114,*0.829,0.057 
   259  2:neutral  2:neutral       0.145,*0.584,0.272 
   260  2:neutral  2:neutral       0.065,*0.828,0.107 
   261  2:neutral 3:positive   +   0.057,0.343,*0.6 
   262  2:neutral  2:neutral       0.05,*0.817,0.132 
   263  2:neutral  2:neutral       0.071,*0.599,0.329 
   264  2:neutral  2:neutral       0.044,*0.864,0.092 
   265  2:neutral  2:neutral       0.096,*0.674,0.23 
   266  2:neutral  2:neutral       0.033,*0.871,0.096 
   267  2:neutral 3:positive   +   0.15,0.252,*0.598 
   268  2:neutral  2:neutral       0.127,*0.782,0.091 
   269  2:neutral  2:neutral       0.239,*0.562,0.199 
   270  2:neutral  2:neutral       0.103,*0.478,0.419 
   271  2:neutral  2:neutral       0.323,*0.418,0.26 
   272  2:neutral  2:neutral       0.087,*0.537,0.376 
   273  2:neutral  2:neutral       0.261,*0.623,0.116 
   274  2:neutral  2:neutral       0.042,*0.583,0.375 
   275  2:neutral 1:negative   +   *0.583,0.123,0.294 
   276  2:neutral  2:neutral       0.052,*0.769,0.179 
   277  2:neutral  2:neutral       0.025,*0.512,0.463 
   278  2:neutral  2:neutral       0.032,*0.633,0.334 
   279  2:neutral 3:positive   +   0.128,0.405,*0.467 
   280  2:neutral  2:neutral       0.02,*0.632,0.348 
   281  2:neutral  2:neutral       0.043,*0.743,0.214 
   282  2:neutral  2:neutral       0.042,*0.908,0.051 
   283  2:neutral 1:negative   +   *0.392,0.229,0.379 
   284  2:neutral 3:positive   +   0.068,0.361,*0.571 
   285  2:neutral  2:neutral       0.023,*0.879,0.098 
   286  2:neutral  2:neutral       0.023,*0.622,0.356 
   287  2:neutral  2:neutral       0.049,*0.839,0.112 
   288  2:neutral  2:neutral       0.161,*0.68,0.16 
   289  2:neutral  2:neutral       0.129,*0.721,0.15 
   290  2:neutral  2:neutral       0.009,*0.549,0.442 
   291  2:neutral  2:neutral       0.154,*0.626,0.22 
   292  2:neutral 1:negative   +   *0.662,0.166,0.173 
   293  2:neutral 3:positive   +   0.05,0.255,*0.695 
   294  2:neutral 3:positive   +   0.084,0.446,*0.47 
   295  2:neutral  2:neutral       0.175,*0.792,0.033 
   296  2:neutral  2:neutral       0.054,*0.744,0.201 
   297  2:neutral 3:positive   +   0.149,0.347,*0.504 
   298  2:neutral  2:neutral       0.015,*0.676,0.309 
   299  2:neutral  2:neutral       0.087,*0.716,0.197 
   300  2:neutral  2:neutral       0.199,*0.704,0.097 
   301  2:neutral  2:neutral       0.064,*0.597,0.339 
   302  2:neutral  2:neutral       0.094,*0.781,0.125 
   303  2:neutral 3:positive   +   0.056,0.208,*0.736 
   304  2:neutral  2:neutral       0.251,*0.448,0.301 
   305  2:neutral  2:neutral       0.018,*0.891,0.091 
   306  2:neutral  2:neutral       0.04,*0.631,0.328 
   307  2:neutral  2:neutral       0.036,*0.876,0.088 
   308  2:neutral  2:neutral       0.067,*0.905,0.029 
   309  2:neutral 3:positive   +   0.082,0.176,*0.741 
   310  2:neutral  2:neutral       0.134,*0.841,0.025 
   311  2:neutral  2:neutral       0.141,*0.609,0.25 
   312  2:neutral  2:neutral       0.122,*0.748,0.131 
   313  2:neutral  2:neutral       0.114,*0.656,0.23 
   314  2:neutral  2:neutral       0.183,*0.524,0.293 
   315  2:neutral  2:neutral       0.027,*0.687,0.286 
   316  2:neutral  2:neutral       0.062,*0.587,0.351 
   317  2:neutral  2:neutral       0.101,*0.72,0.179 
   318  2:neutral  2:neutral       0.082,*0.823,0.095 
   319  2:neutral  2:neutral       0.192,*0.481,0.327 
   320  2:neutral  2:neutral       0.083,*0.823,0.094 
   321  2:neutral  2:neutral       0.061,*0.865,0.073 
   322  2:neutral  2:neutral       0.072,*0.718,0.211 
   323  2:neutral  2:neutral       0.077,*0.653,0.27 
   324  2:neutral  2:neutral       0.068,*0.753,0.179 
   325  2:neutral  2:neutral       0.046,*0.794,0.16 
   326  2:neutral  2:neutral       0.054,*0.704,0.243 
   327  2:neutral 1:negative   +   *0.989,0.005,0.006 
   328  2:neutral 1:negative   +   *0.688,0.282,0.031 
   329  2:neutral 1:negative   +   *0.625,0.251,0.124 
   330  2:neutral  2:neutral       0.041,*0.861,0.098 
   331  2:neutral  2:neutral       0.075,*0.522,0.403 
   332  2:neutral  2:neutral       0.057,*0.831,0.111 
   333  2:neutral  2:neutral       0.024,*0.813,0.163 
   334  2:neutral 1:negative   +   *0.649,0.166,0.186 
   335  2:neutral 3:positive   +   0.017,0.362,*0.621 
   336  2:neutral  2:neutral       0.072,*0.618,0.31 
   337  2:neutral  2:neutral       0.084,*0.654,0.262 
   338  2:neutral  2:neutral       0.104,*0.462,0.435 
   339  2:neutral  2:neutral       0.077,*0.719,0.205 
   340  2:neutral  2:neutral       0.366,*0.423,0.212 
   341  2:neutral 3:positive   +   0.044,0.464,*0.493 
   342  2:neutral 3:positive   +   0.164,0.125,*0.712 
   343  2:neutral  2:neutral       0.207,*0.593,0.2 
   344  2:neutral  2:neutral       0.025,*0.709,0.267 
   345  2:neutral  2:neutral       0.012,*0.855,0.132 
   346  2:neutral  2:neutral       0.076,*0.669,0.255 
   347  2:neutral  2:neutral       0.079,*0.692,0.229 
   348  2:neutral  2:neutral       0.214,*0.491,0.295 
   349  2:neutral  2:neutral       0.115,*0.67,0.215 
   350  2:neutral  2:neutral       0.025,*0.878,0.098 
