Zero Weights processed. Default weights will be used
..
Warning: using -h 0 may be faster
*
optimization finished, #iter = 2665
C = 709.3067457991722
obj = 382903.84320708446, rho = -11.146099221373563
nSV = 2580, nBSV = 1297
Total nSV = 2580
..
Warning: using -h 0 may be faster
*
optimization finished, #iter = 2506
C = 669.9360116513403
obj = 365482.1104524101, rho = -21.596968947848126
nSV = 2589, nBSV = 1298
Total nSV = 2589
..
Warning: using -h 0 may be faster
*
optimization finished, #iter = 2612
C = 681.4218492362683
obj = 376032.78243371635, rho = -26.05445113159617
nSV = 2588, nBSV = 1277
Total nSV = 2588
..
Warning: using -h 0 may be faster
*
optimization finished, #iter = 2589
C = 743.8239768428591
obj = 413320.32604995125, rho = -20.738034962941597
nSV = 2591, nBSV = 1274
Total nSV = 2591
..
Warning: using -h 0 may be faster
*
optimization finished, #iter = 2540
C = 709.4475531932652
obj = 395232.0102975558, rho = -22.54223980338965
nSV = 2596, nBSV = 1270
Total nSV = 2596
...
Warning: using -h 0 may be faster
*
optimization finished, #iter = 3311
C = 687.1831129736458
obj = 440612.1189132995, rho = -2.2976548411408872
nSV = 3163, nBSV = 1679
.....
Warning: using -h 0 may be faster
*
optimization finished, #iter = 5322
C = 1977.047478828234
obj = 1877972.5676110701, rho = -92.57516474233068
nSV = 4510, nBSV = 1721
Total nSV = 4510
....
Warning: using -h 0 may be faster
*
optimization finished, #iter = 4839
C = 2014.6762709796908
obj = 1925444.7336351674, rho = -76.50043594341506
nSV = 4461, nBSV = 1763
Total nSV = 4461
.
Warning: using -h 0 may be faster
...
Warning: using -h 0 may be faster
*
optimization finished, #iter = 4868
C = 1977.3528422412287
obj = 1839023.2067279422, rho = -86.00424173688793
nSV = 4488, nBSV = 1752
Total nSV = 4488
.....
Warning: using -h 0 may be faster
*
optimization finished, #iter = 5232
C = 2008.4573337442478
obj = 1875272.9251979894, rho = -94.75654223556317
nSV = 4536, nBSV = 1759
Total nSV = 4536
.
Warning: using -h 0 may be faster
....
Warning: using -h 0 may be faster
*
optimization finished, #iter = 5045
C = 1945.9514767008422
obj = 1801310.28035675, rho = -98.8602688331887
nSV = 4469, nBSV = 1748
Total nSV = 4469
.
Warning: using -h 0 may be faster
.....
Warning: using -h 0 may be faster
*
optimization finished, #iter = 6271
C = 2124.8612180115106
obj = 2329348.168887309, rho = -1.8290113638682157
nSV = 5429, nBSV = 2293
..
Warning: using -h 0 may be faster
*
optimization finished, #iter = 2928
C = 646.247186439911
obj = 364616.8752339054, rho = -27.563723672002617
nSV = 2988, nBSV = 1526
Total nSV = 2988
...
Warning: using -h 0 may be faster
*
optimization finished, #iter = 3073
C = 697.3619593644056
obj = 407779.8406816037, rho = -31.083693961272104
nSV = 3040, nBSV = 1475
Total nSV = 3040
..
Warning: using -h 0 may be faster
*
optimization finished, #iter = 2867
C = 626.3365468502811
obj = 360372.3839585818, rho = -29.67169957030198
nSV = 2965, nBSV = 1539
Total nSV = 2965
..
Warning: using -h 0 may be faster
*
optimization finished, #iter = 2993
C = 687.0089693257071
obj = 404791.2963022838, rho = -31.3287774717997
nSV = 3025, nBSV = 1506
Total nSV = 3025
..
Warning: using -h 0 may be faster
*
optimization finished, #iter = 2932
C = 629.0628543165254
obj = 362164.4431264914, rho = -20.7159858990629
nSV = 2988, nBSV = 1523
Total nSV = 2988
.
Warning: using -h 0 may be faster
..
Warning: using -h 0 may be faster
*
optimization finished, #iter = 3654
C = 642.115444790364
obj = 428267.18784506375, rho = 1.9575569950309126
nSV = 3657, nBSV = 1968
Total nSV = 8300
..
Warning: using -h 0 may be faster
*
optimization finished, #iter = 2200
C = 653.1179660786304
obj = 297828.3504734676, rho = -7.724960298397023
nSV = 2105, nBSV = 984
Total nSV = 2105
..
Warning: using -h 0 may be faster
*
optimization finished, #iter = 2291
C = 737.1575022527977
obj = 350327.0755873903, rho = -8.559956748984787
nSV = 2134, nBSV = 956
Total nSV = 2134
..
Warning: using -h 0 may be faster
*
optimization finished, #iter = 2248
C = 746.786511744083
obj = 349923.8651922787, rho = -0.3706338158730277
nSV = 2153, nBSV = 944
Total nSV = 2153
..
Warning: using -h 0 may be faster
*
optimization finished, #iter = 2291
C = 706.7716229125037
obj = 332302.6387117837, rho = -5.656477579130315
nSV = 2146, nBSV = 956
Total nSV = 2146
..
Warning: using -h 0 may be faster
*
optimization finished, #iter = 2212
C = 690.1738512656352
obj = 325493.4783213481, rho = 10.143752976306605
nSV = 2146, nBSV = 975
Total nSV = 2146
..
Warning: using -h 0 may be faster
*
optimization finished, #iter = 2660
C = 690.9501913084666
obj = 380005.91331713775, rho = -5.740593564556829
nSV = 2560, nBSV = 1268
....
Warning: using -h 0 may be faster
*
optimization finished, #iter = 4271
C = 1843.5059916194857
obj = 1467241.8672471715, rho = 3.171806636602671
nSV = 3697, nBSV = 1330
Total nSV = 3697
....
Warning: using -h 0 may be faster
*
optimization finished, #iter = 4227
C = 1843.4263884733055
obj = 1486123.9145527985, rho = -81.35741305634596
nSV = 3659, nBSV = 1320
Total nSV = 3659
....
Warning: using -h 0 may be faster
*
optimization finished, #iter = 4194
C = 1851.0451325131803
obj = 1483604.10058522, rho = -93.10572481177182
nSV = 3640, nBSV = 1308
Total nSV = 3640
....
Warning: using -h 0 may be faster
*
optimization finished, #iter = 4162
C = 1843.551415444405
obj = 1472828.0433689952, rho = -89.98119468193089
nSV = 3672, nBSV = 1311
Total nSV = 3672
.
Warning: using -h 0 may be faster
..
Warning: using -h 0 may be faster
*
optimization finished, #iter = 3967
C = 1883.3791104275551
obj = 1563847.9742439676, rho = -77.59888964006205
nSV = 3662, nBSV = 1342
Total nSV = 3662
.....
Warning: using -h 0 may be faster
*
optimization finished, #iter = 5106
C = 1957.7156890812857
obj = 1813876.474975229, rho = 12.215960867011793
nSV = 4498, nBSV = 1773
..
Warning: using -h 0 may be faster
*
optimization finished, #iter = 2374
C = 651.0504130452141
obj = 324288.64988070645, rho = 8.583943488815008
nSV = 2440, nBSV = 1157
Total nSV = 2440
..
Warning: using -h 0 may be faster
*
optimization finished, #iter = 2659
C = 696.0055682806234
obj = 348690.62861395907, rho = -30.312792851684776
nSV = 2495, nBSV = 1126
Total nSV = 2495
..
Warning: using -h 0 may be faster
*
optimization finished, #iter = 2511
C = 648.2139427113908
obj = 322732.1529005032, rho = -26.167105876114967
nSV = 2471, nBSV = 1154
Total nSV = 2471
..
Warning: using -h 0 may be faster
*
optimization finished, #iter = 2263
C = 611.8940266886234
obj = 302281.71232614043, rho = -33.00373552624057
nSV = 2424, nBSV = 1191
Total nSV = 2424
..
Warning: using -h 0 may be faster
*
optimization finished, #iter = 2408
C = 659.7265666408284
obj = 329801.41779799503, rho = -28.852873519261383
nSV = 2447, nBSV = 1147
Total nSV = 2447
..
Warning: using -h 0 may be faster
*
optimization finished, #iter = 2922
C = 634.8019363659408
obj = 365614.4168746998, rho = 9.99243047578752
nSV = 2967, nBSV = 1524
Total nSV = 6774
..
Warning: using -h 0 may be faster
*
optimization finished, #iter = 2326
C = 721.4343792423707
obj = 337620.67694484675, rho = 8.65319293049611
nSV = 2144, nBSV = 956
Total nSV = 2144
..
Warning: using -h 0 may be faster
*
optimization finished, #iter = 2219
C = 753.886675938584
obj = 355240.975842858, rho = 1.0224721793820746
nSV = 2130, nBSV = 978
Total nSV = 2130
..
Warning: using -h 0 may be faster
*
optimization finished, #iter = 2246
C = 695.9930539601464
obj = 329411.66068585793, rho = -5.49905638886403
nSV = 2151, nBSV = 982
Total nSV = 2151
..
Warning: using -h 0 may be faster
*
optimization finished, #iter = 2286
C = 763.6332793658049
obj = 359631.49679613963, rho = -0.3212573020145896
nSV = 2165, nBSV = 950
Total nSV = 2165
..
Warning: using -h 0 may be faster
*
optimization finished, #iter = 2322
C = 741.2019054667957
obj = 346875.6150118057, rho = -1.884214607838324
nSV = 2163, nBSV = 974
Total nSV = 2163
..
Warning: using -h 0 may be faster
*
optimization finished, #iter = 2627
C = 711.0358088017211
obj = 385785.0345838382, rho = 4.643131168122709
nSV = 2602, nBSV = 1272
....
Warning: using -h 0 may be faster
*
optimization finished, #iter = 4091
C = 1867.1718216681093
obj = 1508551.0524565137, rho = -83.01293898940565
nSV = 3643, nBSV = 1344
Total nSV = 3643
....
Warning: using -h 0 may be faster
*
optimization finished, #iter = 4078
C = 1841.29828972064
obj = 1471381.9166370514, rho = 11.962126530689476
nSV = 3672, nBSV = 1349
Total nSV = 3672
....
Warning: using -h 0 may be faster
*
optimization finished, #iter = 4156
C = 1782.9971129162632
obj = 1391943.0624156008, rho = -15.612827688080774
nSV = 3716, nBSV = 1336
Total nSV = 3716
...
Warning: using -h 0 may be faster
*
optimization finished, #iter = 3702
C = 1803.281933045752
obj = 1431286.6451868333, rho = -0.8300595001760008
nSV = 3600, nBSV = 1360
Total nSV = 3600
...
Warning: using -h 0 may be faster
*
optimization finished, #iter = 3973
C = 1761.5896390684072
obj = 1395836.508845134, rho = -17.720459961256093
nSV = 3669, nBSV = 1350
Total nSV = 3669
.
Warning: using -h 0 may be faster
...
Warning: using -h 0 may be faster
*
optimization finished, #iter = 4899
C = 1935.3607622560637
obj = 1814835.6669498025, rho = -12.381301239123482
nSV = 4446, nBSV = 1770
..
Warning: using -h 0 may be faster
*
optimization finished, #iter = 2334
C = 611.3106246282368
obj = 297840.4070425291, rho = -20.813473047433266
nSV = 2449, nBSV = 1185
Total nSV = 2449
..
Warning: using -h 0 may be faster
*
optimization finished, #iter = 2372
C = 711.610259381138
obj = 368242.81132491166, rho = -31.361739231412628
nSV = 2507, nBSV = 1144
Total nSV = 2507
..
Warning: using -h 0 may be faster
*
optimization finished, #iter = 2341
C = 646.7701280807927
obj = 319862.815588445, rho = -34.776495516817704
nSV = 2465, nBSV = 1164
Total nSV = 2465
..
Warning: using -h 0 may be faster
*
optimization finished, #iter = 2426
C = 686.4233591849382
obj = 339273.1108478972, rho = -25.268258752095868
nSV = 2465, nBSV = 1177
Total nSV = 2465
..
Warning: using -h 0 may be faster
*
optimization finished, #iter = 2479
C = 705.7368034674078
obj = 358629.7494959458, rho = -24.600154817004018
nSV = 2503, nBSV = 1136
Total nSV = 2503
..
Warning: using -h 0 may be faster
*
optimization finished, #iter = 2901
C = 646.9968736959432
obj = 371071.9160650394, rho = 5.655773553215963
nSV = 2995, nBSV = 1516
Total nSV = 6725
....
Warning: using -h 0 may be faster
*
optimization finished, #iter = 4104
C = 1815.7185180570625
obj = 1475509.4417689168, rho = -105.45383750815645
nSV = 3702, nBSV = 1342
Total nSV = 3702
....
Warning: using -h 0 may be faster
*
optimization finished, #iter = 4092
C = 1923.6752326622861
obj = 1557808.9876316902, rho = 7.043132719749203
nSV = 3677, nBSV = 1293
Total nSV = 3677
...
Warning: using -h 0 may be faster
*
optimization finished, #iter = 3941
C = 1833.7408328317667
obj = 1490850.0184642493, rho = 1.2325347032021108
nSV = 3658, nBSV = 1327
Total nSV = 3658
....
Warning: using -h 0 may be faster
*
optimization finished, #iter = 4373
C = 1878.521237343526
obj = 1488612.6765813401, rho = 4.095375362974912
nSV = 3704, nBSV = 1289
Total nSV = 3704
....
Warning: using -h 0 may be faster
*
optimization finished, #iter = 4380
C = 1899.158862065588
obj = 1523241.6860229266, rho = 10.023109344762638
nSV = 3743, nBSV = 1309
Total nSV = 3743
.....
Warning: using -h 0 may be faster
*
optimization finished, #iter = 5133
C = 2037.8808440167002
obj = 1951815.701345696, rho = -112.7866558214679
nSV = 4499, nBSV = 1729
..
Warning: using -h 0 may be faster
*
optimization finished, #iter = 2456
C = 681.6763651175526
obj = 340734.50443578203, rho = 8.98346438821425
nSV = 2499, nBSV = 1140
Total nSV = 2499
..
Warning: using -h 0 may be faster
*
optimization finished, #iter = 2488
C = 763.4447172416238
obj = 396208.3459166061, rho = -31.748762555285253
nSV = 2511, nBSV = 1134
Total nSV = 2511
..
Warning: using -h 0 may be faster
*
optimization finished, #iter = 2518
C = 699.5234817118892
obj = 346203.9695125159, rho = -38.48550577165093
nSV = 2481, nBSV = 1164
Total nSV = 2481
..
Warning: using -h 0 may be faster
*
optimization finished, #iter = 2431
C = 664.6340427945815
obj = 331406.9816721496, rho = -41.609620814085
nSV = 2485, nBSV = 1148
Total nSV = 2485
..
Warning: using -h 0 may be faster
*
optimization finished, #iter = 2441
C = 708.738840863899
obj = 351512.4134010231, rho = -24.264778422855652
nSV = 2508, nBSV = 1136
Total nSV = 2508
..
Warning: using -h 0 may be faster
*
optimization finished, #iter = 2959
C = 692.4143896961325
obj = 404234.23277994926, rho = -35.978429634284275
nSV = 3045, nBSV = 1504
..
Warning: using -h 0 may be faster
*
optimization finished, #iter = 2152
C = 682.2864073215062
obj = 324380.8141195127, rho = -6.876580172957191
nSV = 2117, nBSV = 981
Total nSV = 2117
..
Warning: using -h 0 may be faster
*
optimization finished, #iter = 2113
C = 699.6716077121924
obj = 327167.18724954734, rho = -15.197649528363453
nSV = 2138, nBSV = 973
Total nSV = 2138
..
Warning: using -h 0 may be faster
*
optimization finished, #iter = 2224
C = 731.557895598459
obj = 347787.4814231868, rho = -13.236285588352558
nSV = 2138, nBSV = 947
Total nSV = 2138
..
Warning: using -h 0 may be faster
*
optimization finished, #iter = 2158
C = 709.4521487264459
obj = 330544.44383026136, rho = -20.0354646692326
nSV = 2136, nBSV = 945
Total nSV = 2136
..
Warning: using -h 0 may be faster
*
optimization finished, #iter = 2118
C = 732.0511087106864
obj = 343907.40764983196, rho = -7.267928302869082
nSV = 2151, nBSV = 966
Total nSV = 2151
..
Warning: using -h 0 may be faster
*
optimization finished, #iter = 2819
C = 691.6704825913974
obj = 377566.3561478237, rho = -8.919720544709728
nSV = 2627, nBSV = 1284
Total nSV = 6815
..
Warning: using -h 0 may be faster
*
optimization finished, #iter = 2262
C = 771.9458904168811
obj = 365939.9546767665, rho = -7.459878405049416
nSV = 2192, nBSV = 935
Total nSV = 2192
..
Warning: using -h 0 may be faster
*
optimization finished, #iter = 2301
C = 735.5274873832162
obj = 347982.65586626314, rho = -11.262750453995157
nSV = 2166, nBSV = 955
Total nSV = 2166
..
Warning: using -h 0 may be faster
*
optimization finished, #iter = 2201
C = 708.4734923327962
obj = 331003.21312193666, rho = -1.271843956974284
nSV = 2146, nBSV = 969
Total nSV = 2146
..
Warning: using -h 0 may be faster
*
optimization finished, #iter = 2203
C = 712.1490298234561
obj = 340908.36333680846, rho = 1.854535304408179
nSV = 2133, nBSV = 963
Total nSV = 2133
..
Warning: using -h 0 may be faster
*
optimization finished, #iter = 2350
C = 781.1512643975415
obj = 375865.4824298988, rho = 5.713349150887432
nSV = 2190, nBSV = 927
Total nSV = 2190
..
Warning: using -h 0 may be faster
*
optimization finished, #iter = 2733
C = 732.1566323626662
obj = 408928.25197096023, rho = -26.394666249345686
nSV = 2624, nBSV = 1258
..
Warning: using -h 0 may be faster
*
optimization finished, #iter = 2430
C = 689.1895660652252
obj = 340881.64256633824, rho = 2.334583718727787
nSV = 2499, nBSV = 1134
Total nSV = 2499
..
Warning: using -h 0 may be faster
*
optimization finished, #iter = 2622
C = 635.8181703823552
obj = 305555.73960334423, rho = 1.3458313548328142
nSV = 2473, nBSV = 1160
Total nSV = 2473
..
Warning: using -h 0 may be faster
*
optimization finished, #iter = 2512
C = 674.4918169692419
obj = 338437.2871473608, rho = -7.011441934595565
nSV = 2471, nBSV = 1148
Total nSV = 2471
..
Warning: using -h 0 may be faster
*
optimization finished, #iter = 2456
C = 671.8877365217779
obj = 324807.3421632951, rho = -5.500385976284417
nSV = 2473, nBSV = 1156
Total nSV = 2473
..
Warning: using -h 0 may be faster
*
optimization finished, #iter = 2307
C = 654.1581087484083
obj = 326572.603010933, rho = 7.165372508726956
nSV = 2442, nBSV = 1166
Total nSV = 2442
...
Warning: using -h 0 may be faster
*
optimization finished, #iter = 3021
C = 660.9258189699596
obj = 381249.51254408376, rho = 0.9637653864274676
nSV = 3011, nBSV = 1499
....
Warning: using -h 0 may be faster
*
optimization finished, #iter = 4358
C = 1848.49757558734
obj = 1464213.5881756665, rho = -88.4530098716996
nSV = 3730, nBSV = 1318
Total nSV = 3730
.
Warning: using -h 0 may be faster
..
Warning: using -h 0 may be faster
*
optimization finished, #iter = 3827
C = 1833.8231949532549
obj = 1493141.7155728624, rho = -78.47510665201358
nSV = 3655, nBSV = 1354
Total nSV = 3655
....
Warning: using -h 0 may be faster
*
optimization finished, #iter = 4155
C = 1809.9012061743433
obj = 1449237.1418691238, rho = -70.53938107807099
nSV = 3685, nBSV = 1343
Total nSV = 3685
...
Warning: using -h 0 may be faster
*
optimization finished, #iter = 3999
C = 1832.827552160765
obj = 1461130.3287486152, rho = -62.956128935925214
nSV = 3698, nBSV = 1329
Total nSV = 3698
....
Warning: using -h 0 may be faster
*
optimization finished, #iter = 4334
C = 1795.4713043775687
obj = 1423765.5450690396, rho = -63.95063796950091
nSV = 3685, nBSV = 1354
Total nSV = 3685
.....
Warning: using -h 0 may be faster
*
optimization finished, #iter = 5479
C = 1957.5721784230523
obj = 1817936.2925987514, rho = -1.0276038139444825
nSV = 4475, nBSV = 1719
Total nSV = 6774
..
Warning: using -h 0 may be faster
*
optimization finished, #iter = 2335
C = 636.9927089087554
obj = 308292.6511642489, rho = -31.653478025302825
nSV = 2453, nBSV = 1202
Total nSV = 2453
..
Warning: using -h 0 may be faster
*
optimization finished, #iter = 2340
C = 647.2273226097526
obj = 312897.47269078676, rho = -16.284527482304753
nSV = 2437, nBSV = 1179
Total nSV = 2437
..
Warning: using -h 0 may be faster
*
optimization finished, #iter = 2405
C = 602.6755400149955
obj = 292371.4518110103, rho = -21.196464507727985
nSV = 2412, nBSV = 1181
Total nSV = 2412
..
Warning: using -h 0 may be faster
*
optimization finished, #iter = 2346
C = 636.0598437627514
obj = 308472.8769017711, rho = -12.529019123352203
nSV = 2456, nBSV = 1175
Total nSV = 2456
..
Warning: using -h 0 may be faster
*
optimization finished, #iter = 2409
C = 641.1403759539238
obj = 315495.4573342995, rho = -10.834568945316468
nSV = 2433, nBSV = 1173
Total nSV = 2433
..
Warning: using -h 0 may be faster
*
optimization finished, #iter = 2836
C = 619.4812739796273
obj = 350029.8073695858, rho = -1.4259556568788978
nSV = 2937, nBSV = 1533
..
Warning: using -h 0 may be faster
*
optimization finished, #iter = 2226
C = 694.2474993527916
obj = 328245.38120487885, rho = -10.081284137023692
nSV = 2135, nBSV = 967
Total nSV = 2135
..
Warning: using -h 0 may be faster
*
optimization finished, #iter = 2174
C = 744.1700711372823
obj = 346002.38149924204, rho = -5.2794337358459265
nSV = 2136, nBSV = 974
Total nSV = 2136
..
Warning: using -h 0 may be faster
*
optimization finished, #iter = 2222
C = 694.9830035239439
obj = 322660.10793804657, rho = -12.157027768386559
nSV = 2118, nBSV = 984
Total nSV = 2118
..
Warning: using -h 0 may be faster
*
optimization finished, #iter = 2147
C = 728.6702715357687
obj = 343242.2720161249, rho = -7.67247110957832
nSV = 2142, nBSV = 977
Total nSV = 2142
..
Warning: using -h 0 may be faster
*
optimization finished, #iter = 2145
C = 704.0756971479295
obj = 323436.074508099, rho = -11.184381289241097
nSV = 2125, nBSV = 996
Total nSV = 2125
..
Warning: using -h 0 may be faster
*
optimization finished, #iter = 2610
C = 691.4118857443716
obj = 375353.6710826742, rho = -14.295762637603653
nSV = 2569, nBSV = 1279
....
Warning: using -h 0 may be faster
*
optimization finished, #iter = 4107
C = 1821.4010550010437
obj = 1438660.887934229, rho = -61.10705123568356
nSV = 3715, nBSV = 1320
Total nSV = 3715
....
Warning: using -h 0 may be faster
*
optimization finished, #iter = 4088
C = 1905.7552263133298
obj = 1544991.1399272475, rho = 7.976603646540533
nSV = 3719, nBSV = 1321
Total nSV = 3719
....
Warning: using -h 0 may be faster
*
optimization finished, #iter = 4023
C = 1822.3839597000049
obj = 1455366.2417255118, rho = -49.4643239196687
nSV = 3661, nBSV = 1339
Total nSV = 3661
....
Warning: using -h 0 may be faster
*
optimization finished, #iter = 4009
C = 1914.0917045504473
obj = 1551873.1058706415, rho = 4.141935213659958
nSV = 3647, nBSV = 1331
Total nSV = 3647
...
Warning: using -h 0 may be faster
*
optimization finished, #iter = 3781
C = 1875.0616729191609
obj = 1529523.5708099378, rho = -5.926631093426472
nSV = 3636, nBSV = 1347
Total nSV = 3636
....
Warning: using -h 0 may be faster
*
optimization finished, #iter = 4919
C = 1986.4419357025997
obj = 1906744.546295564, rho = -82.5229986375816
nSV = 4470, nBSV = 1747
Total nSV = 6722


=== Predictions under cross-validation ===

 inst#     actual  predicted error distribution
     1  2:neutral  2:neutral       0.334,*0.472,0.194 
     2  2:neutral  2:neutral       0.017,*0.889,0.093 
     3  2:neutral 3:positive   +   0.206,0.217,*0.577 
     4  2:neutral  2:neutral       0.096,*0.559,0.345 
     5  2:neutral  2:neutral       0.046,*0.64,0.314 
     6  2:neutral 1:negative   +   *0.63,0.309,0.061 
     7  2:neutral  2:neutral       0.037,*0.503,0.46 
     8  2:neutral  2:neutral       0.073,*0.832,0.094 
     9  2:neutral  2:neutral       0.112,*0.589,0.299 
    10  2:neutral 1:negative   +   *0.63,0.198,0.172 
    11  2:neutral 3:positive   +   0.026,0.332,*0.642 
    12  2:neutral  2:neutral       0.084,*0.684,0.233 
    13  2:neutral  2:neutral       0.058,*0.69,0.252 
    14  2:neutral  2:neutral       0.032,*0.709,0.259 
    15  2:neutral  2:neutral       0.333,*0.396,0.271 
    16  2:neutral  2:neutral       0.023,*0.627,0.351 
    17  2:neutral 3:positive   +   0.351,0.266,*0.383 
    18  2:neutral 1:negative   +   *0.354,0.341,0.306 
    19  2:neutral  2:neutral       0.153,*0.666,0.181 
    20  2:neutral  2:neutral       0.027,*0.891,0.082 
    21  2:neutral 3:positive   +   0.284,0.351,*0.366 
    22  2:neutral 3:positive   +   0.076,0.44,*0.484 
    23  2:neutral  2:neutral       0.081,*0.675,0.244 
    24  2:neutral  2:neutral       0.046,*0.553,0.401 
    25  2:neutral  2:neutral       0.087,*0.641,0.272 
    26  2:neutral 1:negative   +   *0.391,0.389,0.22 
    27  2:neutral  2:neutral       0.042,*0.563,0.396 
    28  2:neutral  2:neutral       0.268,*0.47,0.263 
    29  2:neutral  2:neutral       0.029,*0.607,0.363 
    30  2:neutral  2:neutral       0.03,*0.497,0.473 
    31  2:neutral  2:neutral       0.304,*0.504,0.192 
    32  2:neutral 1:negative   +   *0.916,0.054,0.03 
    33  2:neutral  2:neutral       0.022,*0.796,0.182 
    34  2:neutral  2:neutral       0.076,*0.68,0.244 
    35  2:neutral  2:neutral       0.116,*0.751,0.133 
    36  2:neutral  2:neutral       0.011,*0.941,0.049 
    37  2:neutral  2:neutral       0.134,*0.705,0.161 
    38  2:neutral  2:neutral       0.132,*0.678,0.189 
    39  2:neutral  2:neutral       0.06,*0.725,0.214 
    40  2:neutral  2:neutral       0.032,*0.529,0.439 
    41  2:neutral  2:neutral       0.08,*0.672,0.248 
    42  2:neutral  2:neutral       0.022,*0.766,0.212 
    43  2:neutral 3:positive   +   0.281,0.148,*0.57 
    44  2:neutral  2:neutral       0.129,*0.49,0.382 
    45  2:neutral  2:neutral       0.049,*0.86,0.091 
    46  2:neutral  2:neutral       0.016,*0.826,0.158 
    47  2:neutral  2:neutral       0.06,*0.601,0.339 
    48  2:neutral 3:positive   +   0.042,0.198,*0.76 
    49  2:neutral  2:neutral       0.047,*0.808,0.145 
    50  2:neutral  2:neutral       0.099,*0.718,0.183 
    51  2:neutral  2:neutral       0.119,*0.749,0.131 
    52  2:neutral  2:neutral       0.242,*0.531,0.227 
    53  2:neutral  2:neutral       0.162,*0.569,0.269 
    54  2:neutral 3:positive   +   0.096,0.44,*0.464 
    55  2:neutral  2:neutral       0.065,*0.586,0.349 
    56  2:neutral  2:neutral       0.09,*0.819,0.091 
    57  2:neutral  2:neutral       0.095,*0.608,0.297 
    58  2:neutral  2:neutral       0.065,*0.505,0.43 
    59  2:neutral  2:neutral       0.127,*0.541,0.332 
    60  2:neutral  2:neutral       0.093,*0.474,0.433 
    61  2:neutral  2:neutral       0.101,*0.8,0.099 
    62  2:neutral  2:neutral       0.145,*0.599,0.256 
    63  2:neutral  2:neutral       0.026,*0.647,0.328 
    64  2:neutral  2:neutral       0.083,*0.69,0.227 
    65  2:neutral  2:neutral       0.18,*0.712,0.108 
    66  2:neutral 3:positive   +   0.079,0.121,*0.8 
    67  2:neutral  2:neutral       0.104,*0.688,0.207 
    68  2:neutral  2:neutral       0.165,*0.532,0.303 
    69  2:neutral 3:positive   +   0.052,0.354,*0.594 
    70  2:neutral  2:neutral       0.085,*0.501,0.413 
    71  2:neutral  2:neutral       0.127,*0.711,0.162 
    72  2:neutral 3:positive   +   0.046,0.187,*0.767 
    73  2:neutral 3:positive   +   0.133,0.303,*0.565 
    74  2:neutral  2:neutral       0.086,*0.508,0.406 
    75  2:neutral  2:neutral       0.066,*0.744,0.19 
    76  2:neutral 3:positive   +   0.158,0.386,*0.457 
    77  2:neutral 3:positive   +   0.07,0.394,*0.535 
    78  2:neutral  2:neutral       0.113,*0.578,0.309 
    79  2:neutral  2:neutral       0.397,*0.499,0.104 
    80  2:neutral  2:neutral       0.047,*0.902,0.051 
    81  2:neutral 1:negative   +   *0.414,0.281,0.305 
    82  2:neutral  2:neutral       0.099,*0.856,0.045 
    83  2:neutral 1:negative   +   *0.568,0.098,0.334 
    84  2:neutral 3:positive   +   0.027,0.091,*0.882 
    85  2:neutral  2:neutral       0.362,*0.499,0.139 
    86  2:neutral  2:neutral       0.051,*0.76,0.188 
    87  2:neutral 3:positive   +   0.017,0.471,*0.512 
    88  2:neutral 3:positive   +   0.029,0.481,*0.49 
    89  2:neutral 1:negative   +   *0.5,0.238,0.262 
    90  2:neutral  2:neutral       0.063,*0.783,0.154 
    91  2:neutral  2:neutral       0.111,*0.679,0.21 
    92  2:neutral  2:neutral       0.116,*0.688,0.196 
    93  2:neutral  2:neutral       0.083,*0.601,0.316 
    94  2:neutral 3:positive   +   0.053,0.354,*0.593 
    95  2:neutral  2:neutral       0.061,*0.574,0.365 
    96  2:neutral  2:neutral       0.05,*0.795,0.154 
    97  2:neutral  2:neutral       0.057,*0.805,0.138 
    98  2:neutral 3:positive   +   0.057,0.258,*0.685 
    99  2:neutral  2:neutral       0.085,*0.801,0.114 
   100  2:neutral  2:neutral       0.116,*0.698,0.185 
   101  2:neutral  2:neutral       0.122,*0.628,0.251 
   102  2:neutral 3:positive   +   0.107,0.358,*0.536 
   103  2:neutral  2:neutral       0.052,*0.683,0.265 
   104  2:neutral  2:neutral       0.182,*0.445,0.373 
   105  2:neutral  2:neutral       0.087,*0.674,0.239 
   106  2:neutral 3:positive   +   0.106,0.307,*0.587 
   107  2:neutral  2:neutral       0.088,*0.652,0.26 
   108  2:neutral  2:neutral       0.063,*0.892,0.046 
   109  2:neutral  2:neutral       0.014,*0.612,0.373 
   110  2:neutral  2:neutral       0.098,*0.822,0.08 
   111  2:neutral  2:neutral       0.087,*0.55,0.363 
   112  2:neutral  2:neutral       0.012,*0.724,0.264 
   113  2:neutral 3:positive   +   0.05,0.461,*0.489 
   114  2:neutral 3:positive   +   0.176,0.324,*0.5 
   115  2:neutral  2:neutral       0.051,*0.616,0.333 
   116  2:neutral  2:neutral       0.088,*0.732,0.18 
   117  2:neutral  2:neutral       0.016,*0.95,0.034 
   118  2:neutral  2:neutral       0.093,*0.587,0.32 
   119  2:neutral  2:neutral       0.054,*0.714,0.232 
   120  2:neutral 3:positive   +   0.041,0.374,*0.586 
   121  2:neutral  2:neutral       0.067,*0.561,0.372 
   122  2:neutral 3:positive   +   0.057,0.257,*0.685 
   123  2:neutral  2:neutral       0.069,*0.873,0.058 
   124  2:neutral  2:neutral       0.083,*0.772,0.145 
   125  2:neutral  2:neutral       0.293,*0.502,0.205 
   126  2:neutral  2:neutral       0.052,*0.565,0.384 
   127  2:neutral  2:neutral       0.022,*0.859,0.119 
   128  2:neutral 3:positive   +   0.028,0.473,*0.499 
   129  2:neutral  2:neutral       0.111,*0.668,0.221 
   130  2:neutral  2:neutral       0.037,*0.598,0.365 
   131  2:neutral 1:negative   +   *0.438,0.405,0.157 
   132  2:neutral  2:neutral       0.071,*0.693,0.236 
   133  2:neutral  2:neutral       0.05,*0.851,0.099 
   134  2:neutral  2:neutral       0.018,*0.776,0.207 
   135  2:neutral  2:neutral       0.025,*0.726,0.249 
   136  2:neutral  2:neutral       0.011,*0.755,0.234 
   137  2:neutral  2:neutral       0.104,*0.66,0.236 
   138  2:neutral  2:neutral       0.086,*0.519,0.395 
   139  2:neutral  2:neutral       0.096,*0.611,0.293 
   140  2:neutral  2:neutral       0.126,*0.49,0.384 
   141  2:neutral  2:neutral       0.036,*0.645,0.319 
   142  2:neutral  2:neutral       0.181,*0.474,0.345 
   143  2:neutral  2:neutral       0.214,*0.484,0.302 
   144  2:neutral  2:neutral       0.109,*0.706,0.185 
   145  2:neutral 3:positive   +   0.28,0.333,*0.387 
   146  2:neutral  2:neutral       0.234,*0.658,0.108 
   147  2:neutral  2:neutral       0.031,*0.75,0.219 
   148  2:neutral  2:neutral       0.098,*0.685,0.218 
   149  2:neutral 3:positive   +   0.169,0.337,*0.494 
   150  2:neutral  2:neutral       0.068,*0.792,0.139 
   151  2:neutral  2:neutral       0.067,*0.809,0.124 
   152  2:neutral  2:neutral       0.025,*0.894,0.08 
   153  2:neutral  2:neutral       0.021,*0.846,0.133 
   154  2:neutral  2:neutral       0.098,*0.657,0.245 
   155  2:neutral  2:neutral       0.159,*0.434,0.407 
   156  2:neutral 3:positive   +   0.104,0.275,*0.62 
   157  2:neutral  2:neutral       0.051,*0.617,0.332 
   158  2:neutral  2:neutral       0.048,*0.754,0.198 
   159  2:neutral  2:neutral       0.113,*0.773,0.114 
   160  2:neutral  2:neutral       0.024,*0.673,0.303 
   161  2:neutral  2:neutral       0.163,*0.517,0.32 
   162  2:neutral  2:neutral       0.022,*0.865,0.113 
   163  2:neutral  2:neutral       0.022,*0.71,0.268 
   164  2:neutral  2:neutral       0.26,*0.509,0.231 
   165  2:neutral  2:neutral       0.106,*0.668,0.226 
   166  2:neutral  2:neutral       0.089,*0.768,0.143 
   167  2:neutral 3:positive   +   0.066,0.397,*0.536 
   168  2:neutral  2:neutral       0.036,*0.751,0.213 
   169  2:neutral  2:neutral       0.115,*0.695,0.19 
   170  2:neutral  2:neutral       0.206,*0.73,0.063 
   171  2:neutral  2:neutral       0.096,*0.457,0.447 
   172  2:neutral  2:neutral       0.197,*0.42,0.383 
   173  2:neutral 1:negative   +   *0.677,0.276,0.047 
   174  2:neutral  2:neutral       0.087,*0.568,0.345 
   175  2:neutral  2:neutral       0.074,*0.624,0.302 
   176  2:neutral 3:positive   +   0.173,0.403,*0.424 
   177  2:neutral  2:neutral       0.064,*0.867,0.069 
   178  2:neutral  2:neutral       0.267,*0.547,0.186 
   179  2:neutral  2:neutral       0.139,*0.544,0.317 
   180  2:neutral  2:neutral       0.045,*0.788,0.167 
   181  2:neutral  2:neutral       0.073,*0.75,0.177 
   182  2:neutral 1:negative   +   *0.455,0.427,0.117 
   183  2:neutral  2:neutral       0.083,*0.624,0.292 
   184  2:neutral 3:positive   +   0.13,0.364,*0.506 
   185  2:neutral  2:neutral       0.113,*0.553,0.334 
   186  2:neutral  2:neutral       0.019,*0.843,0.138 
   187  2:neutral  2:neutral       0.06,*0.588,0.352 
   188  2:neutral 3:positive   +   0.127,0.405,*0.468 
   189  2:neutral 1:negative   +   *0.58,0.335,0.084 
   190  2:neutral 1:negative   +   *0.509,0.39,0.101 
   191  2:neutral  2:neutral       0.193,*0.663,0.144 
   192  2:neutral  2:neutral       0.077,*0.778,0.145 
   193  2:neutral  2:neutral       0.01,*0.787,0.203 
   194  2:neutral  2:neutral       0.136,*0.734,0.13 
   195  2:neutral 3:positive   +   0.073,0.414,*0.513 
   196  2:neutral  2:neutral       0.084,*0.546,0.37 
   197  2:neutral  2:neutral       0.076,*0.519,0.405 
   198  2:neutral  2:neutral       0.338,*0.467,0.195 
   199  2:neutral 3:positive   +   0.06,0.298,*0.642 
   200  2:neutral  2:neutral       0.04,*0.712,0.248 
   201  2:neutral  2:neutral       0.086,*0.834,0.081 
   202  2:neutral  2:neutral       0.151,*0.58,0.269 
   203  2:neutral 3:positive   +   0.049,0.415,*0.537 
   204  2:neutral  2:neutral       0.023,*0.928,0.049 
   205  2:neutral  2:neutral       0.014,*0.734,0.252 
   206  2:neutral  2:neutral       0.177,*0.621,0.202 
   207  2:neutral 3:positive   +   0.044,0.36,*0.596 
   208  2:neutral  2:neutral       0.013,*0.922,0.065 
   209  2:neutral  2:neutral       0.032,*0.899,0.068 
   210  2:neutral 3:positive   +   0.292,0.316,*0.392 
   211  2:neutral  2:neutral       0.032,*0.788,0.18 
   212  2:neutral  2:neutral       0.036,*0.859,0.105 
   213  2:neutral  2:neutral       0.068,*0.495,0.438 
   214  2:neutral  2:neutral       0.053,*0.517,0.43 
   215  2:neutral  2:neutral       0.233,*0.662,0.105 
   216  2:neutral 3:positive   +   0.098,0.442,*0.46 
   217  2:neutral  2:neutral       0.044,*0.86,0.096 
   218  2:neutral  2:neutral       0.233,*0.466,0.302 
   219  2:neutral 3:positive   +   0.126,0.415,*0.459 
   220  2:neutral  2:neutral       0.079,*0.55,0.371 
   221  2:neutral 1:negative   +   *0.605,0.236,0.158 
   222  2:neutral  2:neutral       0.148,*0.454,0.398 
   223  2:neutral  2:neutral       0.032,*0.571,0.397 
   224  2:neutral  2:neutral       0.109,*0.764,0.127 
   225  2:neutral  2:neutral       0.031,*0.841,0.128 
   226  2:neutral  2:neutral       0.056,*0.728,0.216 
   227  2:neutral  2:neutral       0.039,*0.816,0.145 
   228  2:neutral 3:positive   +   0.033,0.388,*0.579 
   229  2:neutral  2:neutral       0.025,*0.541,0.433 
   230  2:neutral 1:negative   +   *0.433,0.293,0.273 
   231  2:neutral  2:neutral       0.077,*0.813,0.11 
   232  2:neutral  2:neutral       0.32,*0.436,0.244 
   233  2:neutral  2:neutral       0.203,*0.486,0.311 
   234  2:neutral  2:neutral       0.053,*0.638,0.309 
   235  2:neutral  2:neutral       0.271,*0.611,0.118 
   236  2:neutral  2:neutral       0.096,*0.483,0.421 
   237  2:neutral 3:positive   +   0.056,0.304,*0.641 
   238  2:neutral  2:neutral       0.184,*0.671,0.145 
   239  2:neutral  2:neutral       0.122,*0.511,0.367 
   240  2:neutral  2:neutral       0.097,*0.616,0.287 
   241  2:neutral 1:negative   +   *0.406,0.292,0.302 
   242  2:neutral  2:neutral       0.053,*0.509,0.438 
   243  2:neutral 3:positive   +   0.026,0.354,*0.62 
   244  2:neutral  2:neutral       0.052,*0.776,0.171 
   245  2:neutral  2:neutral       0.186,*0.666,0.147 
   246  2:neutral 3:positive   +   0.013,0.371,*0.615 
   247  2:neutral  2:neutral       0.008,*0.958,0.034 
   248  2:neutral 3:positive   +   0.08,0.416,*0.504 
   249  2:neutral 3:positive   +   0.215,0.344,*0.441 
   250  2:neutral  2:neutral       0.034,*0.775,0.191 
   251  2:neutral  2:neutral       0.082,*0.537,0.381 
   252  2:neutral 3:positive   +   0.029,0.263,*0.709 
   253  2:neutral  2:neutral       0.121,*0.626,0.253 
   254  2:neutral  2:neutral       0.086,*0.756,0.158 
   255  2:neutral  2:neutral       0.031,*0.621,0.348 
   256  2:neutral  2:neutral       0.047,*0.572,0.381 
   257  2:neutral  2:neutral       0.088,*0.652,0.26 
   258  2:neutral  2:neutral       0.111,*0.819,0.07 
   259  2:neutral  2:neutral       0.146,*0.531,0.323 
   260  2:neutral  2:neutral       0.078,*0.801,0.12 
   261  2:neutral 3:positive   +   0.037,0.467,*0.496 
   262  2:neutral  2:neutral       0.06,*0.785,0.156 
   263  2:neutral  2:neutral       0.066,*0.523,0.411 
   264  2:neutral  2:neutral       0.043,*0.846,0.111 
   265  2:neutral  2:neutral       0.123,*0.624,0.253 
   266  2:neutral  2:neutral       0.037,*0.842,0.121 
   267  2:neutral 3:positive   +   0.21,0.276,*0.514 
   268  2:neutral  2:neutral       0.127,*0.72,0.153 
   269  2:neutral  2:neutral       0.292,*0.435,0.273 
   270  2:neutral 3:positive   +   0.125,0.376,*0.5 
   271  2:neutral  2:neutral       0.301,*0.392,0.307 
   272  2:neutral  2:neutral       0.13,*0.511,0.359 
   273  2:neutral  2:neutral       0.24,*0.588,0.172 
   274  2:neutral  2:neutral       0.064,*0.545,0.392 
   275  2:neutral 1:negative   +   *0.471,0.121,0.408 
   276  2:neutral  2:neutral       0.04,*0.755,0.205 
   277  2:neutral 3:positive   +   0.019,0.467,*0.514 
   278  2:neutral  2:neutral       0.017,*0.537,0.446 
   279  2:neutral 3:positive   +   0.205,0.327,*0.467 
   280  2:neutral  2:neutral       0.021,*0.565,0.414 
   281  2:neutral 3:positive   +   0.041,0.458,*0.501 
   282  2:neutral  2:neutral       0.052,*0.887,0.062 
   283  2:neutral 3:positive   +   0.269,0.337,*0.394 
   284  2:neutral 3:positive   +   0.048,0.348,*0.603 
   285  2:neutral  2:neutral       0.021,*0.816,0.163 
   286  2:neutral  2:neutral       0.04,*0.523,0.438 
   287  2:neutral  2:neutral       0.05,*0.832,0.118 
   288  2:neutral  2:neutral       0.15,*0.703,0.147 
   289  2:neutral  2:neutral       0.079,*0.755,0.167 
   290  2:neutral  2:neutral       0.008,*0.576,0.416 
   291  2:neutral  2:neutral       0.131,*0.573,0.296 
   292  2:neutral 1:negative   +   *0.748,0.126,0.126 
   293  2:neutral  2:neutral       0.063,*0.518,0.419 
   294  2:neutral 3:positive   +   0.074,0.365,*0.56 
   295  2:neutral  2:neutral       0.102,*0.86,0.037 
   296  2:neutral  2:neutral       0.071,*0.693,0.236 
   297  2:neutral 3:positive   +   0.213,0.267,*0.52 
   298  2:neutral  2:neutral       0.024,*0.671,0.305 
   299  2:neutral  2:neutral       0.162,*0.54,0.298 
   300  2:neutral  2:neutral       0.146,*0.682,0.172 
   301  2:neutral  2:neutral       0.063,*0.646,0.291 
   302  2:neutral  2:neutral       0.109,*0.72,0.171 
   303  2:neutral 3:positive   +   0.052,0.207,*0.741 
   304  2:neutral  2:neutral       0.19,*0.491,0.319 
   305  2:neutral  2:neutral       0.029,*0.878,0.094 
   306  2:neutral  2:neutral       0.046,*0.635,0.319 
   307  2:neutral  2:neutral       0.035,*0.794,0.171 
   308  2:neutral  2:neutral       0.127,*0.836,0.037 
   309  2:neutral 3:positive   +   0.026,0.124,*0.85 
   310  2:neutral  2:neutral       0.139,*0.829,0.031 
   311  2:neutral  2:neutral       0.173,*0.498,0.328 
   312  2:neutral  2:neutral       0.106,*0.73,0.164 
   313  2:neutral  2:neutral       0.063,*0.544,0.393 
   314  2:neutral  2:neutral       0.142,*0.679,0.179 
   315  2:neutral 3:positive   +   0.035,0.448,*0.517 
   316  2:neutral 3:positive   +   0.041,0.298,*0.66 
   317  2:neutral  2:neutral       0.112,*0.76,0.128 
   318  2:neutral  2:neutral       0.095,*0.78,0.125 
   319  2:neutral 3:positive   +   0.137,0.401,*0.462 
   320  2:neutral  2:neutral       0.132,*0.648,0.22 
   321  2:neutral  2:neutral       0.104,*0.732,0.164 
   322  2:neutral  2:neutral       0.067,*0.766,0.167 
   323  2:neutral  2:neutral       0.092,*0.663,0.245 
   324  2:neutral  2:neutral       0.061,*0.781,0.159 
   325  2:neutral  2:neutral       0.056,*0.739,0.205 
   326  2:neutral  2:neutral       0.09,*0.677,0.233 
   327  2:neutral 1:negative   +   *0.984,0.007,0.009 
   328  2:neutral 1:negative   +   *0.711,0.258,0.031 
   329  2:neutral  2:neutral       0.414,*0.438,0.147 
   330  2:neutral  2:neutral       0.057,*0.845,0.098 
   331  2:neutral  2:neutral       0.098,*0.564,0.338 
   332  2:neutral  2:neutral       0.076,*0.744,0.18 
   333  2:neutral  2:neutral       0.024,*0.801,0.174 
   334  2:neutral 1:negative   +   *0.608,0.231,0.161 
   335  2:neutral 3:positive   +   0.029,0.389,*0.582 
   336  2:neutral  2:neutral       0.093,*0.517,0.39 
   337  2:neutral  2:neutral       0.064,*0.64,0.296 
   338  2:neutral  2:neutral       0.093,*0.456,0.451 
   339  2:neutral  2:neutral       0.059,*0.775,0.166 
   340  2:neutral  2:neutral       0.299,*0.446,0.255 
   341  2:neutral  2:neutral       0.042,*0.555,0.402 
   342  2:neutral 3:positive   +   0.099,0.165,*0.736 
   343  2:neutral  2:neutral       0.204,*0.602,0.194 
   344  2:neutral  2:neutral       0.017,*0.799,0.184 
   345  2:neutral  2:neutral       0.02,*0.828,0.152 
   346  2:neutral  2:neutral       0.086,*0.698,0.215 
   347  2:neutral  2:neutral       0.088,*0.652,0.26 
   348  2:neutral  2:neutral       0.27,*0.45,0.28 
   349  2:neutral  2:neutral       0.17,*0.565,0.265 
   350  2:neutral  2:neutral       0.035,*0.81,0.155 
   351  2:neutral  2:neutral       0.072,*0.618,0.31 
   352  2:neutral  2:neutral       0.018,*0.796,0.186 
   353  2:neutral  2:neutral       0.179,*0.703,0.118 
   354  2:neutral 1:negative   +   *0.795,0.082,0.123 
