Zero Weights processed. Default weights will be used
..
Warning: using -h 0 may be faster
*
optimization finished, #iter = 2610
C = 1691.998295585108
obj = 869661.5491824467, rho = -36.327757549436086
nSV = 2307, nBSV = 637
Total nSV = 2307
..
Warning: using -h 0 may be faster
*
optimization finished, #iter = 2727
C = 1727.9213783700525
obj = 909578.9620240862, rho = -33.894496880347795
nSV = 2342, nBSV = 593
Total nSV = 2342
..
Warning: using -h 0 may be faster
*
optimization finished, #iter = 2746
C = 1713.415628900534
obj = 891603.4006841405, rho = -20.816945166888974
nSV = 2374, nBSV = 615
Total nSV = 2374
..
Warning: using -h 0 may be faster
*
optimization finished, #iter = 2749
C = 1570.4148935460728
obj = 811651.1198835442, rho = -40.48014884563136
nSV = 2331, nBSV = 632
Total nSV = 2331
..
Warning: using -h 0 may be faster
*
optimization finished, #iter = 2749
C = 1649.9283937942075
obj = 858416.5856285227, rho = -49.71611688202999
nSV = 2364, nBSV = 621
Total nSV = 2364
...
Warning: using -h 0 may be faster
*
optimization finished, #iter = 3117
C = 1759.987898604332
obj = 1118923.6301230448, rho = -41.222173920103
nSV = 2765, nBSV = 854
...
Warning: using -h 0 may be faster
*
optimization finished, #iter = 3903
C = 3852.0627895780935
obj = 3662659.264334763, rho = -160.39162164501812
nSV = 3716, nBSV = 964
Total nSV = 3716
....
Warning: using -h 0 may be faster
*
optimization finished, #iter = 4273
C = 4067.1800093508286
obj = 3879032.6305163726, rho = -163.36049252908035
nSV = 3829, nBSV = 950
Total nSV = 3829
....
Warning: using -h 0 may be faster
*
optimization finished, #iter = 4006
C = 3971.983150790131
obj = 3779050.6266896366, rho = -172.49824267845716
nSV = 3796, nBSV = 956
Total nSV = 3796
....
Warning: using -h 0 may be faster
*
optimization finished, #iter = 4220
C = 4043.4468602337574
obj = 3766130.144927464, rho = -124.87506382489894
nSV = 3869, nBSV = 927
Total nSV = 3869
....
Warning: using -h 0 may be faster
*
optimization finished, #iter = 4300
C = 4020.1858970384933
obj = 3727967.776438445, rho = -169.7541854493602
nSV = 3834, nBSV = 924
Total nSV = 3834
.....
Warning: using -h 0 may be faster
*
optimization finished, #iter = 5392
C = 4359.47475846782
obj = 4871209.043090617, rho = -35.084526235364415
nSV = 4614, nBSV = 1231
...
Warning: using -h 0 may be faster
*
optimization finished, #iter = 3037
C = 1768.1212149923326
obj = 1055861.2397467357, rho = -56.5591765912164
nSV = 2693, nBSV = 737
Total nSV = 2693
..
Warning: using -h 0 may be faster
*
optimization finished, #iter = 2775
C = 1828.2745707481038
obj = 1079686.9039717538, rho = -18.547152466408633
nSV = 2663, nBSV = 773
Total nSV = 2663
..
Warning: using -h 0 may be faster
*
optimization finished, #iter = 2875
C = 1854.2368289938406
obj = 1105199.9525424656, rho = -0.05048499560972193
nSV = 2673, nBSV = 723
Total nSV = 2673
..
Warning: using -h 0 may be faster
*
optimization finished, #iter = 2983
C = 1756.3781496344054
obj = 1058098.632425784, rho = -14.150922015622198
nSV = 2694, nBSV = 734
Total nSV = 2694
..
Warning: using -h 0 may be faster
*
optimization finished, #iter = 2977
C = 1723.8622228704305
obj = 1007993.1760055365, rho = 1.8508827917031931
nSV = 2643, nBSV = 737
Total nSV = 2643
...
Warning: using -h 0 may be faster
*
optimization finished, #iter = 3437
C = 1878.1537630675462
obj = 1327196.9869084589, rho = -10.087197712461998
nSV = 3216, nBSV = 1013
Total nSV = 7493
..
Warning: using -h 0 may be faster
*
optimization finished, #iter = 2062
C = 1575.1234894171384
obj = 679132.8671569563, rho = -27.937548813163996
nSV = 1925, nBSV = 466
Total nSV = 1925
..
Warning: using -h 0 may be faster
*
optimization finished, #iter = 2208
C = 1561.3671250137497
obj = 670865.736282763, rho = -33.81587894533074
nSV = 1919, nBSV = 484
Total nSV = 1919
..
Warning: using -h 0 may be faster
*
optimization finished, #iter = 2176
C = 1582.5597076046572
obj = 695387.0886965917, rho = -19.23368764826957
nSV = 1936, nBSV = 445
Total nSV = 1936
..
Warning: using -h 0 may be faster
*
optimization finished, #iter = 2119
C = 1572.3601022394894
obj = 684504.8794420194, rho = -19.374666523079927
nSV = 1912, nBSV = 487
Total nSV = 1912
..
Warning: using -h 0 may be faster
*
optimization finished, #iter = 2054
C = 1582.1680932188106
obj = 691428.6848825685, rho = -31.993382667277185
nSV = 1897, nBSV = 488
Total nSV = 1897
..
Warning: using -h 0 may be faster
*
optimization finished, #iter = 2569
C = 1634.8902387283702
obj = 845533.884974437, rho = -34.42957989252451
nSV = 2314, nBSV = 633
...
Warning: using -h 0 may be faster
*
optimization finished, #iter = 3355
C = 3530.126293642815
obj = 2714140.2916925047, rho = -156.44994018945616
nSV = 3165, nBSV = 718
Total nSV = 3165
...
Warning: using -h 0 may be faster
*
optimization finished, #iter = 3556
C = 3433.840922280229
obj = 2600748.36061683, rho = -32.64517802511172
nSV = 3170, nBSV = 683
Total nSV = 3170
...
Warning: using -h 0 may be faster
*
optimization finished, #iter = 3435
C = 3261.990695941136
obj = 2489646.308600738, rho = -28.00598049156231
nSV = 3188, nBSV = 682
Total nSV = 3188
...
Warning: using -h 0 may be faster
*
optimization finished, #iter = 3485
C = 3561.1199843935897
obj = 2757700.2396348226, rho = -42.81232739915114
nSV = 3174, nBSV = 670
Total nSV = 3174
...
Warning: using -h 0 may be faster
*
optimization finished, #iter = 3353
C = 3330.244082306387
obj = 2492110.133066361, rho = -7.930780021217314
nSV = 3165, nBSV = 704
Total nSV = 3165
Line search fails in two-class probability estimates
....
Warning: using -h 0 may be faster
*
optimization finished, #iter = 4168
C = 3815.7888598559553
obj = 3438138.7335027116, rho = -7.888999188289324
nSV = 3794, nBSV = 941
..
Warning: using -h 0 may be faster
*
optimization finished, #iter = 2350
C = 1601.8465571890029
obj = 806398.752448397, rho = -67.45465233202951
nSV = 2175, nBSV = 558
Total nSV = 2175
..
Warning: using -h 0 may be faster
*
optimization finished, #iter = 2377
C = 1663.45783582823
obj = 815863.676661273, rho = -84.18626920862343
nSV = 2217, nBSV = 564
Total nSV = 2217
..
Warning: using -h 0 may be faster
*
optimization finished, #iter = 2579
C = 1690.203269261424
obj = 844527.5313770375, rho = -75.63912049548478
nSV = 2251, nBSV = 527
Total nSV = 2251
..
Warning: using -h 0 may be faster
*
optimization finished, #iter = 2450
C = 1674.1205473689604
obj = 839162.2772188365, rho = -59.55395371921355
nSV = 2247, nBSV = 538
Total nSV = 2247
..
Warning: using -h 0 may be faster
*
optimization finished, #iter = 2343
C = 1596.0551762418816
obj = 800036.7514760579, rho = -74.1905031204664
nSV = 2156, nBSV = 566
Total nSV = 2156
..
Warning: using -h 0 may be faster
*
optimization finished, #iter = 2991
C = 1705.5475529775329
obj = 992878.94635121, rho = 0.8433519274707579
nSV = 2701, nBSV = 768
Total nSV = 6095
..
Warning: using -h 0 may be faster
*
optimization finished, #iter = 2112
C = 1515.5906852623482
obj = 648605.2287573359, rho = -27.627126793250238
nSV = 1889, nBSV = 484
Total nSV = 1889
..
Warning: using -h 0 may be faster
*
optimization finished, #iter = 2128
C = 1606.1033801967844
obj = 692153.3190261087, rho = -15.264856922541854
nSV = 1919, nBSV = 481
Total nSV = 1919
..
Warning: using -h 0 may be faster
*
optimization finished, #iter = 2225
C = 1737.2866486741548
obj = 757183.7968178877, rho = -17.196771006443985
nSV = 1966, nBSV = 463
Total nSV = 1966
..
Warning: using -h 0 may be faster
*
optimization finished, #iter = 2058
C = 1573.473643168104
obj = 691076.3504874737, rho = -15.277724726126246
nSV = 1905, nBSV = 480
Total nSV = 1905
..
Warning: using -h 0 may be faster
*
optimization finished, #iter = 2005
C = 1661.4167448535184
obj = 715649.9745296454, rho = -16.734421989832587
nSV = 1918, nBSV = 477
Total nSV = 1918
..
Warning: using -h 0 may be faster
*
optimization finished, #iter = 2568
C = 1727.3575804009884
obj = 910625.6273593019, rho = -21.73976609032875
nSV = 2300, nBSV = 656
...
Warning: using -h 0 may be faster
*
optimization finished, #iter = 3425
C = 3513.4898091493214
obj = 2698658.9356966377, rho = -44.73211317939364
nSV = 3156, nBSV = 696
Total nSV = 3156
...
Warning: using -h 0 may be faster
*
optimization finished, #iter = 3343
C = 3527.856527499346
obj = 2732564.73599131, rho = -46.857318609388145
nSV = 3147, nBSV = 674
Total nSV = 3147
...
Warning: using -h 0 may be faster
*
optimization finished, #iter = 3391
C = 3459.752098041995
obj = 2625854.1418191134, rho = -39.13860407704141
nSV = 3142, nBSV = 704
Total nSV = 3142
...
Warning: using -h 0 may be faster
*
optimization finished, #iter = 3616
C = 3479.358539730324
obj = 2613299.2576783677, rho = -18.53663647116497
nSV = 3157, nBSV = 686
Total nSV = 3157
...
Warning: using -h 0 may be faster
*
optimization finished, #iter = 3424
C = 3429.4295627408096
obj = 2594305.437539088, rho = -41.711248703075135
nSV = 3196, nBSV = 686
Total nSV = 3196
...
Warning: using -h 0 may be faster
*
optimization finished, #iter = 3904
C = 3778.2940773825353
obj = 3500108.846628121, rho = -74.20590255908691
nSV = 3760, nBSV = 942
..
Warning: using -h 0 may be faster
*
optimization finished, #iter = 2577
C = 1688.8392623613197
obj = 832174.2401243112, rho = -73.2828242235319
nSV = 2280, nBSV = 546
Total nSV = 2280
..
Warning: using -h 0 may be faster
*
optimization finished, #iter = 2323
C = 1611.2702426891651
obj = 787870.8607605675, rho = -22.022481230022787
nSV = 2189, nBSV = 563
Total nSV = 2189
..
Warning: using -h 0 may be faster
*
optimization finished, #iter = 2619
C = 1633.508372979977
obj = 777539.8546286431, rho = -14.03318179348714
nSV = 2236, nBSV = 555
Total nSV = 2236
..
Warning: using -h 0 may be faster
*
optimization finished, #iter = 2339
C = 1681.211583079718
obj = 831649.4258901199, rho = -26.57008993788425
nSV = 2201, nBSV = 552
Total nSV = 2201
..
Warning: using -h 0 may be faster
*
optimization finished, #iter = 2305
C = 1613.0469468539754
obj = 783878.2873797233, rho = -11.743897297083366
nSV = 2193, nBSV = 557
Total nSV = 2193
..
Warning: using -h 0 may be faster
*
optimization finished, #iter = 2828
C = 1741.8768398084796
obj = 1009549.985733345, rho = -18.10930476935259
nSV = 2653, nBSV = 768
Total nSV = 6069
...
Warning: using -h 0 may be faster
*
optimization finished, #iter = 3594
C = 3447.931075451638
obj = 2603709.1775868014, rho = -6.611044207521242
nSV = 3231, nBSV = 675
Total nSV = 3231
...
Warning: using -h 0 may be faster
*
optimization finished, #iter = 3349
C = 3485.781334849046
obj = 2701363.244313599, rho = -161.97019230623044
nSV = 3181, nBSV = 710
Total nSV = 3181
...
Warning: using -h 0 may be faster
*
optimization finished, #iter = 3259
C = 3403.9779442426134
obj = 2630128.9349471205, rho = -130.08138478490574
nSV = 3140, nBSV = 706
Total nSV = 3140
...
Warning: using -h 0 may be faster
*
optimization finished, #iter = 3595
C = 3598.977220418763
obj = 2700390.8587520914, rho = -128.41263576802487
nSV = 3186, nBSV = 680
Total nSV = 3186
...
Warning: using -h 0 may be faster
*
optimization finished, #iter = 3588
C = 3740.733952915455
obj = 2939241.5123264785, rho = -183.3435229124837
nSV = 3254, nBSV = 674
Total nSV = 3254
....
Warning: using -h 0 may be faster
*
optimization finished, #iter = 4119
C = 3865.4311173434903
obj = 3669515.303682057, rho = -182.298089271207
nSV = 3846, nBSV = 936
..
Warning: using -h 0 may be faster
*
optimization finished, #iter = 2524
C = 1759.25566122907
obj = 870873.184818131, rho = -74.34937092317332
nSV = 2256, nBSV = 532
Total nSV = 2256
..
Warning: using -h 0 may be faster
*
optimization finished, #iter = 2400
C = 1727.9662339821439
obj = 860697.7729840517, rho = -1.6704383692426277
nSV = 2239, nBSV = 541
Total nSV = 2239
..
Warning: using -h 0 may be faster
*
optimization finished, #iter = 2486
C = 1632.9391009128528
obj = 778780.560471192, rho = 10.342831971827614
nSV = 2221, nBSV = 540
Total nSV = 2221
..
Warning: using -h 0 may be faster
*
optimization finished, #iter = 2426
C = 1777.4639794551217
obj = 883180.3634209558, rho = 8.064281099671243
nSV = 2219, nBSV = 561
Total nSV = 2219
..
Warning: using -h 0 may be faster
*
optimization finished, #iter = 2466
C = 1737.6034567725394
obj = 858193.5314501666, rho = 5.886500311847153
nSV = 2226, nBSV = 537
Total nSV = 2226
..
Warning: using -h 0 may be faster
*
optimization finished, #iter = 2894
C = 1836.1846116167028
obj = 1095901.1032900335, rho = -81.61240135282598
nSV = 2717, nBSV = 746
..
Warning: using -h 0 may be faster
*
optimization finished, #iter = 2197
C = 1604.853997088604
obj = 703356.2403449507, rho = -41.89986147856739
nSV = 1967, nBSV = 455
Total nSV = 1967
..
Warning: using -h 0 may be faster
*
optimization finished, #iter = 2210
C = 1565.0470027476624
obj = 687059.6938685188, rho = -36.83979668118285
nSV = 1931, nBSV = 465
Total nSV = 1931
..
Warning: using -h 0 may be faster
*
optimization finished, #iter = 2054
C = 1536.0337322217138
obj = 685845.0113287424, rho = -44.18036548756644
nSV = 1891, nBSV = 472
Total nSV = 1891
..
Warning: using -h 0 may be faster
*
optimization finished, #iter = 2207
C = 1563.9641246296737
obj = 660846.4062910429, rho = -29.66054897026614
nSV = 1933, nBSV = 484
Total nSV = 1933
..
Warning: using -h 0 may be faster
*
optimization finished, #iter = 2167
C = 1559.3508959347496
obj = 679100.8292640958, rho = -27.098862470158625
nSV = 1924, nBSV = 466
Total nSV = 1924
..
Warning: using -h 0 may be faster
*
optimization finished, #iter = 2588
C = 1621.2672176615472
obj = 844723.1403686105, rho = -42.383008198844834
nSV = 2347, nBSV = 637
Total nSV = 6184
..
Warning: using -h 0 may be faster
*
optimization finished, #iter = 2233
C = 1631.2039586061655
obj = 730560.1375209988, rho = -35.594746736998545
nSV = 1947, nBSV = 443
Total nSV = 1947
..
Warning: using -h 0 may be faster
*
optimization finished, #iter = 2125
C = 1602.1114693705279
obj = 718705.7768364926, rho = -9.87507782456737
nSV = 1952, nBSV = 445
Total nSV = 1952
..
Warning: using -h 0 may be faster
*
optimization finished, #iter = 2144
C = 1671.4567865280037
obj = 733043.3389639322, rho = -36.43132482552688
nSV = 1964, nBSV = 456
Total nSV = 1964
..
Warning: using -h 0 may be faster
*
optimization finished, #iter = 2050
C = 1589.9504448058613
obj = 711205.5468615982, rho = -22.619240479413445
nSV = 1943, nBSV = 451
Total nSV = 1943
..
Warning: using -h 0 may be faster
*
optimization finished, #iter = 2102
C = 1652.0235960303542
obj = 737855.9717392139, rho = -17.67722177723129
nSV = 1927, nBSV = 434
Total nSV = 1927
..
Warning: using -h 0 may be faster
*
optimization finished, #iter = 2695
C = 1740.3251185808579
obj = 933212.6722659122, rho = -42.02237423268098
nSV = 2329, nBSV = 605
..
Warning: using -h 0 may be faster
*
optimization finished, #iter = 2534
C = 1757.247391320699
obj = 870813.8318444658, rho = -67.49008604547613
nSV = 2269, nBSV = 536
Total nSV = 2269
..
Warning: using -h 0 may be faster
*
optimization finished, #iter = 2485
C = 1660.154000002827
obj = 832623.2141862285, rho = -47.2784631664239
nSV = 2229, nBSV = 543
Total nSV = 2229
..
Warning: using -h 0 may be faster
*
optimization finished, #iter = 2377
C = 1737.5907324077148
obj = 862009.454623166, rho = -36.139471434676295
nSV = 2223, nBSV = 549
Total nSV = 2223
..
Warning: using -h 0 may be faster
*
optimization finished, #iter = 2329
C = 1602.9159446258116
obj = 795418.05322357, rho = -48.41105061477496
nSV = 2223, nBSV = 552
Total nSV = 2223
..
Warning: using -h 0 may be faster
*
optimization finished, #iter = 2384
C = 1683.7226164654917
obj = 837245.0667696914, rho = -45.815238139252244
nSV = 2234, nBSV = 557
Total nSV = 2234
...
Warning: using -h 0 may be faster
*
optimization finished, #iter = 3017
C = 1780.8853706720615
obj = 1035344.9231044031, rho = -15.162433971659992
nSV = 2695, nBSV = 752
...
Warning: using -h 0 may be faster
*
optimization finished, #iter = 3385
C = 3321.1667123120624
obj = 2433042.0839724117, rho = -2.347740036269873
nSV = 3170, nBSV = 724
Total nSV = 3170
...
Warning: using -h 0 may be faster
*
optimization finished, #iter = 3424
C = 3353.365281903865
obj = 2572940.6392500727, rho = -119.25057094244976
nSV = 3209, nBSV = 682
Total nSV = 3209
...
Warning: using -h 0 may be faster
*
optimization finished, #iter = 3237
C = 3243.4227030097945
obj = 2412272.230344809, rho = -138.18073545345032
nSV = 3104, nBSV = 735
Total nSV = 3104
...
Warning: using -h 0 may be faster
*
optimization finished, #iter = 3419
C = 3440.3371050644987
obj = 2630194.753109653, rho = -124.85019239644683
nSV = 3149, nBSV = 720
Total nSV = 3149
...
Warning: using -h 0 may be faster
*
optimization finished, #iter = 3304
C = 3468.005858688863
obj = 2619458.6931151426, rho = -124.6980875806721
nSV = 3158, nBSV = 715
Total nSV = 3158
....
Warning: using -h 0 may be faster
*
optimization finished, #iter = 4199
C = 3726.1034401824145
obj = 3379888.6550565157, rho = -25.806077472231586
nSV = 3809, nBSV = 952
Total nSV = 6137
..
Warning: using -h 0 may be faster
*
optimization finished, #iter = 2376
C = 1598.5654621441442
obj = 786986.4153021054, rho = -51.85640176204499
nSV = 2192, nBSV = 572
Total nSV = 2192
..
Warning: using -h 0 may be faster
*
optimization finished, #iter = 2397
C = 1740.7735686206515
obj = 855591.232477942, rho = -46.438277542617286
nSV = 2216, nBSV = 554
Total nSV = 2216
..
Warning: using -h 0 may be faster
*
optimization finished, #iter = 2494
C = 1661.6618613945482
obj = 807799.1215463988, rho = -63.60415599147939
nSV = 2213, nBSV = 537
Total nSV = 2213
..
Warning: using -h 0 may be faster
*
optimization finished, #iter = 2320
C = 1633.694055009172
obj = 789457.398913153, rho = -40.31614966861144
nSV = 2195, nBSV = 575
Total nSV = 2195
..
Warning: using -h 0 may be faster
*
optimization finished, #iter = 2467
C = 1581.129627976051
obj = 756465.9217206098, rho = -49.394204025496116
nSV = 2224, nBSV = 566
Total nSV = 2224
..
Warning: using -h 0 may be faster
*
optimization finished, #iter = 2873
C = 1675.028353740477
obj = 951386.1345271545, rho = -19.07903753836423
nSV = 2641, nBSV = 755
..
Warning: using -h 0 may be faster
*
optimization finished, #iter = 2175
C = 1662.792061260149
obj = 734413.5351340212, rho = -27.018281338263574
nSV = 1930, nBSV = 464
Total nSV = 1930
..
Warning: using -h 0 may be faster
*
optimization finished, #iter = 2171
C = 1587.650675398265
obj = 684799.6537719627, rho = -44.22069899366309
nSV = 1916, nBSV = 488
Total nSV = 1916
..
Warning: using -h 0 may be faster
*
optimization finished, #iter = 2187
C = 1605.2004353310035
obj = 699101.4306389715, rho = -30.959119719286743
nSV = 1932, nBSV = 457
Total nSV = 1932
..
Warning: using -h 0 may be faster
*
optimization finished, #iter = 2057
C = 1583.9906644684377
obj = 688233.8874615141, rho = -30.920802888769146
nSV = 1906, nBSV = 482
Total nSV = 1906
..
Warning: using -h 0 may be faster
*
optimization finished, #iter = 2159
C = 1572.586251327113
obj = 681619.7747690484, rho = -45.02179220085004
nSV = 1914, nBSV = 474
Total nSV = 1914
..
Warning: using -h 0 may be faster
*
optimization finished, #iter = 2554
C = 1657.2685811244241
obj = 851268.373881473, rho = -28.923737903743277
nSV = 2311, nBSV = 635
...
Warning: using -h 0 may be faster
*
optimization finished, #iter = 3298
C = 3552.024329341434
obj = 2699445.688636052, rho = -45.723944409577214
nSV = 3101, nBSV = 701
Total nSV = 3101
...
Warning: using -h 0 may be faster
*
optimization finished, #iter = 3217
C = 3454.1631320392576
obj = 2689745.242303698, rho = -36.66560515415438
nSV = 3120, nBSV = 708
Total nSV = 3120
...
Warning: using -h 0 may be faster
*
optimization finished, #iter = 3343
C = 3443.533337312792
obj = 2545095.5053163427, rho = -40.787467723632325
nSV = 3153, nBSV = 706
Total nSV = 3153
...
Warning: using -h 0 may be faster
*
optimization finished, #iter = 3393
C = 3388.566128102381
obj = 2514366.5437805536, rho = -45.59644240048736
nSV = 3173, nBSV = 701
Total nSV = 3173
...
Warning: using -h 0 may be faster
*
optimization finished, #iter = 3314
C = 3547.391557974111
obj = 2716779.843088024, rho = -83.36075556214784
nSV = 3128, nBSV = 685
Total nSV = 3128
....
Warning: using -h 0 may be faster
*
optimization finished, #iter = 4059
C = 3893.075928621316
obj = 3647036.2366522527, rho = -137.59935250841207
nSV = 3833, nBSV = 945
Total nSV = 6096


=== Predictions under cross-validation ===

 inst#     actual  predicted error distribution
     1  2:neutral  2:neutral       0.316,*0.45,0.233 
     2  2:neutral  2:neutral       0.021,*0.824,0.156 
     3  2:neutral 3:positive   +   0.283,0.179,*0.538 
     4  2:neutral  2:neutral       0.141,*0.519,0.34 
     5  2:neutral  2:neutral       0.057,*0.587,0.356 
     6  2:neutral 1:negative   +   *0.644,0.292,0.064 
     7  2:neutral  2:neutral       0.039,*0.565,0.396 
     8  2:neutral  2:neutral       0.055,*0.847,0.098 
     9  2:neutral  2:neutral       0.125,*0.481,0.394 
    10  2:neutral 1:negative   +   *0.517,0.311,0.172 
    11  2:neutral 3:positive   +   0.031,0.371,*0.598 
    12  2:neutral  2:neutral       0.071,*0.74,0.189 
    13  2:neutral  2:neutral       0.07,*0.476,0.454 
    14  2:neutral  2:neutral       0.049,*0.675,0.276 
    15  2:neutral  2:neutral       0.157,*0.559,0.284 
    16  2:neutral  2:neutral       0.034,*0.587,0.38 
    17  2:neutral  2:neutral       0.194,*0.446,0.36 
    18  2:neutral  2:neutral       0.251,*0.381,0.369 
    19  2:neutral  2:neutral       0.129,*0.716,0.155 
    20  2:neutral  2:neutral       0.023,*0.912,0.064 
    21  2:neutral  2:neutral       0.186,*0.428,0.385 
    22  2:neutral 3:positive   +   0.132,0.391,*0.477 
    23  2:neutral  2:neutral       0.099,*0.589,0.312 
    24  2:neutral  2:neutral       0.067,*0.543,0.389 
    25  2:neutral  2:neutral       0.101,*0.576,0.324 
    26  2:neutral  2:neutral       0.291,*0.487,0.222 
    27  2:neutral 3:positive   +   0.059,0.464,*0.477 
    28  2:neutral 3:positive   +   0.175,0.383,*0.442 
    29  2:neutral  2:neutral       0.048,*0.577,0.375 
    30  2:neutral 3:positive   +   0.046,0.456,*0.498 
    31  2:neutral  2:neutral       0.335,*0.438,0.227 
    32  2:neutral 1:negative   +   *0.92,0.03,0.051 
    33  2:neutral  2:neutral       0.027,*0.764,0.209 
    34  2:neutral  2:neutral       0.11,*0.666,0.224 
    35  2:neutral  2:neutral       0.172,*0.624,0.204 
    36  2:neutral  2:neutral       0.009,*0.908,0.084 
    37  2:neutral  2:neutral       0.175,*0.604,0.221 
    38  2:neutral  2:neutral       0.103,*0.718,0.179 
    39  2:neutral  2:neutral       0.08,*0.684,0.235 
    40  2:neutral  2:neutral       0.055,*0.518,0.426 
    41  2:neutral  2:neutral       0.108,*0.587,0.306 
    42  2:neutral  2:neutral       0.013,*0.74,0.247 
    43  2:neutral 1:negative   +   *0.582,0.075,0.343 
    44  2:neutral  2:neutral       0.095,*0.493,0.412 
    45  2:neutral  2:neutral       0.053,*0.838,0.109 
    46  2:neutral  2:neutral       0.02,*0.592,0.388 
    47  2:neutral  2:neutral       0.084,*0.479,0.437 
    48  2:neutral 3:positive   +   0.037,0.18,*0.783 
    49  2:neutral  2:neutral       0.07,*0.737,0.193 
    50  2:neutral  2:neutral       0.175,*0.576,0.249 
    51  2:neutral  2:neutral       0.13,*0.733,0.137 
    52  2:neutral  2:neutral       0.165,*0.59,0.245 
    53  2:neutral  2:neutral       0.143,*0.545,0.312 
    54  2:neutral  2:neutral       0.074,*0.554,0.373 
    55  2:neutral 3:positive   +   0.077,0.31,*0.613 
    56  2:neutral  2:neutral       0.077,*0.797,0.126 
    57  2:neutral  2:neutral       0.12,*0.624,0.256 
    58  2:neutral  2:neutral       0.081,*0.468,0.452 
    59  2:neutral  2:neutral       0.13,*0.487,0.383 
    60  2:neutral  2:neutral       0.058,*0.547,0.395 
    61  2:neutral  2:neutral       0.222,*0.628,0.15 
    62  2:neutral  2:neutral       0.176,*0.47,0.354 
    63  2:neutral  2:neutral       0.046,*0.702,0.252 
    64  2:neutral  2:neutral       0.053,*0.657,0.29 
    65  2:neutral  2:neutral       0.375,*0.438,0.188 
    66  2:neutral 3:positive   +   0.13,0.176,*0.694 
    67  2:neutral  2:neutral       0.16,*0.623,0.216 
    68  2:neutral  2:neutral       0.183,*0.567,0.25 
    69  2:neutral 3:positive   +   0.091,0.335,*0.574 
    70  2:neutral  2:neutral       0.088,*0.473,0.439 
    71  2:neutral  2:neutral       0.104,*0.802,0.093 
    72  2:neutral 3:positive   +   0.066,0.25,*0.685 
    73  2:neutral 3:positive   +   0.12,0.315,*0.565 
    74  2:neutral 3:positive   +   0.091,0.319,*0.591 
    75  2:neutral  2:neutral       0.074,*0.652,0.273 
    76  2:neutral  2:neutral       0.251,*0.512,0.238 
    77  2:neutral 3:positive   +   0.053,0.458,*0.489 
    78  2:neutral  2:neutral       0.068,*0.609,0.323 
    79  2:neutral 1:negative   +   *0.541,0.346,0.113 
    80  2:neutral  2:neutral       0.066,*0.848,0.085 
    81  2:neutral 1:negative   +   *0.544,0.223,0.232 
    82  2:neutral  2:neutral       0.092,*0.845,0.063 
    83  2:neutral 1:negative   +   *0.534,0.144,0.322 
    84  2:neutral 3:positive   +   0.027,0.295,*0.678 
    85  2:neutral 1:negative   +   *0.569,0.328,0.103 
    86  2:neutral  2:neutral       0.062,*0.733,0.205 
    87  2:neutral 3:positive   +   0.021,0.368,*0.612 
    88  2:neutral 3:positive   +   0.057,0.342,*0.6 
    89  2:neutral 3:positive   +   0.316,0.196,*0.488 
    90  2:neutral  2:neutral       0.041,*0.726,0.233 
    91  2:neutral  2:neutral       0.07,*0.531,0.398 
    92  2:neutral  2:neutral       0.082,*0.7,0.218 
    93  2:neutral  2:neutral       0.067,*0.593,0.339 
    94  2:neutral  2:neutral       0.031,*0.603,0.367 
    95  2:neutral 3:positive   +   0.106,0.359,*0.535 
    96  2:neutral  2:neutral       0.05,*0.842,0.108 
    97  2:neutral  2:neutral       0.044,*0.744,0.212 
    98  2:neutral 3:positive   +   0.061,0.417,*0.522 
    99  2:neutral  2:neutral       0.094,*0.727,0.18 
   100  2:neutral  2:neutral       0.095,*0.715,0.191 
   101  2:neutral  2:neutral       0.076,*0.625,0.299 
   102  2:neutral 3:positive   +   0.143,0.422,*0.435 
   103  2:neutral  2:neutral       0.1,*0.69,0.21 
   104  2:neutral 3:positive   +   0.13,0.398,*0.472 
   105  2:neutral  2:neutral       0.09,*0.602,0.308 
   106  2:neutral 3:positive   +   0.066,0.307,*0.627 
   107  2:neutral  2:neutral       0.103,*0.582,0.316 
   108  2:neutral  2:neutral       0.107,*0.823,0.07 
   109  2:neutral  2:neutral       0.021,*0.719,0.261 
   110  2:neutral  2:neutral       0.094,*0.715,0.191 
   111  2:neutral  2:neutral       0.086,*0.478,0.436 
   112  2:neutral  2:neutral       0.027,*0.562,0.411 
   113  2:neutral  2:neutral       0.034,*0.497,0.469 
   114  2:neutral 3:positive   +   0.217,0.28,*0.503 
   115  2:neutral 3:positive   +   0.063,0.437,*0.5 
   116  2:neutral  2:neutral       0.092,*0.674,0.234 
   117  2:neutral  2:neutral       0.036,*0.88,0.084 
   118  2:neutral  2:neutral       0.063,*0.499,0.437 
   119  2:neutral  2:neutral       0.067,*0.699,0.234 
   120  2:neutral 3:positive   +   0.041,0.357,*0.602 
   121  2:neutral  2:neutral       0.11,*0.604,0.286 
   122  2:neutral 3:positive   +   0.084,0.208,*0.708 
   123  2:neutral  2:neutral       0.066,*0.847,0.087 
   124  2:neutral  2:neutral       0.164,*0.677,0.159 
   125  2:neutral  2:neutral       0.302,*0.517,0.182 
   126  2:neutral 3:positive   +   0.082,0.392,*0.525 
   127  2:neutral  2:neutral       0.016,*0.878,0.107 
   128  2:neutral 3:positive   +   0.02,0.442,*0.538 
   129  2:neutral  2:neutral       0.157,*0.663,0.18 
   130  2:neutral 3:positive   +   0.09,0.436,*0.474 
   131  2:neutral  2:neutral       0.276,*0.488,0.236 
   132  2:neutral  2:neutral       0.086,*0.586,0.328 
   133  2:neutral  2:neutral       0.078,*0.737,0.184 
   134  2:neutral  2:neutral       0.026,*0.617,0.357 
   135  2:neutral  2:neutral       0.025,*0.739,0.236 
   136  2:neutral  2:neutral       0.01,*0.617,0.373 
   137  2:neutral  2:neutral       0.164,*0.601,0.235 
   138  2:neutral  2:neutral       0.09,*0.51,0.4 
   139  2:neutral  2:neutral       0.142,*0.659,0.199 
   140  2:neutral 3:positive   +   0.171,0.411,*0.417 
   141  2:neutral  2:neutral       0.02,*0.787,0.194 
   142  2:neutral  2:neutral       0.277,*0.463,0.26 
   143  2:neutral  2:neutral       0.21,*0.488,0.302 
   144  2:neutral  2:neutral       0.126,*0.577,0.297 
   145  2:neutral 3:positive   +   0.322,0.234,*0.445 
   146  2:neutral  2:neutral       0.301,*0.553,0.147 
   147  2:neutral  2:neutral       0.041,*0.677,0.282 
   148  2:neutral  2:neutral       0.18,*0.481,0.339 
   149  2:neutral  2:neutral       0.072,*0.465,0.463 
   150  2:neutral  2:neutral       0.1,*0.742,0.158 
   151  2:neutral  2:neutral       0.073,*0.769,0.158 
   152  2:neutral  2:neutral       0.035,*0.876,0.09 
   153  2:neutral  2:neutral       0.031,*0.809,0.16 
   154  2:neutral  2:neutral       0.06,*0.694,0.246 
   155  2:neutral  2:neutral       0.15,*0.459,0.391 
   156  2:neutral 3:positive   +   0.132,0.207,*0.662 
   157  2:neutral  2:neutral       0.027,*0.745,0.228 
   158  2:neutral  2:neutral       0.053,*0.645,0.302 
   159  2:neutral  2:neutral       0.122,*0.713,0.165 
   160  2:neutral  2:neutral       0.033,*0.487,0.48 
   161  2:neutral  2:neutral       0.15,*0.533,0.317 
   162  2:neutral  2:neutral       0.023,*0.871,0.106 
   163  2:neutral  2:neutral       0.021,*0.788,0.191 
   164  2:neutral  2:neutral       0.189,*0.534,0.276 
   165  2:neutral  2:neutral       0.114,*0.682,0.204 
   166  2:neutral  2:neutral       0.106,*0.789,0.106 
   167  2:neutral 3:positive   +   0.135,0.278,*0.588 
   168  2:neutral  2:neutral       0.046,*0.651,0.302 
   169  2:neutral  2:neutral       0.203,*0.51,0.287 
   170  2:neutral  2:neutral       0.141,*0.726,0.133 
   171  2:neutral  2:neutral       0.157,*0.486,0.357 
   172  2:neutral 3:positive   +   0.119,0.272,*0.609 
   173  2:neutral 1:negative   +   *0.615,0.32,0.065 
   174  2:neutral  2:neutral       0.105,*0.57,0.326 
   175  2:neutral  2:neutral       0.142,*0.532,0.326 
   176  2:neutral  2:neutral       0.214,*0.435,0.352 
   177  2:neutral  2:neutral       0.066,*0.622,0.313 
   178  2:neutral  2:neutral       0.256,*0.575,0.17 
   179  2:neutral  2:neutral       0.146,*0.593,0.261 
   180  2:neutral  2:neutral       0.061,*0.727,0.211 
   181  2:neutral  2:neutral       0.11,*0.66,0.23 
   182  2:neutral 1:negative   +   *0.632,0.217,0.151 
   183  2:neutral  2:neutral       0.057,*0.794,0.149 
   184  2:neutral  2:neutral       0.107,*0.514,0.379 
   185  2:neutral  2:neutral       0.104,*0.546,0.35 
   186  2:neutral  2:neutral       0.044,*0.851,0.105 
   187  2:neutral  2:neutral       0.08,*0.543,0.377 
   188  2:neutral  2:neutral       0.154,*0.434,0.412 
   189  2:neutral 1:negative   +   *0.596,0.331,0.073 
   190  2:neutral  2:neutral       0.362,*0.394,0.243 
   191  2:neutral  2:neutral       0.252,*0.482,0.266 
   192  2:neutral  2:neutral       0.068,*0.739,0.193 
   193  2:neutral  2:neutral       0.017,*0.768,0.215 
   194  2:neutral  2:neutral       0.131,*0.682,0.187 
   195  2:neutral 3:positive   +   0.061,0.422,*0.517 
   196  2:neutral  2:neutral       0.097,*0.484,0.419 
   197  2:neutral  2:neutral       0.094,*0.561,0.345 
   198  2:neutral  2:neutral       0.272,*0.437,0.29 
   199  2:neutral 3:positive   +   0.045,0.263,*0.692 
   200  2:neutral  2:neutral       0.048,*0.626,0.326 
   201  2:neutral  2:neutral       0.133,*0.733,0.134 
   202  2:neutral  2:neutral       0.155,*0.582,0.263 
   203  2:neutral  2:neutral       0.059,*0.531,0.41 
   204  2:neutral  2:neutral       0.017,*0.956,0.027 
   205  2:neutral  2:neutral       0.015,*0.638,0.348 
   206  2:neutral  2:neutral       0.264,*0.527,0.209 
   207  2:neutral 3:positive   +   0.063,0.261,*0.676 
   208  2:neutral  2:neutral       0.015,*0.849,0.136 
   209  2:neutral  2:neutral       0.029,*0.84,0.13 
   210  2:neutral 3:positive   +   0.257,0.37,*0.373 
   211  2:neutral  2:neutral       0.019,*0.865,0.115 
   212  2:neutral  2:neutral       0.073,*0.78,0.147 
   213  2:neutral 3:positive   +   0.072,0.446,*0.482 
   214  2:neutral  2:neutral       0.068,*0.505,0.427 
   215  2:neutral  2:neutral       0.204,*0.69,0.107 
   216  2:neutral  2:neutral       0.1,*0.596,0.303 
   217  2:neutral  2:neutral       0.048,*0.775,0.178 
   218  2:neutral  2:neutral       0.137,*0.516,0.347 
   219  2:neutral  2:neutral       0.054,*0.598,0.349 
   220  2:neutral 3:positive   +   0.072,0.394,*0.534 
   221  2:neutral 1:negative   +   *0.46,0.286,0.254 
   222  2:neutral  2:neutral       0.156,*0.429,0.415 
   223  2:neutral  2:neutral       0.054,*0.54,0.406 
   224  2:neutral  2:neutral       0.126,*0.723,0.151 
   225  2:neutral  2:neutral       0.063,*0.843,0.094 
   226  2:neutral  2:neutral       0.068,*0.75,0.182 
   227  2:neutral  2:neutral       0.06,*0.742,0.198 
   228  2:neutral 3:positive   +   0.027,0.247,*0.726 
   229  2:neutral 3:positive   +   0.038,0.413,*0.549 
   230  2:neutral 1:negative   +   *0.345,0.317,0.338 
   231  2:neutral  2:neutral       0.044,*0.849,0.107 
   232  2:neutral  2:neutral       0.367,*0.396,0.237 
   233  2:neutral  2:neutral       0.235,*0.399,0.366 
   234  2:neutral  2:neutral       0.076,*0.507,0.417 
   235  2:neutral  2:neutral       0.205,*0.637,0.158 
   236  2:neutral  2:neutral       0.072,*0.53,0.398 
   237  2:neutral 3:positive   +   0.055,0.281,*0.664 
   238  2:neutral  2:neutral       0.102,*0.765,0.133 
   239  2:neutral  2:neutral       0.101,*0.453,0.446 
   240  2:neutral  2:neutral       0.117,*0.508,0.375 
   241  2:neutral 3:positive   +   0.319,0.299,*0.382 
   242  2:neutral  2:neutral       0.066,*0.483,0.452 
   243  2:neutral 3:positive   +   0.039,0.325,*0.635 
   244  2:neutral  2:neutral       0.056,*0.632,0.313 
   245  2:neutral  2:neutral       0.189,*0.63,0.181 
   246  2:neutral 3:positive   +   0.012,0.39,*0.598 
   247  2:neutral  2:neutral       0.008,*0.952,0.04 
   248  2:neutral 3:positive   +   0.075,0.423,*0.501 
   249  2:neutral 3:positive   +   0.316,0.257,*0.427 
   250  2:neutral  2:neutral       0.048,*0.668,0.284 
   251  2:neutral  2:neutral       0.117,*0.486,0.397 
   252  2:neutral 3:positive   +   0.065,0.37,*0.566 
   253  2:neutral  2:neutral       0.179,*0.539,0.282 
   254  2:neutral  2:neutral       0.086,*0.703,0.21 
   255  2:neutral  2:neutral       0.048,*0.697,0.255 
   256  2:neutral  2:neutral       0.079,*0.684,0.236 
   257  2:neutral  2:neutral       0.103,*0.582,0.316 
   258  2:neutral  2:neutral       0.112,*0.818,0.069 
   259  2:neutral  2:neutral       0.11,*0.672,0.217 
   260  2:neutral  2:neutral       0.049,*0.825,0.126 
   261  2:neutral 3:positive   +   0.039,0.382,*0.579 
   262  2:neutral  2:neutral       0.119,*0.518,0.364 
   263  2:neutral 3:positive   +   0.068,0.363,*0.569 
   264  2:neutral  2:neutral       0.07,*0.849,0.081 
   265  2:neutral  2:neutral       0.113,*0.557,0.331 
   266  2:neutral  2:neutral       0.023,*0.78,0.197 
   267  2:neutral 3:positive   +   0.219,0.377,*0.403 
   268  2:neutral  2:neutral       0.051,*0.826,0.124 
   269  2:neutral  2:neutral       0.292,*0.443,0.265 
   270  2:neutral 3:positive   +   0.07,0.322,*0.607 
   271  2:neutral 3:positive   +   0.272,0.313,*0.416 
   272  2:neutral  2:neutral       0.135,*0.556,0.309 
   273  2:neutral  2:neutral       0.229,*0.557,0.214 
   274  2:neutral  2:neutral       0.093,*0.469,0.438 
   275  2:neutral 3:positive   +   0.225,0.126,*0.649 
   276  2:neutral  2:neutral       0.06,*0.669,0.271 
   277  2:neutral 3:positive   +   0.033,0.376,*0.591 
   278  2:neutral 3:positive   +   0.019,0.481,*0.501 
   279  2:neutral 3:positive   +   0.2,0.306,*0.494 
   280  2:neutral  2:neutral       0.019,*0.64,0.342 
   281  2:neutral 3:positive   +   0.037,0.38,*0.583 
   282  2:neutral  2:neutral       0.076,*0.846,0.078 
   283  2:neutral 3:positive   +   0.198,0.395,*0.407 
   284  2:neutral 3:positive   +   0.061,0.363,*0.575 
   285  2:neutral  2:neutral       0.022,*0.766,0.212 
   286  2:neutral  2:neutral       0.068,*0.659,0.273 
   287  2:neutral  2:neutral       0.088,*0.821,0.091 
   288  2:neutral  2:neutral       0.122,*0.704,0.174 
   289  2:neutral  2:neutral       0.121,*0.566,0.313 
   290  2:neutral  2:neutral       0.007,*0.525,0.467 
   291  2:neutral  2:neutral       0.119,*0.562,0.32 
   292  2:neutral 1:negative   +   *0.729,0.142,0.129 
   293  2:neutral  2:neutral       0.088,*0.527,0.385 
   294  2:neutral 3:positive   +   0.073,0.359,*0.567 
   295  2:neutral  2:neutral       0.078,*0.856,0.066 
   296  2:neutral  2:neutral       0.086,*0.586,0.328 
   297  2:neutral 3:positive   +   0.186,0.297,*0.517 
   298  2:neutral  2:neutral       0.027,*0.634,0.339 
   299  2:neutral  2:neutral       0.202,*0.509,0.289 
   300  2:neutral  2:neutral       0.152,*0.721,0.126 
   301  2:neutral  2:neutral       0.099,*0.572,0.328 
   302  2:neutral  2:neutral       0.143,*0.668,0.189 
   303  2:neutral 3:positive   +   0.072,0.283,*0.645 
   304  2:neutral  2:neutral       0.105,*0.615,0.28 
   305  2:neutral  2:neutral       0.03,*0.848,0.122 
   306  2:neutral  2:neutral       0.063,*0.53,0.408 
   307  2:neutral  2:neutral       0.019,*0.913,0.068 
   308  2:neutral  2:neutral       0.098,*0.87,0.032 
   309  2:neutral 3:positive   +   0.022,0.124,*0.854 
   310  2:neutral  2:neutral       0.063,*0.917,0.019 
   311  2:neutral  2:neutral       0.196,*0.492,0.312 
   312  2:neutral  2:neutral       0.099,*0.696,0.205 
   313  2:neutral  2:neutral       0.039,*0.651,0.31 
   314  2:neutral  2:neutral       0.138,*0.696,0.166 
   315  2:neutral 3:positive   +   0.057,0.323,*0.619 
   316  2:neutral 3:positive   +   0.047,0.339,*0.614 
   317  2:neutral  2:neutral       0.101,*0.709,0.19 
   318  2:neutral  2:neutral       0.107,*0.655,0.239 
   319  2:neutral 3:positive   +   0.141,0.429,*0.43 
   320  2:neutral  2:neutral       0.127,*0.648,0.225 
   321  2:neutral  2:neutral       0.12,*0.661,0.22 
   322  2:neutral  2:neutral       0.057,*0.725,0.218 
   323  2:neutral  2:neutral       0.203,*0.57,0.227 
   324  2:neutral  2:neutral       0.064,*0.799,0.137 
   325  2:neutral  2:neutral       0.091,*0.736,0.173 
   326  2:neutral  2:neutral       0.079,*0.775,0.146 
   327  2:neutral 1:negative   +   *0.936,0.025,0.039 
   328  2:neutral 1:negative   +   *0.707,0.229,0.064 
   329  2:neutral  2:neutral       0.199,*0.679,0.122 
   330  2:neutral  2:neutral       0.034,*0.891,0.075 
   331  2:neutral  2:neutral       0.106,*0.471,0.423 
   332  2:neutral  2:neutral       0.098,*0.619,0.283 
   333  2:neutral  2:neutral       0.016,*0.823,0.161 
   334  2:neutral  2:neutral       0.391,*0.416,0.194 
   335  2:neutral 3:positive   +   0.062,0.297,*0.641 
   336  2:neutral  2:neutral       0.122,*0.465,0.413 
   337  2:neutral  2:neutral       0.075,*0.669,0.256 
   338  2:neutral 3:positive   +   0.114,0.381,*0.505 
   339  2:neutral  2:neutral       0.033,*0.704,0.263 
   340  2:neutral  2:neutral       0.269,*0.495,0.236 
   341  2:neutral 3:positive   +   0.051,0.406,*0.543 
   342  2:neutral 3:positive   +   0.097,0.444,*0.458 
   343  2:neutral  2:neutral       0.127,*0.756,0.117 
   344  2:neutral  2:neutral       0.009,*0.906,0.085 
   345  2:neutral  2:neutral       0.024,*0.698,0.278 
   346  2:neutral  2:neutral       0.11,*0.699,0.191 
   347  2:neutral  2:neutral       0.103,*0.582,0.316 
   348  2:neutral 3:positive   +   0.239,0.31,*0.451 
   349  2:neutral  2:neutral       0.126,*0.568,0.306 
   350  2:neutral  2:neutral       0.048,*0.708,0.244 
   351  2:neutral  2:neutral       0.103,*0.518,0.379 
   352  2:neutral  2:neutral       0.013,*0.73,0.256 
   353  2:neutral  2:neutral       0.22,*0.654,0.126 
   354  2:neutral 1:negative   +   *0.736,0.072,0.192 
   355  2:neutral  2:neutral       0.09,*0.599,0.311 
   356  2:neutral 3:positive   +   0.19,0.238,*0.573 
   357  2:neutral 3:positive   +   0.069,0.34,*0.591 
   358  2:neutral  2:neutral       0.223,*0.474,0.303 
   359  2:neutral  2:neutral       0.221,*0.644,0.136 
