Zero Weights processed. Default weights will be used
..
Warning: using -h 0 may be faster
*
optimization finished, #iter = 2022
C = 280.07959320470303
obj = 146081.79807617352, rho = 1.8486174049008968
nSV = 2824, nBSV = 2063
Total nSV = 2824
..
Warning: using -h 0 may be faster
*
optimization finished, #iter = 2039
C = 296.38011240785085
obj = 157985.23772043939, rho = -8.883397392717372
nSV = 2840, nBSV = 2013
Total nSV = 2840
..*
optimization finished, #iter = 2000
C = 285.58993703536726
obj = 148244.71884970707, rho = -7.228925896808157
nSV = 2843, nBSV = 2047
Total nSV = 2843
..
Warning: using -h 0 may be faster
*
optimization finished, #iter = 2048
C = 307.5602787754733
obj = 167747.93007014762, rho = -10.883633151302428
nSV = 2863, nBSV = 2033
Total nSV = 2863
..*
optimization finished, #iter = 2049
C = 290.4631592677983
obj = 151949.31281373324, rho = -8.821333075345992
nSV = 2848, nBSV = 2017
Total nSV = 2848
.
Warning: using -h 0 may be faster
.
Warning: using -h 0 may be faster
*
optimization finished, #iter = 2544
C = 262.9704167062027
obj = 161632.1818168316, rho = 0.44301013708641324
nSV = 3505, nBSV = 2580
.
Warning: using -h 0 may be faster
...
Warning: using -h 0 may be faster
*
optimization finished, #iter = 4587
C = 895.1992610758796
obj = 854341.4440736636, rho = -46.21987902062717
nSV = 4991, nBSV = 2798
Total nSV = 4991
.
Warning: using -h 0 may be faster
...
Warning: using -h 0 may be faster
*
optimization finished, #iter = 4589
C = 924.2360685698903
obj = 889801.5374144869, rho = -50.61904368548999
nSV = 4980, nBSV = 2760
Total nSV = 4980
.
Warning: using -h 0 may be faster
...
Warning: using -h 0 may be faster
*
optimization finished, #iter = 4809
C = 951.0506770720658
obj = 903643.4691095165, rho = -64.34677318762087
nSV = 5075, nBSV = 2738
Total nSV = 5075
.
Warning: using -h 0 may be faster
...
Warning: using -h 0 may be faster
*
optimization finished, #iter = 4740
C = 943.4820930535429
obj = 904946.8426691404, rho = -48.779090780835055
nSV = 5031, nBSV = 2780
Total nSV = 5031
.
Warning: using -h 0 may be faster
...
Warning: using -h 0 may be faster
*
optimization finished, #iter = 4633
C = 905.7689910609955
obj = 857509.7061350947, rho = -44.08902352755092
nSV = 5004, nBSV = 2794
Total nSV = 5004
..
Warning: using -h 0 may be faster
...
Warning: using -h 0 may be faster
*
optimization finished, #iter = 5944
C = 902.7076705284139
obj = 988394.249150016, rho = 8.753516319975812
nSV = 6117, nBSV = 3572
..
Warning: using -h 0 may be faster
*
optimization finished, #iter = 2042
C = 167.80249746669782
obj = 71708.25503782828, rho = -9.423298529562961
nSV = 3232, nBSV = 2473
Total nSV = 3232
..
Warning: using -h 0 may be faster
*
optimization finished, #iter = 2083
C = 198.65943063780773
obj = 92334.34628223207, rho = 6.694280829463662
nSV = 3241, nBSV = 2410
Total nSV = 3241
..
Warning: using -h 0 may be faster
*
optimization finished, #iter = 2116
C = 198.25871554850605
obj = 90697.37133230253, rho = 5.793907835793642
nSV = 3264, nBSV = 2421
Total nSV = 3264
.
Warning: using -h 0 may be faster
*
optimization finished, #iter = 1981
C = 167.218524128293
obj = 71766.39422858591, rho = 3.5318164870271263
nSV = 3224, nBSV = 2464
Total nSV = 3224
..
Warning: using -h 0 may be faster
*
optimization finished, #iter = 2045
C = 193.92691312972647
obj = 87144.00204817967, rho = 5.5696698120830215
nSV = 3258, nBSV = 2444
Total nSV = 3258
.
Warning: using -h 0 may be faster
.
Warning: using -h 0 may be faster
*
optimization finished, #iter = 2432
C = 164.7590568926351
obj = 84779.3645560509, rho = 5.134721159006979
nSV = 3989, nBSV = 3118
Total nSV = 8969
.
Warning: using -h 0 may be faster
*
optimization finished, #iter = 1650
C = 336.44716503069833
obj = 154923.56857153084, rho = -0.4688790912231491
nSV = 2374, nBSV = 1579
Total nSV = 2374
.
Warning: using -h 0 may be faster
*
optimization finished, #iter = 1708
C = 300.85215238530765
obj = 134477.57392327487, rho = -11.27094045790819
nSV = 2314, nBSV = 1600
Total nSV = 2314
.
Warning: using -h 0 may be faster
*
optimization finished, #iter = 1611
C = 307.72945869201857
obj = 136666.1649898732, rho = -8.58350733645559
nSV = 2310, nBSV = 1592
Total nSV = 2310
.
Warning: using -h 0 may be faster
*
optimization finished, #iter = 1684
C = 293.1089049380698
obj = 128197.17582002588, rho = -13.95566800828795
nSV = 2314, nBSV = 1593
Total nSV = 2314
.
Warning: using -h 0 may be faster
*
optimization finished, #iter = 1685
C = 328.3167825412658
obj = 150416.23936066413, rho = -16.679458512683034
nSV = 2325, nBSV = 1564
Total nSV = 2325
.
Warning: using -h 0 may be faster
*
optimization finished, #iter = 1930
C = 286.6710607401725
obj = 150702.56186753264, rho = 4.940043914674242
nSV = 2853, nBSV = 2057
...
Warning: using -h 0 may be faster
*
optimization finished, #iter = 3790
C = 878.1210638120826
obj = 712221.2110701249, rho = 10.89993989122681
nSV = 4081, nBSV = 2165
Total nSV = 4081
...
Warning: using -h 0 may be faster
*
optimization finished, #iter = 3876
C = 911.6000587415239
obj = 752374.3750362727, rho = 19.050549349870387
nSV = 4115, nBSV = 2124
Total nSV = 4115
...
Warning: using -h 0 may be faster
*
optimization finished, #iter = 3735
C = 917.0029710595823
obj = 749447.8354903195, rho = 4.8306532446523045
nSV = 4097, nBSV = 2150
Total nSV = 4097
...
Warning: using -h 0 may be faster
*
optimization finished, #iter = 3537
C = 893.1879648564002
obj = 724741.934320692, rho = 12.638580708527977
nSV = 4059, nBSV = 2141
Total nSV = 4059
...
Warning: using -h 0 may be faster
*
optimization finished, #iter = 3753
C = 912.8426856818608
obj = 749235.3951036151, rho = 18.8612884821028
nSV = 4098, nBSV = 2110
Total nSV = 4098
.
Warning: using -h 0 may be faster
...
Warning: using -h 0 may be faster
*
optimization finished, #iter = 4548
C = 903.432640986806
obj = 869882.9245077843, rho = 21.27964320166363
nSV = 5010, nBSV = 2776
.
Warning: using -h 0 may be faster
*
optimization finished, #iter = 1540
C = 222.59539214020367
obj = 91345.64406460967, rho = 1.8168303792072418
nSV = 2621, nBSV = 1919
Total nSV = 2621
.
Warning: using -h 0 may be faster
*
optimization finished, #iter = 1515
C = 190.91594872408592
obj = 71272.44497259038, rho = -7.370959660435347
nSV = 2596, nBSV = 1958
Total nSV = 2596
.
Warning: using -h 0 may be faster
*
optimization finished, #iter = 1692
C = 190.2686797701127
obj = 72684.86603377956, rho = -12.175497657478966
nSV = 2619, nBSV = 1942
Total nSV = 2619
.
Warning: using -h 0 may be faster
*
optimization finished, #iter = 1755
C = 207.99717483735446
obj = 83636.66423135641, rho = -11.921114853918665
nSV = 2638, nBSV = 1932
Total nSV = 2638
.
Warning: using -h 0 may be faster
*
optimization finished, #iter = 1715
C = 219.4712712887827
obj = 88980.99718517996, rho = -12.567672222910973
nSV = 2653, nBSV = 1897
Total nSV = 2653
.
Warning: using -h 0 may be faster
*
optimization finished, #iter = 1986
C = 188.0729652208684
obj = 86461.69806251269, rho = 6.990650865128788
nSV = 3210, nBSV = 2476
Total nSV = 7279
.
Warning: using -h 0 may be faster
*
optimization finished, #iter = 1599
C = 298.0573328818251
obj = 127964.01539564505, rho = -2.2572932141181963
nSV = 2317, nBSV = 1613
Total nSV = 2317
.
Warning: using -h 0 may be faster
*
optimization finished, #iter = 1664
C = 309.8578572620375
obj = 138048.57259760305, rho = -8.767713534687536
nSV = 2331, nBSV = 1584
Total nSV = 2331
.
Warning: using -h 0 may be faster
*
optimization finished, #iter = 1719
C = 326.0492117513169
obj = 150747.15773486294, rho = -14.028921936154271
nSV = 2359, nBSV = 1585
Total nSV = 2359
.
Warning: using -h 0 may be faster
*
optimization finished, #iter = 1774
C = 340.88179891567387
obj = 157227.91918529212, rho = -11.071951029024374
nSV = 2370, nBSV = 1546
Total nSV = 2370
.
Warning: using -h 0 may be faster
*
optimization finished, #iter = 1681
C = 333.3210228591574
obj = 150449.3232753344, rho = -15.424348362718577
nSV = 2338, nBSV = 1581
Total nSV = 2338
..
Warning: using -h 0 may be faster
*
optimization finished, #iter = 2041
C = 294.40709056485207
obj = 154265.22761807407, rho = 0.9400085324714509
nSV = 2877, nBSV = 2034
...
Warning: using -h 0 may be faster
*
optimization finished, #iter = 3904
C = 909.0187149553329
obj = 755293.1279288632, rho = -39.45277018131164
nSV = 4116, nBSV = 2144
Total nSV = 4116
...
Warning: using -h 0 may be faster
*
optimization finished, #iter = 3811
C = 938.7794937540049
obj = 782201.9707258597, rho = -3.4721247219488496
nSV = 4124, nBSV = 2140
Total nSV = 4124
...
Warning: using -h 0 may be faster
*
optimization finished, #iter = 3708
C = 897.899680291258
obj = 745537.2196526706, rho = -1.6894184892655773
nSV = 4096, nBSV = 2137
Total nSV = 4096
...
Warning: using -h 0 may be faster
*
optimization finished, #iter = 3598
C = 895.8040553007069
obj = 732389.835210279, rho = 6.381071475305991
nSV = 4083, nBSV = 2152
Total nSV = 4083
...
Warning: using -h 0 may be faster
*
optimization finished, #iter = 3802
C = 922.3019348549801
obj = 757459.0269863125, rho = 7.998060762714986
nSV = 4081, nBSV = 2160
Total nSV = 4081
.
Warning: using -h 0 may be faster
...
Warning: using -h 0 may be faster
*
optimization finished, #iter = 4816
C = 897.6291874508125
obj = 849912.5748046575, rho = -1.1578557433128007
nSV = 5033, nBSV = 2771
.
Warning: using -h 0 may be faster
*
optimization finished, #iter = 1824
C = 214.81988321850807
obj = 84100.02031341742, rho = -9.283691907111466
nSV = 2690, nBSV = 1889
Total nSV = 2690
.
Warning: using -h 0 may be faster
*
optimization finished, #iter = 1711
C = 207.59178296976512
obj = 80707.24398092591, rho = -9.893126960742782
nSV = 2632, nBSV = 1891
Total nSV = 2632
.
Warning: using -h 0 may be faster
*
optimization finished, #iter = 1842
C = 223.52329046815782
obj = 88810.12033316377, rho = -11.728185978508696
nSV = 2666, nBSV = 1909
Total nSV = 2666
.
Warning: using -h 0 may be faster
*
optimization finished, #iter = 1630
C = 198.00882400290405
obj = 76560.04765084088, rho = -13.237541382731141
nSV = 2634, nBSV = 1924
Total nSV = 2634
.
Warning: using -h 0 may be faster
*
optimization finished, #iter = 1705
C = 205.62586933705427
obj = 77457.54832237674, rho = -11.420846627260822
nSV = 2632, nBSV = 1916
Total nSV = 2632
..
Warning: using -h 0 may be faster
*
optimization finished, #iter = 2003
C = 184.32766164118567
obj = 80985.74649912106, rho = 6.910583947124816
nSV = 3232, nBSV = 2437
Total nSV = 7302
...
Warning: using -h 0 may be faster
*
optimization finished, #iter = 3613
C = 941.7637325928662
obj = 789883.9223413897, rho = -5.403509708127537
nSV = 4081, nBSV = 2140
Total nSV = 4081
...
Warning: using -h 0 may be faster
*
optimization finished, #iter = 3657
C = 921.9306725025909
obj = 762594.5670371079, rho = -54.45537450269894
nSV = 4096, nBSV = 2145
Total nSV = 4096
...
Warning: using -h 0 may be faster
*
optimization finished, #iter = 3701
C = 962.7136907829802
obj = 817195.4255371876, rho = -76.02316272855194
nSV = 4096, nBSV = 2122
Total nSV = 4096
...
Warning: using -h 0 may be faster
*
optimization finished, #iter = 3702
C = 970.1131468983349
obj = 804431.2753930554, rho = -65.42843229328335
nSV = 4118, nBSV = 2158
Total nSV = 4118
...
Warning: using -h 0 may be faster
*
optimization finished, #iter = 3966
C = 1026.528923103799
obj = 867553.4332864666, rho = -69.08633261061739
nSV = 4145, nBSV = 2094
Total nSV = 4145
.
Warning: using -h 0 may be faster
...
Warning: using -h 0 may be faster
*
optimization finished, #iter = 4774
C = 957.9496456504145
obj = 928046.7509419706, rho = -65.3112699823247
nSV = 5039, nBSV = 2730
.
Warning: using -h 0 may be faster
*
optimization finished, #iter = 1650
C = 235.53430737033355
obj = 97437.93619970256, rho = -10.764705774868673
nSV = 2668, nBSV = 1879
Total nSV = 2668
.
Warning: using -h 0 may be faster
*
optimization finished, #iter = 1630
C = 220.57535763931187
obj = 85879.81724778104, rho = 7.966804344269337
nSV = 2649, nBSV = 1894
Total nSV = 2649
.
Warning: using -h 0 may be faster
*
optimization finished, #iter = 1778
C = 246.99333440738707
obj = 102397.02854448663, rho = 7.986548386153835
nSV = 2687, nBSV = 1874
Total nSV = 2687
.
Warning: using -h 0 may be faster
*
optimization finished, #iter = 1764
C = 234.05315939483418
obj = 95703.51848217606, rho = 11.234894650195349
nSV = 2679, nBSV = 1877
Total nSV = 2679
.
Warning: using -h 0 may be faster
*
optimization finished, #iter = 1597
C = 201.8936891837386
obj = 75027.40121357971, rho = 2.146654362983707
nSV = 2627, nBSV = 1905
Total nSV = 2627
..
Warning: using -h 0 may be faster
*
optimization finished, #iter = 2096
C = 205.8844075616376
obj = 95420.68631695367, rho = -12.741357933970159
nSV = 3288, nBSV = 2397
.
Warning: using -h 0 may be faster
*
optimization finished, #iter = 1616
C = 330.6317224493482
obj = 150569.21859904207, rho = 2.160227509977649
nSV = 2318, nBSV = 1591
Total nSV = 2318
.
Warning: using -h 0 may be faster
*
optimization finished, #iter = 1630
C = 306.1823513177448
obj = 136372.78171586798, rho = -0.7565214965429284
nSV = 2345, nBSV = 1586
Total nSV = 2345
.
Warning: using -h 0 may be faster
*
optimization finished, #iter = 1601
C = 290.14802273969923
obj = 126103.13581457235, rho = -1.8892665281283982
nSV = 2319, nBSV = 1593
Total nSV = 2319
.
Warning: using -h 0 may be faster
*
optimization finished, #iter = 1747
C = 337.7458189020214
obj = 153541.5328948003, rho = -1.0449774466412227
nSV = 2357, nBSV = 1577
Total nSV = 2357
.
Warning: using -h 0 may be faster
*
optimization finished, #iter = 1721
C = 336.6725092360891
obj = 154936.15259287227, rho = -5.059068231342046
nSV = 2373, nBSV = 1559
Total nSV = 2373
..*
optimization finished, #iter = 2101
C = 290.21062422010755
obj = 151648.29942647426, rho = 1.4434143247665177
nSV = 2886, nBSV = 2006
Total nSV = 7357
.
Warning: using -h 0 may be faster
*
optimization finished, #iter = 1617
C = 348.4761724793975
obj = 163693.31344304094, rho = 6.904865457068067
nSV = 2353, nBSV = 1567
Total nSV = 2353
.
Warning: using -h 0 may be faster
*
optimization finished, #iter = 1584
C = 292.9954096322614
obj = 131592.8851635035, rho = 3.825444307056293
nSV = 2317, nBSV = 1571
Total nSV = 2317
.
Warning: using -h 0 may be faster
*
optimization finished, #iter = 1647
C = 337.1527196528182
obj = 151871.19872934697, rho = -1.9955017006295368
nSV = 2340, nBSV = 1587
Total nSV = 2340
.
Warning: using -h 0 may be faster
*
optimization finished, #iter = 1670
C = 335.2686264226044
obj = 152856.22514680808, rho = 0.23654372821227596
nSV = 2340, nBSV = 1573
Total nSV = 2340
.
Warning: using -h 0 may be faster
*
optimization finished, #iter = 1731
C = 341.27761804557963
obj = 155899.90989167648, rho = 2.096940146462391
nSV = 2348, nBSV = 1579
Total nSV = 2348
..
Warning: using -h 0 may be faster
*
optimization finished, #iter = 2032
C = 305.26409400080564
obj = 163370.52466893365, rho = -12.854791358140012
nSV = 2864, nBSV = 2027
.
Warning: using -h 0 may be faster
*
optimization finished, #iter = 1670
C = 201.24504560786482
obj = 77173.33312732427, rho = -4.574901875010597
nSV = 2661, nBSV = 1898
Total nSV = 2661
.
Warning: using -h 0 may be faster
*
optimization finished, #iter = 1644
C = 203.9121802814878
obj = 78104.92359076443, rho = 0.2756505023975287
nSV = 2606, nBSV = 1919
Total nSV = 2606
.
Warning: using -h 0 may be faster
*.
Warning: using -h 0 may be faster
*
optimization finished, #iter = 1740
C = 240.72639901615958
obj = 96756.15144686193, rho = -0.22380350795212486
nSV = 2677, nBSV = 1883
Total nSV = 2677
.
Warning: using -h 0 may be faster
*
optimization finished, #iter = 1618
C = 204.92344699058793
obj = 78563.04822092746, rho = 0.7837612104665715
nSV = 2634, nBSV = 1926
Total nSV = 2634
.
Warning: using -h 0 may be faster
*
optimization finished, #iter = 1642
C = 189.46960773197983
obj = 71113.3390175565, rho = 3.2425110136403177
nSV = 2638, nBSV = 1916
Total nSV = 2638
..
Warning: using -h 0 may be faster
*
optimization finished, #iter = 2066
C = 183.67037382048554
obj = 80881.5046980887, rho = 0.8317122911919742
nSV = 3255, nBSV = 2422
.
Warning: using -h 0 may be faster
..
Warning: using -h 0 may be faster
*
optimization finished, #iter = 3700
C = 931.2996897138925
obj = 786702.2851843252, rho = -39.856431610999884
nSV = 4077, nBSV = 2142
Total nSV = 4077
...
Warning: using -h 0 may be faster
*
optimization finished, #iter = 3749
C = 884.3156912510767
obj = 720875.2627000882, rho = -40.79079697038179
nSV = 4096, nBSV = 2162
Total nSV = 4096
.
Warning: using -h 0 may be faster
..
Warning: using -h 0 may be faster
*
optimization finished, #iter = 3788
C = 915.2747806844513
obj = 765331.6261697538, rho = -56.18679795366855
nSV = 4071, nBSV = 2151
Total nSV = 4071
.
Warning: using -h 0 may be faster
..
Warning: using -h 0 may be faster
*
optimization finished, #iter = 3856
C = 923.3303389320628
obj = 765201.5242152022, rho = -45.34883871824457
nSV = 4112, nBSV = 2132
Total nSV = 4112
...
Warning: using -h 0 may be faster
*
optimization finished, #iter = 3794
C = 874.7684197543757
obj = 716281.9359641015, rho = -48.48973323599822
nSV = 4106, nBSV = 2190
Total nSV = 4106
.
Warning: using -h 0 may be faster
...
Warning: using -h 0 may be faster
*
optimization finished, #iter = 4617
C = 888.0305479311429
obj = 846078.5522822626, rho = 4.570442831964078
nSV = 4964, nBSV = 2799
Total nSV = 7275
.
Warning: using -h 0 may be faster
*
optimization finished, #iter = 1546
C = 195.178936089012
obj = 73641.3177222735, rho = 4.300580104720514
nSV = 2606, nBSV = 1940
Total nSV = 2606
.
Warning: using -h 0 may be faster
*
optimization finished, #iter = 1488
C = 157.88699212816283
obj = 54657.220046633265, rho = -2.599999412337634
nSV = 2561, nBSV = 1969
Total nSV = 2561
.
Warning: using -h 0 may be faster
*
optimization finished, #iter = 1636
C = 192.82271292826638
obj = 72672.04168067646, rho = -8.672193232493198
nSV = 2609, nBSV = 1924
Total nSV = 2609
.
Warning: using -h 0 may be faster
*
optimization finished, #iter = 1672
C = 191.60389435293604
obj = 73818.51879439814, rho = -10.498129089411648
nSV = 2603, nBSV = 1939
Total nSV = 2603
.
Warning: using -h 0 may be faster
*
optimization finished, #iter = 1641
C = 201.81095078244232
obj = 77872.53618289846, rho = -7.5640541800247165
nSV = 2633, nBSV = 1911
Total nSV = 2633
.
Warning: using -h 0 may be faster
*
optimization finished, #iter = 1909
C = 170.0027701962564
obj = 74548.3016814127, rho = 3.7760736751884174
nSV = 3196, nBSV = 2458
.
Warning: using -h 0 may be faster
*
optimization finished, #iter = 1666
C = 285.7657639266257
obj = 121288.37345414031, rho = -3.1932509760257966
nSV = 2302, nBSV = 1623
Total nSV = 2302
.
Warning: using -h 0 may be faster
*
optimization finished, #iter = 1694
C = 331.65840479940675
obj = 151981.833485611, rho = -1.734103711441392
nSV = 2338, nBSV = 1575
Total nSV = 2338
.
Warning: using -h 0 may be faster
*
optimization finished, #iter = 1609
C = 298.58583677213926
obj = 132451.9962411592, rho = -7.377827364403682
nSV = 2285, nBSV = 1614
Total nSV = 2285
.
Warning: using -h 0 may be faster
*
optimization finished, #iter = 1599
C = 319.93825146585715
obj = 146283.1703803798, rho = -8.45382541910925
nSV = 2308, nBSV = 1592
Total nSV = 2308
.
Warning: using -h 0 may be faster
*
optimization finished, #iter = 1568
C = 292.7508115925996
obj = 129209.57503550845, rho = -3.4483289024989126
nSV = 2286, nBSV = 1600
Total nSV = 2286
.
Warning: using -h 0 may be faster
*
optimization finished, #iter = 1984
C = 278.44026637397417
obj = 144491.589475203, rho = -4.042960131830807
nSV = 2831, nBSV = 2038
...
Warning: using -h 0 may be faster
*
optimization finished, #iter = 3760
C = 931.2925462577398
obj = 776306.9326704107, rho = -37.88471549513351
nSV = 4080, nBSV = 2162
Total nSV = 4080
...
Warning: using -h 0 may be faster
*
optimization finished, #iter = 3748
C = 985.2342304561728
obj = 824800.3640976155, rho = -47.47826729970409
nSV = 4101, nBSV = 2132
Total nSV = 4101
...
Warning: using -h 0 may be faster
*
optimization finished, #iter = 3652
C = 942.2198055001604
obj = 788516.1673822321, rho = -46.343909705997575
nSV = 4107, nBSV = 2149
Total nSV = 4107
...
Warning: using -h 0 may be faster
*
optimization finished, #iter = 3760
C = 979.7869058444095
obj = 823696.9728469558, rho = -40.921867173741454
nSV = 4144, nBSV = 2110
Total nSV = 4144
...
Warning: using -h 0 may be faster
*
optimization finished, #iter = 3715
C = 963.8649672955097
obj = 810067.7543978745, rho = -53.059869421827614
nSV = 4082, nBSV = 2143
Total nSV = 4082
.
Warning: using -h 0 may be faster
...
Warning: using -h 0 may be faster
*
optimization finished, #iter = 4527
C = 947.5814239971485
obj = 914900.5321012618, rho = -46.34272495133579
nSV = 4986, nBSV = 2807
Total nSV = 7270


=== Predictions under cross-validation ===

 inst#     actual  predicted error distribution
     1  2:neutral  2:neutral       0.15,*0.565,0.285 
     2  2:neutral  2:neutral       0.029,*0.864,0.106 
     3  2:neutral 3:positive   +   0.05,0.229,*0.721 
     4  2:neutral  2:neutral       0.069,*0.597,0.334 
     5  2:neutral  2:neutral       0.068,*0.691,0.241 
     6  2:neutral 1:negative   +   *0.678,0.296,0.025 
     7  2:neutral 3:positive   +   0.083,0.454,*0.464 
     8  2:neutral  2:neutral       0.085,*0.774,0.141 
     9  2:neutral  2:neutral       0.096,*0.622,0.282 
    10  2:neutral 1:negative   +   *0.544,0.326,0.129 
    11  2:neutral 3:positive   +   0.065,0.251,*0.684 
    12  2:neutral  2:neutral       0.05,*0.766,0.183 
    13  2:neutral  2:neutral       0.078,*0.785,0.137 
    14  2:neutral  2:neutral       0.025,*0.62,0.355 
    15  2:neutral 1:negative   +   *0.501,0.277,0.222 
    16  2:neutral  2:neutral       0.018,*0.65,0.332 
    17  2:neutral 1:negative   +   *0.372,0.274,0.353 
    18  2:neutral  2:neutral       0.228,*0.436,0.336 
    19  2:neutral  2:neutral       0.136,*0.717,0.147 
    20  2:neutral  2:neutral       0.044,*0.874,0.082 
    21  2:neutral 1:negative   +   *0.602,0.206,0.192 
    22  2:neutral  2:neutral       0.124,*0.479,0.397 
    23  2:neutral  2:neutral       0.069,*0.723,0.208 
    24  2:neutral  2:neutral       0.064,*0.803,0.133 
    25  2:neutral  2:neutral       0.069,*0.674,0.257 
    26  2:neutral 3:positive   +   0.149,0.33,*0.521 
    27  2:neutral  2:neutral       0.02,*0.875,0.105 
    28  2:neutral 1:negative   +   *0.515,0.377,0.108 
    29  2:neutral  2:neutral       0.024,*0.683,0.293 
    30  2:neutral 3:positive   +   0.039,0.468,*0.493 
    31  2:neutral 1:negative   +   *0.523,0.435,0.042 
    32  2:neutral 1:negative   +   *0.865,0.109,0.026 
    33  2:neutral  2:neutral       0.025,*0.846,0.129 
    34  2:neutral  2:neutral       0.069,*0.743,0.188 
    35  2:neutral  2:neutral       0.126,*0.811,0.063 
    36  2:neutral  2:neutral       0.038,*0.645,0.317 
    37  2:neutral  2:neutral       0.114,*0.673,0.213 
    38  2:neutral  2:neutral       0.11,*0.649,0.24 
    39  2:neutral  2:neutral       0.042,*0.773,0.185 
    40  2:neutral  2:neutral       0.045,*0.648,0.306 
    41  2:neutral  2:neutral       0.114,*0.763,0.123 
    42  2:neutral  2:neutral       0.047,*0.78,0.172 
    43  2:neutral 3:positive   +   0.147,0.095,*0.758 
    44  2:neutral  2:neutral       0.105,*0.623,0.271 
    45  2:neutral  2:neutral       0.042,*0.816,0.142 
    46  2:neutral  2:neutral       0.02,*0.693,0.287 
    47  2:neutral  2:neutral       0.081,*0.566,0.353 
    48  2:neutral 3:positive   +   0.066,0.13,*0.803 
    49  2:neutral  2:neutral       0.029,*0.888,0.083 
    50  2:neutral  2:neutral       0.05,*0.786,0.163 
    51  2:neutral  2:neutral       0.103,*0.771,0.125 
    52  2:neutral  2:neutral       0.357,*0.412,0.231 
    53  2:neutral  2:neutral       0.158,*0.448,0.393 
    54  2:neutral  2:neutral       0.124,*0.549,0.327 
    55  2:neutral  2:neutral       0.06,*0.794,0.146 
    56  2:neutral  2:neutral       0.05,*0.904,0.046 
    57  2:neutral  2:neutral       0.139,*0.649,0.212 
    58  2:neutral  2:neutral       0.062,*0.623,0.315 
    59  2:neutral  2:neutral       0.116,*0.58,0.305 
    60  2:neutral  2:neutral       0.201,*0.595,0.204 
    61  2:neutral  2:neutral       0.064,*0.734,0.202 
    62  2:neutral  2:neutral       0.094,*0.66,0.246 
    63  2:neutral  2:neutral       0.03,*0.702,0.268 
    64  2:neutral  2:neutral       0.072,*0.527,0.401 
    65  2:neutral  2:neutral       0.139,*0.758,0.103 
    66  2:neutral 3:positive   +   0.031,0.255,*0.713 
    67  2:neutral  2:neutral       0.061,*0.486,0.453 
    68  2:neutral  2:neutral       0.292,*0.413,0.295 
    69  2:neutral 3:positive   +   0.041,0.305,*0.654 
    70  2:neutral 3:positive   +   0.086,0.355,*0.559 
    71  2:neutral  2:neutral       0.134,*0.729,0.137 
    72  2:neutral 3:positive   +   0.063,0.149,*0.788 
    73  2:neutral  2:neutral       0.186,*0.477,0.337 
    74  2:neutral 3:positive   +   0.126,0.368,*0.506 
    75  2:neutral  2:neutral       0.05,*0.754,0.196 
    76  2:neutral  2:neutral       0.172,*0.424,0.404 
    77  2:neutral  2:neutral       0.191,*0.458,0.351 
    78  2:neutral  2:neutral       0.082,*0.715,0.203 
    79  2:neutral  2:neutral       0.23,*0.651,0.119 
    80  2:neutral  2:neutral       0.079,*0.81,0.111 
    81  2:neutral  2:neutral       0.352,*0.387,0.261 
    82  2:neutral  2:neutral       0.139,*0.799,0.062 
    83  2:neutral 1:negative   +   *0.531,0.098,0.371 
    84  2:neutral 3:positive   +   0.025,0.151,*0.824 
    85  2:neutral  2:neutral       0.322,*0.46,0.218 
    86  2:neutral  2:neutral       0.096,*0.769,0.135 
    87  2:neutral  2:neutral       0.016,*0.605,0.379 
    88  2:neutral  2:neutral       0.04,*0.66,0.301 
    89  2:neutral 1:negative   +   *0.535,0.258,0.207 
    90  2:neutral  2:neutral       0.065,*0.828,0.107 
    91  2:neutral  2:neutral       0.115,*0.589,0.296 
    92  2:neutral  2:neutral       0.136,*0.633,0.231 
    93  2:neutral  2:neutral       0.085,*0.607,0.309 
    94  2:neutral  2:neutral       0.059,*0.533,0.407 
    95  2:neutral 3:positive   +   0.055,0.455,*0.49 
    96  2:neutral  2:neutral       0.087,*0.738,0.175 
    97  2:neutral  2:neutral       0.093,*0.703,0.204 
    98  2:neutral 3:positive   +   0.076,0.36,*0.564 
    99  2:neutral  2:neutral       0.057,*0.773,0.169 
   100  2:neutral  2:neutral       0.119,*0.68,0.201 
   101  2:neutral  2:neutral       0.171,*0.478,0.351 
   102  2:neutral 3:positive   +   0.043,0.233,*0.723 
   103  2:neutral  2:neutral       0.043,*0.79,0.167 
   104  2:neutral  2:neutral       0.211,*0.487,0.302 
   105  2:neutral  2:neutral       0.083,*0.66,0.256 
   106  2:neutral 3:positive   +   0.065,0.159,*0.776 
   107  2:neutral  2:neutral       0.085,*0.68,0.236 
   108  2:neutral  2:neutral       0.066,*0.787,0.147 
   109  2:neutral  2:neutral       0.02,*0.863,0.117 
   110  2:neutral  2:neutral       0.133,*0.699,0.168 
   111  2:neutral  2:neutral       0.085,*0.624,0.292 
   112  2:neutral  2:neutral       0.016,*0.864,0.12 
   113  2:neutral  2:neutral       0.048,*0.627,0.324 
   114  2:neutral 3:positive   +   0.161,0.299,*0.54 
   115  2:neutral  2:neutral       0.056,*0.686,0.258 
   116  2:neutral  2:neutral       0.388,*0.463,0.149 
   117  2:neutral  2:neutral       0.022,*0.937,0.041 
   118  2:neutral 3:positive   +   0.134,0.427,*0.439 
   119  2:neutral  2:neutral       0.035,*0.807,0.158 
   120  2:neutral 3:positive   +   0.073,0.25,*0.677 
   121  2:neutral  2:neutral       0.064,*0.576,0.36 
   122  2:neutral 3:positive   +   0.168,0.22,*0.611 
   123  2:neutral  2:neutral       0.131,*0.788,0.081 
   124  2:neutral  2:neutral       0.126,*0.665,0.209 
   125  2:neutral  2:neutral       0.251,*0.629,0.12 
   126  2:neutral  2:neutral       0.08,*0.741,0.179 
   127  2:neutral  2:neutral       0.04,*0.803,0.157 
   128  2:neutral 3:positive   +   0.03,0.336,*0.634 
   129  2:neutral  2:neutral       0.198,*0.62,0.181 
   130  2:neutral  2:neutral       0.022,*0.708,0.27 
   131  2:neutral  2:neutral       0.324,*0.481,0.195 
   132  2:neutral  2:neutral       0.058,*0.72,0.222 
   133  2:neutral  2:neutral       0.087,*0.837,0.076 
   134  2:neutral  2:neutral       0.047,*0.678,0.275 
   135  2:neutral  2:neutral       0.027,*0.743,0.23 
   136  2:neutral  2:neutral       0.017,*0.772,0.211 
   137  2:neutral  2:neutral       0.063,*0.719,0.218 
   138  2:neutral 3:positive   +   0.064,0.287,*0.649 
   139  2:neutral  2:neutral       0.052,*0.504,0.445 
   140  2:neutral  2:neutral       0.136,*0.684,0.18 
   141  2:neutral  2:neutral       0.044,*0.733,0.223 
   142  2:neutral  2:neutral       0.102,*0.736,0.162 
   143  2:neutral 3:positive   +   0.24,0.38,*0.381 
   144  2:neutral  2:neutral       0.092,*0.688,0.22 
   145  2:neutral  2:neutral       0.32,*0.398,0.282 
   146  2:neutral  2:neutral       0.141,*0.742,0.118 
   147  2:neutral  2:neutral       0.031,*0.741,0.228 
   148  2:neutral  2:neutral       0.069,*0.822,0.109 
   149  2:neutral 3:positive   +   0.185,0.309,*0.506 
   150  2:neutral  2:neutral       0.055,*0.8,0.146 
   151  2:neutral  2:neutral       0.107,*0.707,0.186 
   152  2:neutral  2:neutral       0.055,*0.864,0.081 
   153  2:neutral  2:neutral       0.034,*0.843,0.123 
   154  2:neutral  2:neutral       0.078,*0.751,0.171 
   155  2:neutral 3:positive   +   0.148,0.319,*0.533 
   156  2:neutral  2:neutral       0.06,*0.53,0.411 
   157  2:neutral  2:neutral       0.054,*0.589,0.357 
   158  2:neutral  2:neutral       0.041,*0.779,0.18 
   159  2:neutral  2:neutral       0.24,*0.678,0.082 
   160  2:neutral  2:neutral       0.013,*0.65,0.337 
   161  2:neutral  2:neutral       0.224,*0.535,0.241 
   162  2:neutral  2:neutral       0.032,*0.835,0.133 
   163  2:neutral  2:neutral       0.036,*0.562,0.401 
   164  2:neutral  2:neutral       0.373,*0.469,0.158 
   165  2:neutral  2:neutral       0.105,*0.753,0.143 
   166  2:neutral  2:neutral       0.092,*0.672,0.237 
   167  2:neutral  2:neutral       0.059,*0.667,0.274 
   168  2:neutral  2:neutral       0.035,*0.749,0.216 
   169  2:neutral  2:neutral       0.111,*0.54,0.349 
   170  2:neutral  2:neutral       0.11,*0.795,0.096 
   171  2:neutral  2:neutral       0.04,*0.575,0.385 
   172  2:neutral 1:negative   +   *0.423,0.356,0.221 
   173  2:neutral 1:negative   +   *0.79,0.159,0.051 
   174  2:neutral  2:neutral       0.101,*0.509,0.389 
   175  2:neutral  2:neutral       0.053,*0.611,0.337 
   176  2:neutral 3:positive   +   0.084,0.412,*0.504 
   177  2:neutral  2:neutral       0.095,*0.756,0.15 
   178  2:neutral  2:neutral       0.099,*0.713,0.188 
   179  2:neutral  2:neutral       0.083,*0.75,0.167 
   180  2:neutral  2:neutral       0.052,*0.759,0.189 
   181  2:neutral  2:neutral       0.063,*0.81,0.127 
   182  2:neutral  2:neutral       0.301,*0.547,0.153 
   183  2:neutral  2:neutral       0.08,*0.69,0.229 
   184  2:neutral 3:positive   +   0.122,0.364,*0.514 
   185  2:neutral  2:neutral       0.113,*0.543,0.344 
   186  2:neutral  2:neutral       0.015,*0.771,0.214 
   187  2:neutral  2:neutral       0.055,*0.55,0.395 
   188  2:neutral 3:positive   +   0.131,0.412,*0.457 
   189  2:neutral  2:neutral       0.34,*0.576,0.084 
   190  2:neutral  2:neutral       0.279,*0.606,0.116 
   191  2:neutral  2:neutral       0.155,*0.752,0.093 
   192  2:neutral  2:neutral       0.066,*0.796,0.138 
   193  2:neutral 3:positive   +   0.013,0.446,*0.541 
   194  2:neutral  2:neutral       0.095,*0.797,0.108 
   195  2:neutral  2:neutral       0.112,*0.488,0.4 
   196  2:neutral  2:neutral       0.279,*0.521,0.201 
   197  2:neutral  2:neutral       0.08,*0.616,0.303 
   198  2:neutral  2:neutral       0.395,*0.496,0.109 
   199  2:neutral 3:positive   +   0.051,0.162,*0.787 
   200  2:neutral  2:neutral       0.063,*0.647,0.291 
   201  2:neutral  2:neutral       0.06,*0.864,0.076 
   202  2:neutral  2:neutral       0.123,*0.657,0.22 
   203  2:neutral  2:neutral       0.133,*0.483,0.384 
   204  2:neutral  2:neutral       0.03,*0.924,0.046 
   205  2:neutral  2:neutral       0.023,*0.623,0.354 
   206  2:neutral  2:neutral       0.154,*0.566,0.279 
   207  2:neutral 3:positive   +   0.036,0.451,*0.513 
   208  2:neutral  2:neutral       0.054,*0.846,0.1 
   209  2:neutral  2:neutral       0.039,*0.848,0.113 
   210  2:neutral 1:negative   +   *0.454,0.237,0.308 
   211  2:neutral  2:neutral       0.027,*0.628,0.345 
   212  2:neutral  2:neutral       0.069,*0.784,0.148 
   213  2:neutral  2:neutral       0.098,*0.693,0.208 
   214  2:neutral  2:neutral       0.07,*0.733,0.197 
   215  2:neutral  2:neutral       0.415,*0.512,0.072 
   216  2:neutral  2:neutral       0.083,*0.603,0.314 
   217  2:neutral  2:neutral       0.074,*0.77,0.156 
   218  2:neutral 3:positive   +   0.187,0.406,*0.407 
   219  2:neutral  2:neutral       0.158,*0.702,0.141 
   220  2:neutral  2:neutral       0.09,*0.686,0.224 
   221  2:neutral 1:negative   +   *0.529,0.26,0.211 
   222  2:neutral 3:positive   +   0.148,0.37,*0.481 
   223  2:neutral  2:neutral       0.04,*0.656,0.305 
   224  2:neutral  2:neutral       0.101,*0.733,0.166 
   225  2:neutral  2:neutral       0.034,*0.826,0.14 
   226  2:neutral  2:neutral       0.057,*0.737,0.206 
   227  2:neutral  2:neutral       0.036,*0.804,0.16 
   228  2:neutral 3:positive   +   0.071,0.385,*0.544 
   229  2:neutral  2:neutral       0.023,*0.681,0.296 
   230  2:neutral 1:negative   +   *0.517,0.233,0.25 
   231  2:neutral  2:neutral       0.123,*0.645,0.232 
   232  2:neutral  2:neutral       0.327,*0.508,0.164 
   233  2:neutral  2:neutral       0.209,*0.542,0.25 
   234  2:neutral  2:neutral       0.055,*0.592,0.353 
   235  2:neutral  2:neutral       0.296,*0.609,0.095 
   236  2:neutral  2:neutral       0.087,*0.508,0.405 
   237  2:neutral 3:positive   +   0.08,0.458,*0.462 
   238  2:neutral  2:neutral       0.094,*0.691,0.216 
   239  2:neutral  2:neutral       0.156,*0.608,0.237 
   240  2:neutral  2:neutral       0.101,*0.584,0.315 
   241  2:neutral 1:negative   +   *0.438,0.358,0.203 
   242  2:neutral  2:neutral       0.06,*0.745,0.196 
   243  2:neutral 3:positive   +   0.038,0.417,*0.545 
   244  2:neutral  2:neutral       0.043,*0.769,0.188 
   245  2:neutral  2:neutral       0.129,*0.726,0.145 
   246  2:neutral 3:positive   +   0.022,0.307,*0.671 
   247  2:neutral  2:neutral       0.018,*0.936,0.046 
   248  2:neutral  2:neutral       0.054,*0.49,0.457 
   249  2:neutral  2:neutral       0.152,*0.49,0.358 
   250  2:neutral  2:neutral       0.039,*0.713,0.249 
   251  2:neutral  2:neutral       0.08,*0.516,0.405 
   252  2:neutral 3:positive   +   0.038,0.361,*0.601 
   253  2:neutral  2:neutral       0.111,*0.639,0.25 
   254  2:neutral  2:neutral       0.14,*0.734,0.126 
   255  2:neutral  2:neutral       0.061,*0.792,0.147 
   256  2:neutral  2:neutral       0.12,*0.594,0.286 
   257  2:neutral  2:neutral       0.085,*0.68,0.236 
   258  2:neutral  2:neutral       0.106,*0.835,0.059 
   259  2:neutral  2:neutral       0.104,*0.495,0.401 
   260  2:neutral  2:neutral       0.061,*0.82,0.119 
   261  2:neutral 3:positive   +   0.041,0.292,*0.667 
   262  2:neutral  2:neutral       0.047,*0.827,0.126 
   263  2:neutral  2:neutral       0.07,*0.641,0.289 
   264  2:neutral  2:neutral       0.049,*0.853,0.098 
   265  2:neutral  2:neutral       0.086,*0.611,0.303 
   266  2:neutral  2:neutral       0.035,*0.851,0.114 
   267  2:neutral 3:positive   +   0.094,0.214,*0.692 
   268  2:neutral  2:neutral       0.165,*0.661,0.173 
   269  2:neutral  2:neutral       0.205,*0.525,0.271 
   270  2:neutral  2:neutral       0.107,*0.57,0.323 
   271  2:neutral 1:negative   +   *0.383,0.362,0.255 
   272  2:neutral  2:neutral       0.09,*0.54,0.37 
   273  2:neutral  2:neutral       0.255,*0.615,0.13 
   274  2:neutral  2:neutral       0.039,*0.632,0.328 
   275  2:neutral 1:negative   +   *0.672,0.128,0.2 
   276  2:neutral  2:neutral       0.062,*0.825,0.113 
   277  2:neutral  2:neutral       0.019,*0.559,0.422 
   278  2:neutral  2:neutral       0.029,*0.829,0.142 
   279  2:neutral  2:neutral       0.126,*0.512,0.362 
   280  2:neutral  2:neutral       0.029,*0.5,0.471 
   281  2:neutral  2:neutral       0.069,*0.75,0.181 
   282  2:neutral  2:neutral       0.048,*0.819,0.132 
   283  2:neutral 1:negative   +   *0.376,0.254,0.37 
   284  2:neutral 3:positive   +   0.072,0.464,*0.465 
   285  2:neutral  2:neutral       0.021,*0.923,0.056 
   286  2:neutral  2:neutral       0.077,*0.513,0.411 
   287  2:neutral  2:neutral       0.06,*0.859,0.081 
   288  2:neutral  2:neutral       0.181,*0.666,0.153 
   289  2:neutral  2:neutral       0.165,*0.638,0.197 
   290  2:neutral  2:neutral       0.017,*0.522,0.462 
   291  2:neutral  2:neutral       0.192,*0.544,0.264 
   292  2:neutral 1:negative   +   *0.52,0.28,0.2 
   293  2:neutral 3:positive   +   0.051,0.342,*0.607 
   294  2:neutral 3:positive   +   0.059,0.43,*0.511 
   295  2:neutral  2:neutral       0.177,*0.776,0.047 
   296  2:neutral  2:neutral       0.058,*0.72,0.222 
   297  2:neutral 3:positive   +   0.135,0.303,*0.562 
   298  2:neutral  2:neutral       0.094,*0.766,0.14 
   299  2:neutral  2:neutral       0.104,*0.713,0.184 
   300  2:neutral  2:neutral       0.135,*0.762,0.104 
   301  2:neutral  2:neutral       0.039,*0.574,0.387 
   302  2:neutral  2:neutral       0.089,*0.769,0.142 
   303  2:neutral 3:positive   +   0.115,0.183,*0.702 
   304  2:neutral  2:neutral       0.266,*0.461,0.273 
   305  2:neutral  2:neutral       0.022,*0.813,0.165 
   306  2:neutral  2:neutral       0.063,*0.679,0.259 
   307  2:neutral  2:neutral       0.044,*0.758,0.198 
   308  2:neutral  2:neutral       0.06,*0.925,0.015 
   309  2:neutral 3:positive   +   0.053,0.142,*0.805 
   310  2:neutral  2:neutral       0.12,*0.842,0.039 
   311  2:neutral  2:neutral       0.146,*0.504,0.35 
   312  2:neutral  2:neutral       0.113,*0.666,0.22 
   313  2:neutral  2:neutral       0.22,*0.644,0.136 
   314  2:neutral  2:neutral       0.203,*0.614,0.183 
   315  2:neutral  2:neutral       0.022,*0.658,0.32 
   316  2:neutral  2:neutral       0.06,*0.476,0.464 
   317  2:neutral  2:neutral       0.119,*0.589,0.292 
   318  2:neutral  2:neutral       0.082,*0.781,0.138 
   319  2:neutral  2:neutral       0.218,*0.438,0.344 
   320  2:neutral  2:neutral       0.089,*0.756,0.156 
   321  2:neutral  2:neutral       0.097,*0.78,0.123 
   322  2:neutral  2:neutral       0.067,*0.843,0.091 
   323  2:neutral  2:neutral       0.085,*0.509,0.406 
   324  2:neutral  2:neutral       0.084,*0.757,0.158 
   325  2:neutral  2:neutral       0.044,*0.765,0.191 
   326  2:neutral  2:neutral       0.059,*0.686,0.255 
   327  2:neutral 1:negative   +   *0.95,0.032,0.018 
   328  2:neutral 1:negative   +   *0.724,0.213,0.062 
   329  2:neutral 1:negative   +   *0.635,0.261,0.104 
   330  2:neutral  2:neutral       0.033,*0.846,0.12 
   331  2:neutral  2:neutral       0.093,*0.645,0.262 
   332  2:neutral  2:neutral       0.064,*0.805,0.131 
   333  2:neutral  2:neutral       0.031,*0.824,0.145 
   334  2:neutral 1:negative   +   *0.54,0.215,0.245 
   335  2:neutral 3:positive   +   0.018,0.266,*0.716 
   336  2:neutral  2:neutral       0.073,*0.631,0.296 
   337  2:neutral  2:neutral       0.075,*0.802,0.124 
   338  2:neutral  2:neutral       0.096,*0.572,0.333 
   339  2:neutral  2:neutral       0.1,*0.743,0.158 
   340  2:neutral  2:neutral       0.403,*0.403,0.195 
   341  2:neutral  2:neutral       0.058,*0.678,0.264 
   342  2:neutral 3:positive   +   0.197,0.096,*0.707 
   343  2:neutral  2:neutral       0.237,*0.611,0.152 
   344  2:neutral  2:neutral       0.028,*0.495,0.478 
   345  2:neutral  2:neutral       0.015,*0.821,0.164 
   346  2:neutral  2:neutral       0.055,*0.636,0.309 
   347  2:neutral  2:neutral       0.085,*0.68,0.236 
   348  2:neutral  2:neutral       0.172,*0.52,0.309 
   349  2:neutral  2:neutral       0.143,*0.656,0.202 
   350  2:neutral  2:neutral       0.046,*0.666,0.287 
   351  2:neutral  2:neutral       0.03,*0.742,0.229 
