Zero Weights processed. Default weights will be used
..
Warning: using -h 0 may be faster
*.
Warning: using -h 0 may be faster
*
optimization finished, #iter = 2377
C = 487.30123051642823
obj = 276045.90489724465, rho = -5.02122124772916
nSV = 2760, nBSV = 1630
Total nSV = 2760
..
Warning: using -h 0 may be faster
*.
Warning: using -h 0 may be faster
*
optimization finished, #iter = 2332
C = 533.9065719859657
obj = 310096.53146177554, rho = 0.06435729516804647
nSV = 2777, nBSV = 1618
Total nSV = 2777
..
Warning: using -h 0 may be faster
*
optimization finished, #iter = 2263
C = 521.8800951714055
obj = 295951.3436868951, rho = -3.5174961637377145
nSV = 2746, nBSV = 1626
Total nSV = 2746
..
Warning: using -h 0 may be faster
*
optimization finished, #iter = 2315
C = 490.30613712388663
obj = 278284.93885915476, rho = -1.9752633894744331
nSV = 2742, nBSV = 1645
Total nSV = 2742
..
Warning: using -h 0 may be faster
*
optimization finished, #iter = 2375
C = 518.9889687401
obj = 295742.8765213929, rho = -3.4307958735944877
nSV = 2780, nBSV = 1618
Total nSV = 2780
..
Warning: using -h 0 may be faster
*
optimization finished, #iter = 2838
C = 478.12806074166747
obj = 317591.69512887514, rho = -5.966288181352565
nSV = 3352, nBSV = 2089
.
Warning: using -h 0 may be faster
...
Warning: using -h 0 may be faster
*
optimization finished, #iter = 4547
C = 1397.384871175891
obj = 1381185.338291853, rho = -90.44633138561898
nSV = 4741, nBSV = 2252
Total nSV = 4741
....
Warning: using -h 0 may be faster
*
optimization finished, #iter = 4360
C = 1455.9220297809247
obj = 1485468.517924445, rho = -74.06193459198028
nSV = 4763, nBSV = 2255
Total nSV = 4763
....
Warning: using -h 0 may be faster
*
optimization finished, #iter = 4467
C = 1443.4428260453242
obj = 1445959.8316862225, rho = -75.00002785902403
nSV = 4768, nBSV = 2238
Total nSV = 4768
....
Warning: using -h 0 may be faster
*
optimization finished, #iter = 4561
C = 1374.6187308424817
obj = 1365474.3034095317, rho = -68.74265981071639
nSV = 4769, nBSV = 2249
Total nSV = 4769
.
Warning: using -h 0 may be faster
...
Warning: using -h 0 may be faster
*
optimization finished, #iter = 4582
C = 1447.1555872660974
obj = 1451243.1583531816, rho = -56.81186803573549
nSV = 4767, nBSV = 2238
Total nSV = 4767
.
Warning: using -h 0 may be faster
....
Warning: using -h 0 may be faster
*
optimization finished, #iter = 5771
C = 1447.791713137244
obj = 1672747.685297502, rho = 11.147097891419028
nSV = 5847, nBSV = 2893
..
Warning: using -h 0 may be faster
*
optimization finished, #iter = 2503
C = 434.5661500185242
obj = 243248.8288602113, rho = -24.818005012981757
nSV = 3151, nBSV = 1962
Total nSV = 3151
..
Warning: using -h 0 may be faster
*
optimization finished, #iter = 2545
C = 438.85322733105824
obj = 241366.35820837942, rho = -17.77204027359561
nSV = 3146, nBSV = 1939
Total nSV = 3146
..
Warning: using -h 0 may be faster
*
optimization finished, #iter = 2518
C = 439.63706293200045
obj = 249819.59224447762, rho = -23.047343829846664
nSV = 3187, nBSV = 1928
Total nSV = 3187
..
Warning: using -h 0 may be faster
*
optimization finished, #iter = 2563
C = 429.80251633584436
obj = 239054.3166718952, rho = -24.696788531406735
nSV = 3147, nBSV = 1945
Total nSV = 3147
..
Warning: using -h 0 may be faster
*
optimization finished, #iter = 2616
C = 408.7261346760262
obj = 222879.63374980498, rho = -17.555397309771493
nSV = 3160, nBSV = 1951
Total nSV = 3160
..
Warning: using -h 0 may be faster
*
optimization finished, #iter = 2893
C = 401.5644050455002
obj = 258106.61706856053, rho = 9.039831650938789
nSV = 3826, nBSV = 2514
Total nSV = 8660
.
Warning: using -h 0 may be faster
*
optimization finished, #iter = 1852
C = 522.9969399369203
obj = 251232.90954494872, rho = -18.664672253465003
nSV = 2218, nBSV = 1281
Total nSV = 2218
.
Warning: using -h 0 may be faster
*
optimization finished, #iter = 1951
C = 564.3237110733909
obj = 277687.51570333977, rho = -13.260096890482961
nSV = 2275, nBSV = 1242
Total nSV = 2275
.
Warning: using -h 0 may be faster
*
optimization finished, #iter = 1879
C = 528.5688770727213
obj = 257234.23481786367, rho = -17.373230991484622
nSV = 2243, nBSV = 1266
Total nSV = 2243
.
Warning: using -h 0 may be faster
*
optimization finished, #iter = 1865
C = 549.8843979018419
obj = 271195.1521688529, rho = -21.667452525763004
nSV = 2253, nBSV = 1263
Total nSV = 2253
.
Warning: using -h 0 may be faster
*
optimization finished, #iter = 1836
C = 502.1185715742462
obj = 237771.2998068665, rho = -3.3980591681090497
nSV = 2223, nBSV = 1283
Total nSV = 2223
..
Warning: using -h 0 may be faster
*
optimization finished, #iter = 2270
C = 506.25818101439955
obj = 286888.08560779784, rho = 0.39270800113216525
nSV = 2749, nBSV = 1654
...
Warning: using -h 0 may be faster
*
optimization finished, #iter = 3676
C = 1358.110753774502
obj = 1151848.9903546402, rho = -76.55159810465962
nSV = 3891, nBSV = 1721
Total nSV = 3891
...
Warning: using -h 0 may be faster
*
optimization finished, #iter = 3689
C = 1379.6384865492605
obj = 1200873.2417221537, rho = 7.171381699866136
nSV = 3917, nBSV = 1694
Total nSV = 3917
...
Warning: using -h 0 may be faster
*
optimization finished, #iter = 3761
C = 1348.4415133565535
obj = 1145119.3359376488, rho = 2.9807473545381726
nSV = 3907, nBSV = 1695
Total nSV = 3907
...
Warning: using -h 0 may be faster
*
optimization finished, #iter = 3973
C = 1386.262663575013
obj = 1163276.8984119254, rho = 10.633554944343134
nSV = 3975, nBSV = 1681
Total nSV = 3975
...
Warning: using -h 0 may be faster
*
optimization finished, #iter = 3802
C = 1349.9278646525074
obj = 1101012.4867928086, rho = 8.3753780582634
nSV = 3905, nBSV = 1719
Total nSV = 3905
....
Warning: using -h 0 may be faster
*
optimization finished, #iter = 4565
C = 1376.834129333959
obj = 1359127.91741491, rho = 17.601119730451305
nSV = 4790, nBSV = 2244
..
Warning: using -h 0 may be faster
*
optimization finished, #iter = 2052
C = 454.7718364664017
obj = 223676.176128806, rho = -25.96060449957672
nSV = 2606, nBSV = 1502
Total nSV = 2606
.
Warning: using -h 0 may be faster
*
optimization finished, #iter = 1986
C = 447.95587657914
obj = 218623.30401452628, rho = -20.098234193868617
nSV = 2570, nBSV = 1501
Total nSV = 2570
.
Warning: using -h 0 may be faster
*
optimization finished, #iter = 1939
C = 436.15643750464176
obj = 212391.0130952238, rho = -17.76378096037875
nSV = 2540, nBSV = 1537
Total nSV = 2540
.
Warning: using -h 0 may be faster
*
optimization finished, #iter = 1976
C = 441.50197569637976
obj = 214080.41502256994, rho = -22.2583870618931
nSV = 2530, nBSV = 1504
Total nSV = 2530
..
Warning: using -h 0 may be faster
*
optimization finished, #iter = 2064
C = 451.9829257568035
obj = 216166.71472480817, rho = -21.237850237856655
nSV = 2594, nBSV = 1509
Total nSV = 2594
..
Warning: using -h 0 may be faster
*
optimization finished, #iter = 2469
C = 416.7034630440287
obj = 231854.94546624058, rho = 12.661867991843502
nSV = 3131, nBSV = 1953
Total nSV = 7087
.
Warning: using -h 0 may be faster
*
optimization finished, #iter = 1915
C = 581.0255615467952
obj = 283299.65375395725, rho = 1.1115539113685484
nSV = 2269, nBSV = 1266
Total nSV = 2269
.
Warning: using -h 0 may be faster
*
optimization finished, #iter = 1894
C = 516.1468783744555
obj = 247849.9420376459, rho = 3.3222962515898944
nSV = 2229, nBSV = 1269
Total nSV = 2229
.
Warning: using -h 0 may be faster
*
optimization finished, #iter = 1943
C = 551.6905700817051
obj = 267448.7171290102, rho = -4.2332661766824655
nSV = 2234, nBSV = 1255
Total nSV = 2234
.
Warning: using -h 0 may be faster
*
optimization finished, #iter = 1961
C = 541.465491980528
obj = 257748.16806772837, rho = -2.8862782315306936
nSV = 2246, nBSV = 1259
Total nSV = 2246
.
Warning: using -h 0 may be faster
*
optimization finished, #iter = 1989
C = 561.4366978181642
obj = 279062.0340520066, rho = -9.61406938310478
nSV = 2249, nBSV = 1266
Total nSV = 2249
..
Warning: using -h 0 may be faster
*
optimization finished, #iter = 2269
C = 516.0108179062389
obj = 290301.5976952877, rho = -3.404598826864323
nSV = 2745, nBSV = 1628
...
Warning: using -h 0 may be faster
*
optimization finished, #iter = 3740
C = 1348.928543398036
obj = 1136399.2550946376, rho = 2.9211002405412114
nSV = 3890, nBSV = 1730
Total nSV = 3890
...
Warning: using -h 0 may be faster
*
optimization finished, #iter = 3657
C = 1414.0934843595253
obj = 1217737.6222742533, rho = -75.58179640950941
nSV = 3942, nBSV = 1694
Total nSV = 3942
...
Warning: using -h 0 may be faster
*
optimization finished, #iter = 3720
C = 1333.260943156485
obj = 1142674.249989961, rho = -53.38247869429441
nSV = 3916, nBSV = 1729
Total nSV = 3916
...
Warning: using -h 0 may be faster
*
optimization finished, #iter = 3837
C = 1332.9350744227306
obj = 1107849.5312352043, rho = -61.78091080068969
nSV = 3916, nBSV = 1733
Total nSV = 3916
...
Warning: using -h 0 may be faster
*
optimization finished, #iter = 3781
C = 1368.1369468978614
obj = 1165165.1158919767, rho = -71.37488964999629
nSV = 3940, nBSV = 1702
Total nSV = 3940
....
Warning: using -h 0 may be faster
*
optimization finished, #iter = 4503
C = 1371.6692815576507
obj = 1338784.271132167, rho = -9.667225870736504
nSV = 4737, nBSV = 2253
.
Warning: using -h 0 may be faster
*
optimization finished, #iter = 1976
C = 468.99039701383884
obj = 231239.29040341236, rho = 11.309972964852324
nSV = 2576, nBSV = 1527
Total nSV = 2576
.
Warning: using -h 0 may be faster
*
optimization finished, #iter = 1990
C = 456.70007966328126
obj = 218219.1271584269, rho = -0.437911223316353
nSV = 2592, nBSV = 1512
Total nSV = 2592
.
Warning: using -h 0 may be faster
*
optimization finished, #iter = 1999
C = 475.2933602062515
obj = 233167.46369349986, rho = 15.766104821832462
nSV = 2581, nBSV = 1504
Total nSV = 2581
.
Warning: using -h 0 may be faster
*
optimization finished, #iter = 1975
C = 428.5586833905129
obj = 199616.9052445298, rho = 9.991185390781588
nSV = 2544, nBSV = 1547
Total nSV = 2544
..
Warning: using -h 0 may be faster
*
optimization finished, #iter = 2079
C = 466.13184087569437
obj = 225926.35271900965, rho = 14.511945694467462
nSV = 2599, nBSV = 1494
Total nSV = 2599
..
Warning: using -h 0 may be faster
*
optimization finished, #iter = 2391
C = 439.6599768442233
obj = 248799.57131447512, rho = 11.09413067162289
nSV = 3120, nBSV = 1951
Total nSV = 7041
...
Warning: using -h 0 may be faster
*
optimization finished, #iter = 3863
C = 1510.7899420214683
obj = 1306738.9959517617, rho = -93.8863226924963
nSV = 3943, nBSV = 1669
Total nSV = 3943
...
Warning: using -h 0 may be faster
*
optimization finished, #iter = 3815
C = 1400.753859021453
obj = 1208989.0893305484, rho = -88.13072355315184
nSV = 3927, nBSV = 1692
Total nSV = 3927
...
Warning: using -h 0 may be faster
*
optimization finished, #iter = 3762
C = 1427.2520457906292
obj = 1244372.794280628, rho = -89.80923366031186
nSV = 3952, nBSV = 1664
Total nSV = 3952
...
Warning: using -h 0 may be faster
*
optimization finished, #iter = 3689
C = 1447.5818918725442
obj = 1254157.6848504208, rho = -83.51851284750612
nSV = 3898, nBSV = 1711
Total nSV = 3898
...
Warning: using -h 0 may be faster
*
optimization finished, #iter = 3716
C = 1429.2518893857998
obj = 1224975.8269571117, rho = -71.2326521762394
nSV = 3938, nBSV = 1671
Total nSV = 3938
....
Warning: using -h 0 may be faster
*
optimization finished, #iter = 4571
C = 1451.5236037128068
obj = 1452401.4755557093, rho = -83.49926514645107
nSV = 4773, nBSV = 2203
..
Warning: using -h 0 may be faster
*
optimization finished, #iter = 2048
C = 481.79436028925767
obj = 235360.63887814622, rho = -24.915462693765726
nSV = 2603, nBSV = 1481
Total nSV = 2603
..
Warning: using -h 0 may be faster
*
optimization finished, #iter = 2154
C = 504.11626335020827
obj = 247098.85749033335, rho = 19.68908264827762
nSV = 2647, nBSV = 1470
Total nSV = 2647
..
Warning: using -h 0 may be faster
*
optimization finished, #iter = 2015
C = 496.24010882200434
obj = 240017.44493832425, rho = 7.03537768520701
nSV = 2596, nBSV = 1492
Total nSV = 2596
..
Warning: using -h 0 may be faster
*
optimization finished, #iter = 2099
C = 488.3550006152551
obj = 233404.1871935008, rho = 8.45770520921303
nSV = 2600, nBSV = 1476
Total nSV = 2600
..
Warning: using -h 0 may be faster
*
optimization finished, #iter = 2089
C = 436.81721740166716
obj = 204594.1266057478, rho = 1.205351128971807
nSV = 2600, nBSV = 1483
Total nSV = 2600
..
Warning: using -h 0 may be faster
*
optimization finished, #iter = 2594
C = 457.41860651272276
obj = 256256.64506582933, rho = -27.437691424473222
nSV = 3202, nBSV = 1905
.
Warning: using -h 0 may be faster
*
optimization finished, #iter = 1858
C = 520.8850302884742
obj = 252755.1348536854, rho = -14.375671891603988
nSV = 2234, nBSV = 1276
Total nSV = 2234
.
Warning: using -h 0 may be faster
*
optimization finished, #iter = 1844
C = 541.6440744713427
obj = 262116.19264561, rho = -15.690452952217003
nSV = 2259, nBSV = 1269
Total nSV = 2259
.
Warning: using -h 0 may be faster
*
optimization finished, #iter = 1855
C = 538.302674148893
obj = 259737.33868633432, rho = -16.512020867690005
nSV = 2231, nBSV = 1278
Total nSV = 2231
.
Warning: using -h 0 may be faster
*
optimization finished, #iter = 1959
C = 556.0211602445638
obj = 268824.76878499554, rho = -15.682003223938384
nSV = 2274, nBSV = 1239
Total nSV = 2274
.
Warning: using -h 0 may be faster
*
optimization finished, #iter = 1877
C = 544.4171880371242
obj = 261123.58873789108, rho = -15.56865280751908
nSV = 2231, nBSV = 1248
Total nSV = 2231
..
Warning: using -h 0 may be faster
*
optimization finished, #iter = 2246
C = 515.4046311851129
obj = 294461.0098346628, rho = -6.708064730111131
nSV = 2745, nBSV = 1637
Total nSV = 7082
.
Warning: using -h 0 may be faster
*
optimization finished, #iter = 1839
C = 540.8321855414674
obj = 261433.20696732998, rho = 2.2068363248244136
nSV = 2251, nBSV = 1265
Total nSV = 2251
.
Warning: using -h 0 may be faster
*
optimization finished, #iter = 1924
C = 581.275446820229
obj = 296964.72339963785, rho = 2.011212978069883
nSV = 2272, nBSV = 1229
Total nSV = 2272
.
Warning: using -h 0 may be faster
*
optimization finished, #iter = 1944
C = 600.7946816972465
obj = 307307.32631758193, rho = 7.37945247368129
nSV = 2300, nBSV = 1216
Total nSV = 2300
.
Warning: using -h 0 may be faster
*
optimization finished, #iter = 1957
C = 583.709469608046
obj = 289713.2819615975, rho = -9.50269241444929
nSV = 2282, nBSV = 1225
Total nSV = 2282
.
Warning: using -h 0 may be faster
*
optimization finished, #iter = 1876
C = 511.23491664759985
obj = 247115.2501610085, rho = 0.9119318885336909
nSV = 2265, nBSV = 1247
Total nSV = 2265
..
Warning: using -h 0 may be faster
*
optimization finished, #iter = 2461
C = 537.0817936029283
obj = 313253.4375538076, rho = -16.543355487518596
nSV = 2781, nBSV = 1585
.
Warning: using -h 0 may be faster
*
optimization finished, #iter = 1957
C = 455.1067637915339
obj = 217103.43381352493, rho = 2.7044543320986625
nSV = 2580, nBSV = 1524
Total nSV = 2580
..
Warning: using -h 0 may be faster
*
optimization finished, #iter = 2211
C = 454.49931148110375
obj = 217379.78848966013, rho = -10.636532256446927
nSV = 2618, nBSV = 1484
Total nSV = 2618
..
Warning: using -h 0 may be faster
*
optimization finished, #iter = 2063
C = 463.65407240233833
obj = 229854.03304707498, rho = -17.3107093508312
nSV = 2612, nBSV = 1489
Total nSV = 2612
..
Warning: using -h 0 may be faster
*
optimization finished, #iter = 2117
C = 478.10856042800964
obj = 234595.56358915562, rho = -14.500463563988193
nSV = 2617, nBSV = 1475
Total nSV = 2617
.
Warning: using -h 0 may be faster
*
optimization finished, #iter = 1937
C = 445.63848199560226
obj = 214816.15202110403, rho = -18.782506352420718
nSV = 2556, nBSV = 1536
Total nSV = 2556
..
Warning: using -h 0 may be faster
*
optimization finished, #iter = 2451
C = 430.98727620625635
obj = 239343.1563809226, rho = 1.6904139993425877
nSV = 3142, nBSV = 1955
...
Warning: using -h 0 may be faster
*
optimization finished, #iter = 3884
C = 1333.9031761125998
obj = 1111052.9582457126, rho = 8.645531034843668
nSV = 3916, nBSV = 1690
Total nSV = 3916
...
Warning: using -h 0 may be faster
*
optimization finished, #iter = 3630
C = 1316.6041553999873
obj = 1113023.6942553297, rho = -56.97405763655451
nSV = 3874, nBSV = 1759
Total nSV = 3874
...
Warning: using -h 0 may be faster
*
optimization finished, #iter = 3816
C = 1334.932307855337
obj = 1140033.4109431605, rho = -50.81359745896537
nSV = 3903, nBSV = 1695
Total nSV = 3903
.
Warning: using -h 0 may be faster
..
Warning: using -h 0 may be faster
*
optimization finished, #iter = 3543
C = 1351.168126978865
obj = 1157214.9976473474, rho = -54.94682995905869
nSV = 3887, nBSV = 1750
Total nSV = 3887
...
Warning: using -h 0 may be faster
*
optimization finished, #iter = 3591
C = 1370.4521566082362
obj = 1164177.6235718147, rho = -63.61568569961123
nSV = 3906, nBSV = 1740
Total nSV = 3906
....
Warning: using -h 0 may be faster
*
optimization finished, #iter = 4665
C = 1383.3570687014524
obj = 1373355.4383170255, rho = 0.9666651338182226
nSV = 4722, nBSV = 2240
Total nSV = 7021
..
Warning: using -h 0 may be faster
*
optimization finished, #iter = 2019
C = 411.10548309662
obj = 192100.70662394204, rho = -19.41458550794774
nSV = 2549, nBSV = 1536
Total nSV = 2549
..
Warning: using -h 0 may be faster
*
optimization finished, #iter = 2022
C = 406.0685637160927
obj = 185913.9940435726, rho = -10.157986348821565
nSV = 2562, nBSV = 1545
Total nSV = 2562
..
Warning: using -h 0 may be faster
*
optimization finished, #iter = 2013
C = 417.0724379537021
obj = 195444.64088357316, rho = -17.239689928903218
nSV = 2552, nBSV = 1532
Total nSV = 2552
..
Warning: using -h 0 may be faster
*
optimization finished, #iter = 2096
C = 459.6743087133184
obj = 222704.62672836822, rho = -14.852559365235132
nSV = 2584, nBSV = 1508
Total nSV = 2584
.
Warning: using -h 0 may be faster
*
optimization finished, #iter = 1952
C = 420.79395751835403
obj = 195970.2272859087, rho = -18.829959273467118
nSV = 2527, nBSV = 1537
Total nSV = 2527
..
Warning: using -h 0 may be faster
*
optimization finished, #iter = 2330
C = 398.6214188413663
obj = 216642.69272232414, rho = 3.2378369220590244
nSV = 3082, nBSV = 1989
.
Warning: using -h 0 may be faster
*
optimization finished, #iter = 1901
C = 539.5232907688304
obj = 263209.7655205998, rho = -16.851135510837167
nSV = 2249, nBSV = 1269
Total nSV = 2249
.
Warning: using -h 0 may be faster
*
optimization finished, #iter = 1893
C = 548.8102591278251
obj = 271205.1048148347, rho = -7.250660409496579
nSV = 2258, nBSV = 1245
Total nSV = 2258
.
Warning: using -h 0 may be faster
*
optimization finished, #iter = 1801
C = 531.2590771117476
obj = 260503.08193726896, rho = -13.62884267604419
nSV = 2220, nBSV = 1292
Total nSV = 2220
.
Warning: using -h 0 may be faster
*
optimization finished, #iter = 1834
C = 504.31700293253016
obj = 238296.34394274544, rho = -4.535938626222871
nSV = 2225, nBSV = 1278
Total nSV = 2225
.
Warning: using -h 0 may be faster
*
optimization finished, #iter = 1836
C = 489.6946304751227
obj = 232223.6143382441, rho = -1.394034293401406
nSV = 2213, nBSV = 1265
Total nSV = 2213
..
Warning: using -h 0 may be faster
*
optimization finished, #iter = 2302
C = 496.0589383333093
obj = 280215.4544810875, rho = -5.997701802338084
nSV = 2721, nBSV = 1659
...
Warning: using -h 0 may be faster
*
optimization finished, #iter = 3876
C = 1493.8426513504712
obj = 1277117.8069698089, rho = -70.86940906537095
nSV = 3972, nBSV = 1700
Total nSV = 3972
...
Warning: using -h 0 may be faster
*
optimization finished, #iter = 3848
C = 1382.5598228137899
obj = 1186299.1523530015, rho = -5.68721850994554
nSV = 3931, nBSV = 1700
Total nSV = 3931
...
Warning: using -h 0 may be faster
*
optimization finished, #iter = 3896
C = 1437.4447544753223
obj = 1213411.6384279537, rho = 5.618905522672722
nSV = 3929, nBSV = 1719
Total nSV = 3929
...
Warning: using -h 0 may be faster
*
optimization finished, #iter = 3717
C = 1374.1361735269606
obj = 1170067.5621154134, rho = -9.004778874436226
nSV = 3857, nBSV = 1720
Total nSV = 3857
...
Warning: using -h 0 may be faster
*
optimization finished, #iter = 3660
C = 1374.0889840572113
obj = 1162412.1250737524, rho = -3.12321813786823
nSV = 3891, nBSV = 1733
Total nSV = 3891
....
Warning: using -h 0 may be faster
*
optimization finished, #iter = 4679
C = 1463.8369627717127
obj = 1466065.629790659, rho = -74.78050262372555
nSV = 4769, nBSV = 2222
Total nSV = 7046


=== Predictions under cross-validation ===

 inst#     actual  predicted error distribution
     1  2:neutral  2:neutral       0.153,*0.549,0.297 
     2  2:neutral  2:neutral       0.02,*0.886,0.095 
     3  2:neutral 3:positive   +   0.066,0.224,*0.71 
     4  2:neutral  2:neutral       0.06,*0.68,0.261 
     5  2:neutral  2:neutral       0.079,*0.77,0.152 
     6  2:neutral 1:negative   +   *0.671,0.299,0.03 
     7  2:neutral 3:positive   +   0.065,0.412,*0.524 
     8  2:neutral  2:neutral       0.085,*0.759,0.156 
     9  2:neutral  2:neutral       0.102,*0.586,0.311 
    10  2:neutral 1:negative   +   *0.66,0.224,0.116 
    11  2:neutral 3:positive   +   0.047,0.292,*0.661 
    12  2:neutral  2:neutral       0.056,*0.822,0.122 
    13  2:neutral  2:neutral       0.056,*0.781,0.163 
    14  2:neutral  2:neutral       0.02,*0.703,0.277 
    15  2:neutral 1:negative   +   *0.41,0.359,0.231 
    16  2:neutral  2:neutral       0.021,*0.645,0.334 
    17  2:neutral 1:negative   +   *0.346,0.311,0.343 
    18  2:neutral  2:neutral       0.225,*0.396,0.379 
    19  2:neutral  2:neutral       0.128,*0.688,0.184 
    20  2:neutral  2:neutral       0.034,*0.9,0.066 
    21  2:neutral 1:negative   +   *0.458,0.263,0.279 
    22  2:neutral  2:neutral       0.106,*0.545,0.348 
    23  2:neutral  2:neutral       0.072,*0.697,0.231 
    24  2:neutral  2:neutral       0.056,*0.774,0.171 
    25  2:neutral  2:neutral       0.072,*0.659,0.269 
    26  2:neutral 3:positive   +   0.244,0.242,*0.514 
    27  2:neutral  2:neutral       0.037,*0.844,0.119 
    28  2:neutral 1:negative   +   *0.438,0.425,0.137 
    29  2:neutral  2:neutral       0.03,*0.757,0.213 
    30  2:neutral 3:positive   +   0.039,0.409,*0.552 
    31  2:neutral  2:neutral       0.448,*0.502,0.05 
    32  2:neutral 1:negative   +   *0.913,0.067,0.02 
    33  2:neutral  2:neutral       0.014,*0.844,0.142 
    34  2:neutral  2:neutral       0.058,*0.802,0.14 
    35  2:neutral  2:neutral       0.11,*0.824,0.066 
    36  2:neutral  2:neutral       0.022,*0.741,0.237 
    37  2:neutral  2:neutral       0.115,*0.714,0.171 
    38  2:neutral  2:neutral       0.109,*0.673,0.219 
    39  2:neutral  2:neutral       0.032,*0.811,0.157 
    40  2:neutral  2:neutral       0.034,*0.522,0.445 
    41  2:neutral  2:neutral       0.099,*0.759,0.143 
    42  2:neutral  2:neutral       0.041,*0.735,0.224 
    43  2:neutral 3:positive   +   0.14,0.089,*0.771 
    44  2:neutral  2:neutral       0.085,*0.573,0.341 
    45  2:neutral  2:neutral       0.043,*0.827,0.13 
    46  2:neutral  2:neutral       0.016,*0.706,0.278 
    47  2:neutral  2:neutral       0.079,*0.627,0.295 
    48  2:neutral 3:positive   +   0.1,0.22,*0.68 
    49  2:neutral  2:neutral       0.03,*0.867,0.103 
    50  2:neutral  2:neutral       0.064,*0.786,0.15 
    51  2:neutral  2:neutral       0.129,*0.785,0.086 
    52  2:neutral  2:neutral       0.255,*0.455,0.29 
    53  2:neutral 3:positive   +   0.149,0.38,*0.471 
    54  2:neutral  2:neutral       0.103,*0.627,0.27 
    55  2:neutral  2:neutral       0.05,*0.818,0.132 
    56  2:neutral  2:neutral       0.058,*0.896,0.046 
    57  2:neutral  2:neutral       0.166,*0.596,0.238 
    58  2:neutral  2:neutral       0.063,*0.574,0.363 
    59  2:neutral  2:neutral       0.113,*0.521,0.365 
    60  2:neutral  2:neutral       0.163,*0.577,0.26 
    61  2:neutral  2:neutral       0.067,*0.725,0.207 
    62  2:neutral  2:neutral       0.118,*0.645,0.237 
    63  2:neutral  2:neutral       0.026,*0.728,0.246 
    64  2:neutral 3:positive   +   0.061,0.437,*0.502 
    65  2:neutral  2:neutral       0.167,*0.707,0.126 
    66  2:neutral 3:positive   +   0.039,0.203,*0.758 
    67  2:neutral 3:positive   +   0.102,0.384,*0.514 
    68  2:neutral  2:neutral       0.256,*0.41,0.334 
    69  2:neutral 3:positive   +   0.046,0.286,*0.668 
    70  2:neutral 3:positive   +   0.125,0.369,*0.506 
    71  2:neutral  2:neutral       0.174,*0.688,0.139 
    72  2:neutral 3:positive   +   0.048,0.1,*0.852 
    73  2:neutral  2:neutral       0.157,*0.45,0.393 
    74  2:neutral 3:positive   +   0.107,0.393,*0.5 
    75  2:neutral  2:neutral       0.071,*0.698,0.231 
    76  2:neutral  2:neutral       0.148,*0.455,0.397 
    77  2:neutral  2:neutral       0.13,*0.441,0.43 
    78  2:neutral  2:neutral       0.098,*0.684,0.218 
    79  2:neutral  2:neutral       0.326,*0.586,0.088 
    80  2:neutral  2:neutral       0.077,*0.825,0.098 
    81  2:neutral  2:neutral       0.367,*0.375,0.258 
    82  2:neutral  2:neutral       0.126,*0.826,0.048 
    83  2:neutral 1:negative   +   *0.573,0.092,0.334 
    84  2:neutral 3:positive   +   0.025,0.134,*0.84 
    85  2:neutral  2:neutral       0.41,*0.433,0.157 
    86  2:neutral  2:neutral       0.063,*0.79,0.146 
    87  2:neutral  2:neutral       0.013,*0.651,0.336 
    88  2:neutral  2:neutral       0.027,*0.555,0.418 
    89  2:neutral 1:negative   +   *0.605,0.163,0.232 
    90  2:neutral  2:neutral       0.042,*0.771,0.186 
    91  2:neutral  2:neutral       0.126,*0.52,0.354 
    92  2:neutral  2:neutral       0.151,*0.572,0.276 
    93  2:neutral  2:neutral       0.078,*0.59,0.332 
    94  2:neutral 3:positive   +   0.068,0.455,*0.477 
    95  2:neutral  2:neutral       0.061,*0.528,0.411 
    96  2:neutral  2:neutral       0.081,*0.689,0.23 
    97  2:neutral  2:neutral       0.097,*0.677,0.226 
    98  2:neutral 3:positive   +   0.064,0.38,*0.556 
    99  2:neutral  2:neutral       0.057,*0.762,0.181 
   100  2:neutral  2:neutral       0.108,*0.703,0.189 
   101  2:neutral  2:neutral       0.203,*0.476,0.321 
   102  2:neutral 3:positive   +   0.051,0.28,*0.669 
   103  2:neutral  2:neutral       0.05,*0.759,0.191 
   104  2:neutral  2:neutral       0.19,*0.492,0.318 
   105  2:neutral  2:neutral       0.077,*0.627,0.295 
   106  2:neutral 3:positive   +   0.041,0.145,*0.813 
   107  2:neutral  2:neutral       0.081,*0.667,0.252 
   108  2:neutral  2:neutral       0.071,*0.672,0.257 
   109  2:neutral  2:neutral       0.016,*0.826,0.158 
   110  2:neutral  2:neutral       0.153,*0.689,0.158 
   111  2:neutral  2:neutral       0.075,*0.596,0.329 
   112  2:neutral  2:neutral       0.014,*0.793,0.193 
   113  2:neutral  2:neutral       0.039,*0.626,0.335 
   114  2:neutral 3:positive   +   0.173,0.311,*0.516 
   115  2:neutral  2:neutral       0.06,*0.661,0.279 
   116  2:neutral  2:neutral       0.279,*0.591,0.131 
   117  2:neutral  2:neutral       0.019,*0.944,0.037 
   118  2:neutral 3:positive   +   0.148,0.393,*0.459 
   119  2:neutral  2:neutral       0.048,*0.759,0.193 
   120  2:neutral 3:positive   +   0.058,0.209,*0.733 
   121  2:neutral  2:neutral       0.069,*0.52,0.411 
   122  2:neutral 3:positive   +   0.121,0.129,*0.75 
   123  2:neutral  2:neutral       0.122,*0.814,0.065 
   124  2:neutral  2:neutral       0.093,*0.737,0.17 
   125  2:neutral  2:neutral       0.26,*0.606,0.134 
   126  2:neutral  2:neutral       0.062,*0.768,0.17 
   127  2:neutral  2:neutral       0.039,*0.794,0.167 
   128  2:neutral 3:positive   +   0.027,0.349,*0.624 
   129  2:neutral  2:neutral       0.199,*0.547,0.254 
   130  2:neutral  2:neutral       0.031,*0.674,0.295 
   131  2:neutral  2:neutral       0.38,*0.439,0.181 
   132  2:neutral  2:neutral       0.063,*0.7,0.237 
   133  2:neutral  2:neutral       0.089,*0.744,0.167 
   134  2:neutral  2:neutral       0.037,*0.673,0.29 
   135  2:neutral  2:neutral       0.021,*0.788,0.19 
   136  2:neutral  2:neutral       0.011,*0.798,0.191 
   137  2:neutral  2:neutral       0.058,*0.725,0.217 
   138  2:neutral 3:positive   +   0.069,0.389,*0.542 
   139  2:neutral  2:neutral       0.066,*0.608,0.326 
   140  2:neutral  2:neutral       0.141,*0.697,0.162 
   141  2:neutral  2:neutral       0.053,*0.682,0.265 
   142  2:neutral  2:neutral       0.114,*0.691,0.195 
   143  2:neutral  2:neutral       0.218,*0.432,0.35 
   144  2:neutral  2:neutral       0.103,*0.707,0.189 
   145  2:neutral 1:negative   +   *0.38,0.277,0.344 
   146  2:neutral  2:neutral       0.251,*0.641,0.109 
   147  2:neutral  2:neutral       0.034,*0.682,0.284 
   148  2:neutral  2:neutral       0.083,*0.793,0.124 
   149  2:neutral 3:positive   +   0.177,0.249,*0.574 
   150  2:neutral  2:neutral       0.05,*0.784,0.166 
   151  2:neutral  2:neutral       0.113,*0.694,0.193 
   152  2:neutral  2:neutral       0.046,*0.8,0.154 
   153  2:neutral  2:neutral       0.028,*0.832,0.14 
   154  2:neutral  2:neutral       0.093,*0.702,0.205 
   155  2:neutral 3:positive   +   0.108,0.352,*0.54 
   156  2:neutral 3:positive   +   0.076,0.386,*0.538 
   157  2:neutral  2:neutral       0.049,*0.648,0.302 
   158  2:neutral  2:neutral       0.047,*0.772,0.181 
   159  2:neutral  2:neutral       0.115,*0.828,0.057 
   160  2:neutral  2:neutral       0.008,*0.57,0.422 
   161  2:neutral  2:neutral       0.21,*0.528,0.262 
   162  2:neutral  2:neutral       0.033,*0.797,0.171 
   163  2:neutral  2:neutral       0.025,*0.702,0.274 
   164  2:neutral  2:neutral       0.332,*0.49,0.177 
   165  2:neutral  2:neutral       0.087,*0.823,0.089 
   166  2:neutral  2:neutral       0.105,*0.709,0.186 
   167  2:neutral  2:neutral       0.075,*0.656,0.268 
   168  2:neutral  2:neutral       0.029,*0.76,0.211 
   169  2:neutral  2:neutral       0.139,*0.545,0.316 
   170  2:neutral  2:neutral       0.113,*0.773,0.115 
   171  2:neutral  2:neutral       0.04,*0.559,0.401 
   172  2:neutral  2:neutral       0.227,*0.496,0.278 
   173  2:neutral 1:negative   +   *0.796,0.161,0.044 
   174  2:neutral  2:neutral       0.102,*0.521,0.378 
   175  2:neutral  2:neutral       0.035,*0.629,0.336 
   176  2:neutral 3:positive   +   0.129,0.333,*0.539 
   177  2:neutral  2:neutral       0.068,*0.776,0.156 
   178  2:neutral  2:neutral       0.16,*0.65,0.19 
   179  2:neutral  2:neutral       0.14,*0.702,0.158 
   180  2:neutral  2:neutral       0.046,*0.791,0.163 
   181  2:neutral  2:neutral       0.052,*0.819,0.129 
   182  2:neutral 1:negative   +   *0.509,0.384,0.107 
   183  2:neutral  2:neutral       0.07,*0.664,0.266 
   184  2:neutral  2:neutral       0.132,*0.482,0.386 
   185  2:neutral  2:neutral       0.081,*0.6,0.319 
   186  2:neutral  2:neutral       0.013,*0.696,0.291 
   187  2:neutral  2:neutral       0.048,*0.558,0.394 
   188  2:neutral 3:positive   +   0.112,0.37,*0.518 
   189  2:neutral 1:negative   +   *0.537,0.398,0.065 
   190  2:neutral  2:neutral       0.382,*0.517,0.101 
   191  2:neutral  2:neutral       0.17,*0.738,0.092 
   192  2:neutral  2:neutral       0.063,*0.799,0.138 
   193  2:neutral  2:neutral       0.014,*0.57,0.415 
   194  2:neutral  2:neutral       0.119,*0.784,0.097 
   195  2:neutral  2:neutral       0.109,*0.454,0.437 
   196  2:neutral  2:neutral       0.163,*0.619,0.218 
   197  2:neutral  2:neutral       0.088,*0.674,0.237 
   198  2:neutral 1:negative   +   *0.45,0.431,0.12 
   199  2:neutral 3:positive   +   0.048,0.157,*0.795 
   200  2:neutral  2:neutral       0.094,*0.547,0.358 
   201  2:neutral  2:neutral       0.038,*0.886,0.075 
   202  2:neutral  2:neutral       0.089,*0.688,0.224 
   203  2:neutral  2:neutral       0.086,*0.538,0.376 
   204  2:neutral  2:neutral       0.021,*0.945,0.033 
   205  2:neutral  2:neutral       0.019,*0.588,0.393 
   206  2:neutral  2:neutral       0.227,*0.509,0.264 
   207  2:neutral 3:positive   +   0.036,0.405,*0.559 
   208  2:neutral  2:neutral       0.038,*0.873,0.089 
   209  2:neutral  2:neutral       0.045,*0.854,0.101 
   210  2:neutral 1:negative   +   *0.366,0.284,0.35 
   211  2:neutral  2:neutral       0.024,*0.721,0.255 
   212  2:neutral  2:neutral       0.047,*0.759,0.194 
   213  2:neutral  2:neutral       0.097,*0.657,0.246 
   214  2:neutral  2:neutral       0.086,*0.72,0.194 
   215  2:neutral  2:neutral       0.295,*0.625,0.08 
   216  2:neutral  2:neutral       0.083,*0.566,0.351 
   217  2:neutral  2:neutral       0.071,*0.751,0.178 
   218  2:neutral  2:neutral       0.153,*0.444,0.403 
   219  2:neutral  2:neutral       0.147,*0.702,0.151 
   220  2:neutral  2:neutral       0.081,*0.63,0.29 
   221  2:neutral 1:negative   +   *0.516,0.249,0.235 
   222  2:neutral  2:neutral       0.139,*0.468,0.393 
   223  2:neutral  2:neutral       0.05,*0.603,0.347 
   224  2:neutral  2:neutral       0.12,*0.67,0.21 
   225  2:neutral  2:neutral       0.026,*0.876,0.099 
   226  2:neutral  2:neutral       0.063,*0.749,0.188 
   227  2:neutral  2:neutral       0.036,*0.793,0.171 
   228  2:neutral 3:positive   +   0.066,0.371,*0.563 
   229  2:neutral  2:neutral       0.028,*0.637,0.335 
   230  2:neutral 1:negative   +   *0.546,0.242,0.212 
   231  2:neutral  2:neutral       0.118,*0.713,0.17 
   232  2:neutral  2:neutral       0.337,*0.488,0.175 
   233  2:neutral  2:neutral       0.198,*0.546,0.256 
   234  2:neutral  2:neutral       0.053,*0.601,0.346 
   235  2:neutral  2:neutral       0.247,*0.648,0.106 
   236  2:neutral  2:neutral       0.083,*0.528,0.389 
   237  2:neutral 3:positive   +   0.046,0.389,*0.565 
   238  2:neutral  2:neutral       0.136,*0.683,0.181 
   239  2:neutral  2:neutral       0.179,*0.595,0.226 
   240  2:neutral  2:neutral       0.116,*0.507,0.377 
   241  2:neutral 1:negative   +   *0.419,0.325,0.256 
   242  2:neutral  2:neutral       0.057,*0.82,0.123 
   243  2:neutral 3:positive   +   0.028,0.438,*0.534 
   244  2:neutral  2:neutral       0.044,*0.749,0.207 
   245  2:neutral  2:neutral       0.167,*0.685,0.148 
   246  2:neutral 3:positive   +   0.018,0.322,*0.66 
   247  2:neutral  2:neutral       0.011,*0.948,0.04 
   248  2:neutral 3:positive   +   0.047,0.462,*0.491 
   249  2:neutral  2:neutral       0.162,*0.498,0.339 
   250  2:neutral  2:neutral       0.034,*0.719,0.247 
   251  2:neutral  2:neutral       0.063,*0.548,0.389 
   252  2:neutral 3:positive   +   0.042,0.376,*0.582 
   253  2:neutral  2:neutral       0.097,*0.757,0.146 
   254  2:neutral  2:neutral       0.115,*0.784,0.101 
   255  2:neutral  2:neutral       0.059,*0.766,0.175 
   256  2:neutral  2:neutral       0.084,*0.698,0.218 
   257  2:neutral  2:neutral       0.081,*0.667,0.252 
   258  2:neutral  2:neutral       0.075,*0.872,0.053 
   259  2:neutral  2:neutral       0.097,*0.458,0.445 
   260  2:neutral  2:neutral       0.057,*0.833,0.11 
   261  2:neutral 3:positive   +   0.03,0.256,*0.714 
   262  2:neutral  2:neutral       0.04,*0.813,0.147 
   263  2:neutral  2:neutral       0.067,*0.608,0.325 
   264  2:neutral  2:neutral       0.043,*0.855,0.102 
   265  2:neutral  2:neutral       0.123,*0.561,0.315 
   266  2:neutral  2:neutral       0.037,*0.843,0.12 
   267  2:neutral 3:positive   +   0.181,0.314,*0.505 
   268  2:neutral  2:neutral       0.244,*0.546,0.21 
   269  2:neutral  2:neutral       0.22,*0.48,0.3 
   270  2:neutral  2:neutral       0.129,*0.583,0.289 
   271  2:neutral 1:negative   +   *0.412,0.291,0.297 
   272  2:neutral  2:neutral       0.088,*0.594,0.318 
   273  2:neutral  2:neutral       0.314,*0.565,0.12 
   274  2:neutral  2:neutral       0.04,*0.529,0.431 
   275  2:neutral 1:negative   +   *0.658,0.107,0.235 
   276  2:neutral  2:neutral       0.043,*0.856,0.1 
   277  2:neutral  2:neutral       0.017,*0.506,0.477 
   278  2:neutral  2:neutral       0.027,*0.785,0.187 
   279  2:neutral  2:neutral       0.143,*0.461,0.396 
   280  2:neutral  2:neutral       0.027,*0.488,0.484 
   281  2:neutral  2:neutral       0.072,*0.758,0.17 
   282  2:neutral  2:neutral       0.051,*0.826,0.123 
   283  2:neutral 3:positive   +   0.3,0.32,*0.379 
   284  2:neutral 3:positive   +   0.049,0.473,*0.478 
   285  2:neutral  2:neutral       0.017,*0.924,0.058 
   286  2:neutral  2:neutral       0.101,*0.495,0.404 
   287  2:neutral  2:neutral       0.06,*0.855,0.086 
   288  2:neutral  2:neutral       0.17,*0.707,0.123 
   289  2:neutral  2:neutral       0.133,*0.686,0.18 
   290  2:neutral  2:neutral       0.016,*0.545,0.44 
   291  2:neutral  2:neutral       0.22,*0.477,0.302 
   292  2:neutral 1:negative   +   *0.61,0.217,0.173 
   293  2:neutral 3:positive   +   0.046,0.392,*0.562 
   294  2:neutral 3:positive   +   0.063,0.437,*0.5 
   295  2:neutral  2:neutral       0.164,*0.792,0.044 
   296  2:neutral  2:neutral       0.063,*0.7,0.237 
   297  2:neutral 3:positive   +   0.161,0.262,*0.577 
   298  2:neutral  2:neutral       0.091,*0.819,0.09 
   299  2:neutral  2:neutral       0.138,*0.705,0.157 
   300  2:neutral  2:neutral       0.098,*0.792,0.11 
   301  2:neutral  2:neutral       0.031,*0.633,0.336 
   302  2:neutral  2:neutral       0.074,*0.774,0.152 
   303  2:neutral 3:positive   +   0.099,0.222,*0.679 
   304  2:neutral  2:neutral       0.208,*0.401,0.39 
   305  2:neutral  2:neutral       0.026,*0.822,0.152 
   306  2:neutral  2:neutral       0.06,*0.709,0.232 
   307  2:neutral  2:neutral       0.04,*0.729,0.231 
   308  2:neutral  2:neutral       0.07,*0.916,0.013 
   309  2:neutral 3:positive   +   0.036,0.161,*0.803 
   310  2:neutral  2:neutral       0.126,*0.842,0.032 
   311  2:neutral  2:neutral       0.16,*0.436,0.404 
   312  2:neutral  2:neutral       0.083,*0.709,0.208 
   313  2:neutral  2:neutral       0.175,*0.705,0.12 
   314  2:neutral  2:neutral       0.205,*0.609,0.185 
   315  2:neutral  2:neutral       0.019,*0.629,0.352 
   316  2:neutral 3:positive   +   0.053,0.388,*0.56 
   317  2:neutral  2:neutral       0.148,*0.633,0.219 
   318  2:neutral  2:neutral       0.08,*0.76,0.16 
   319  2:neutral 3:positive   +   0.194,0.402,*0.404 
   320  2:neutral  2:neutral       0.151,*0.692,0.157 
   321  2:neutral  2:neutral       0.133,*0.748,0.118 
   322  2:neutral  2:neutral       0.043,*0.858,0.099 
   323  2:neutral  2:neutral       0.073,*0.508,0.419 
   324  2:neutral  2:neutral       0.084,*0.775,0.14 
   325  2:neutral  2:neutral       0.041,*0.767,0.192 
   326  2:neutral  2:neutral       0.092,*0.647,0.261 
   327  2:neutral 1:negative   +   *0.956,0.028,0.016 
   328  2:neutral 1:negative   +   *0.723,0.199,0.078 
   329  2:neutral 1:negative   +   *0.563,0.34,0.097 
   330  2:neutral  2:neutral       0.026,*0.876,0.098 
   331  2:neutral  2:neutral       0.098,*0.654,0.248 
   332  2:neutral  2:neutral       0.066,*0.794,0.139 
   333  2:neutral  2:neutral       0.024,*0.767,0.209 
   334  2:neutral 1:negative   +   *0.504,0.283,0.213 
   335  2:neutral 3:positive   +   0.021,0.272,*0.706 
   336  2:neutral  2:neutral       0.077,*0.589,0.335 
   337  2:neutral  2:neutral       0.065,*0.825,0.11 
   338  2:neutral  2:neutral       0.084,*0.602,0.313 
   339  2:neutral  2:neutral       0.066,*0.804,0.13 
   340  2:neutral  2:neutral       0.333,*0.461,0.206 
   341  2:neutral  2:neutral       0.062,*0.686,0.253 
   342  2:neutral 3:positive   +   0.12,0.084,*0.796 
   343  2:neutral  2:neutral       0.24,*0.612,0.148 
   344  2:neutral  2:neutral       0.021,*0.567,0.411 
   345  2:neutral  2:neutral       0.015,*0.861,0.124 
   346  2:neutral  2:neutral       0.068,*0.56,0.372 
   347  2:neutral  2:neutral       0.081,*0.667,0.252 
   348  2:neutral  2:neutral       0.173,*0.55,0.276 
   349  2:neutral  2:neutral       0.172,*0.614,0.214 
   350  2:neutral  2:neutral       0.048,*0.646,0.306 
   351  2:neutral  2:neutral       0.031,*0.729,0.24 
   352  2:neutral  2:neutral       0.04,*0.731,0.229 
   353  2:neutral  2:neutral       0.256,*0.565,0.179 
   354  2:neutral 1:negative   +   *0.822,0.076,0.103 
   355  2:neutral  2:neutral       0.064,*0.71,0.226 
