Zero Weights processed. Default weights will be used
..
Warning: using -h 0 may be faster
*
optimization finished, #iter = 2092
C = 1715.675994334156
obj = 914323.4186925867, rho = -14.537382101583747
nSV = 2294, nBSV = 639
Total nSV = 2294
..
Warning: using -h 0 may be faster
*
optimization finished, #iter = 2158
C = 1709.500554759253
obj = 949739.0429304023, rho = -38.524939684122906
nSV = 2301, nBSV = 654
Total nSV = 2301
..
Warning: using -h 0 may be faster
*
optimization finished, #iter = 2166
C = 1756.5137828047493
obj = 971515.2962381797, rho = -24.607203105918874
nSV = 2290, nBSV = 627
Total nSV = 2290
..
Warning: using -h 0 may be faster
*
optimization finished, #iter = 2200
C = 1771.8314492241361
obj = 993128.9200349288, rho = -22.71489580067214
nSV = 2337, nBSV = 627
Total nSV = 2337
..
Warning: using -h 0 may be faster
*
optimization finished, #iter = 2056
C = 1732.7907616714488
obj = 946082.2866187451, rho = -14.389112957521785
nSV = 2268, nBSV = 652
Total nSV = 2268
..
Warning: using -h 0 may be faster
*
optimization finished, #iter = 2789
C = 1797.9647322628705
obj = 1164607.3009485842, rho = -38.96034509986816
nSV = 2780, nBSV = 833
...
Warning: using -h 0 may be faster
*
optimization finished, #iter = 3411
C = 3440.766919585635
obj = 3217543.915306817, rho = -172.00474305851043
nSV = 3740, nBSV = 965
Total nSV = 3740
...
Warning: using -h 0 may be faster
*
optimization finished, #iter = 3111
C = 3354.3795483537456
obj = 3194362.0239822385, rho = -2.9389753743125726
nSV = 3678, nBSV = 993
Total nSV = 3678
...
Warning: using -h 0 may be faster
*
optimization finished, #iter = 3158
C = 3600.5658543930954
obj = 3520582.620230604, rho = -6.817205240602324
nSV = 3681, nBSV = 990
Total nSV = 3681
...
Warning: using -h 0 may be faster
*
optimization finished, #iter = 3248
C = 3541.0660192960218
obj = 3342088.8741539386, rho = 2.928357050232295
nSV = 3734, nBSV = 967
Total nSV = 3734
..
Warning: using -h 0 may be faster
*
optimization finished, #iter = 2951
C = 3453.0378279750557
obj = 3375308.3894712785, rho = -13.836093895345032
nSV = 3598, nBSV = 1017
Total nSV = 3598
....
Warning: using -h 0 may be faster
*
optimization finished, #iter = 4172
C = 3721.775123531539
obj = 4275796.19263597, rho = -13.938137948778582
nSV = 4523, nBSV = 1253
..
Warning: using -h 0 may be faster
*
optimization finished, #iter = 2372
C = 2049.8352194480353
obj = 1337198.0218295723, rho = -109.65275291095105
nSV = 2727, nBSV = 720
Total nSV = 2727
..
Warning: using -h 0 may be faster
*
optimization finished, #iter = 2493
C = 1976.8695198857076
obj = 1281900.8704510217, rho = -61.97294316161924
nSV = 2714, nBSV = 698
Total nSV = 2714
..
Warning: using -h 0 may be faster
*
optimization finished, #iter = 2390
C = 1996.3747322417678
obj = 1292771.5957789284, rho = -69.62367717653915
nSV = 2662, nBSV = 731
Total nSV = 2662
..
Warning: using -h 0 may be faster
*
optimization finished, #iter = 2395
C = 2080.422562559899
obj = 1389010.8587073947, rho = -90.12361235524813
nSV = 2683, nBSV = 719
Total nSV = 2683
..
Warning: using -h 0 may be faster
*
optimization finished, #iter = 2400
C = 2067.3285123403375
obj = 1333171.937967517, rho = -88.13367071569027
nSV = 2704, nBSV = 722
Total nSV = 2704
..
Warning: using -h 0 may be faster
*
optimization finished, #iter = 2924
C = 2097.3861022130172
obj = 1598463.7109307025, rho = -0.3576434431746346
nSV = 3226, nBSV = 973
Total nSV = 7316
.
Warning: using -h 0 may be faster
*
optimization finished, #iter = 1759
C = 1704.445691306428
obj = 767997.0662341294, rho = -31.97814457428066
nSV = 1890, nBSV = 466
Total nSV = 1890
.
Warning: using -h 0 may be faster
*
optimization finished, #iter = 1810
C = 1671.2748082964258
obj = 759924.5686303067, rho = -36.43387043273464
nSV = 1896, nBSV = 477
Total nSV = 1896
.
Warning: using -h 0 may be faster
*
optimization finished, #iter = 1760
C = 1724.3607477990781
obj = 791624.2859055557, rho = -15.686579583761048
nSV = 1924, nBSV = 462
Total nSV = 1924
.
Warning: using -h 0 may be faster
*
optimization finished, #iter = 1773
C = 1669.1023600301928
obj = 761503.478982845, rho = -37.3726458724333
nSV = 1904, nBSV = 479
Total nSV = 1904
.
Warning: using -h 0 may be faster
*
optimization finished, #iter = 1772
C = 1675.6272906435336
obj = 747313.2594234508, rho = -11.641761285125934
nSV = 1897, nBSV = 483
Total nSV = 1897
..
Warning: using -h 0 may be faster
*
optimization finished, #iter = 2208
C = 1735.898914607181
obj = 936749.1362116835, rho = -29.62383470153642
nSV = 2294, nBSV = 613
..
Warning: using -h 0 may be faster
*
optimization finished, #iter = 2675
C = 3322.1057520122718
obj = 2747792.735923748, rho = -174.87468431305666
nSV = 3095, nBSV = 721
Total nSV = 3095
..
Warning: using -h 0 may be faster
*
optimization finished, #iter = 2631
C = 3169.9306466612206
obj = 2539508.913820974, rho = -149.18198412146072
nSV = 3119, nBSV = 709
Total nSV = 3119
..
Warning: using -h 0 may be faster
*
optimization finished, #iter = 2677
C = 3145.7045834557416
obj = 2498947.049031505, rho = -147.7678165867916
nSV = 3074, nBSV = 723
Total nSV = 3074
..
Warning: using -h 0 may be faster
*
optimization finished, #iter = 2600
C = 3098.2151243627636
obj = 2409322.2721781004, rho = -155.48793325637345
nSV = 3075, nBSV = 726
Total nSV = 3075
..
Warning: using -h 0 may be faster
*
optimization finished, #iter = 2722
C = 3177.4320209374114
obj = 2518335.383462543, rho = -176.43397372073656
nSV = 3100, nBSV = 707
Total nSV = 3100
...
Warning: using -h 0 may be faster
*
optimization finished, #iter = 3228
C = 3290.2498266615344
obj = 3066612.7561845863, rho = -3.954884982563084
nSV = 3706, nBSV = 966
.
Warning: using -h 0 may be faster
*
optimization finished, #iter = 1916
C = 1798.2731748316726
obj = 946649.4447964416, rho = 27.421794316297902
nSV = 2180, nBSV = 555
Total nSV = 2180
.
Warning: using -h 0 may be faster
*
optimization finished, #iter = 1979
C = 1868.4220071038253
obj = 989363.3199580883, rho = 1.9947241769542932
nSV = 2217, nBSV = 545
Total nSV = 2217
.
Warning: using -h 0 may be faster
*
optimization finished, #iter = 1777
C = 1846.1487365916246
obj = 988656.6265983287, rho = 11.009256685567797
nSV = 2180, nBSV = 555
Total nSV = 2180
.
Warning: using -h 0 may be faster
*
optimization finished, #iter = 1792
C = 1858.452101391187
obj = 988490.199712722, rho = 3.2877917229638527
nSV = 2175, nBSV = 578
Total nSV = 2175
.
Warning: using -h 0 may be faster
*
optimization finished, #iter = 1801
C = 1842.240356220115
obj = 982712.6451507218, rho = -4.01506030792134
nSV = 2169, nBSV = 581
Total nSV = 2169
..
Warning: using -h 0 may be faster
*
optimization finished, #iter = 2310
C = 1946.7583012537718
obj = 1270481.8204117664, rho = 15.902732780961307
nSV = 2661, nBSV = 749
Total nSV = 5962
.
Warning: using -h 0 may be faster
*
optimization finished, #iter = 1752
C = 1731.2944266650554
obj = 789829.9406233942, rho = -21.896972985760332
nSV = 1896, nBSV = 479
Total nSV = 1896
.
Warning: using -h 0 may be faster
*
optimization finished, #iter = 1744
C = 1761.7369975316608
obj = 800694.6883826277, rho = -36.71470237972514
nSV = 1871, nBSV = 472
Total nSV = 1871
.
Warning: using -h 0 may be faster
*
optimization finished, #iter = 1760
C = 1689.162764370028
obj = 757680.2627291047, rho = -12.575361627872946
nSV = 1909, nBSV = 486
Total nSV = 1909
.
Warning: using -h 0 may be faster
*
optimization finished, #iter = 1754
C = 1688.213482120669
obj = 751416.5271949823, rho = -28.495646173373373
nSV = 1900, nBSV = 490
Total nSV = 1900
.
Warning: using -h 0 may be faster
*
optimization finished, #iter = 1780
C = 1671.131484388804
obj = 739024.5252546081, rho = -21.840663985354936
nSV = 1917, nBSV = 470
Total nSV = 1917
..
Warning: using -h 0 may be faster
*
optimization finished, #iter = 2270
C = 1780.1002214820473
obj = 961892.3911015159, rho = -34.082624906966814
nSV = 2299, nBSV = 626
..
Warning: using -h 0 may be faster
*
optimization finished, #iter = 2821
C = 3316.322864063902
obj = 2631330.118206757, rho = -134.8482649290335
nSV = 3115, nBSV = 698
Total nSV = 3115
..
Warning: using -h 0 may be faster
*
optimization finished, #iter = 2663
C = 3114.4978908109433
obj = 2362696.894607739, rho = -25.922991214723623
nSV = 3088, nBSV = 725
Total nSV = 3088
..
Warning: using -h 0 may be faster
*
optimization finished, #iter = 2574
C = 3068.0120096714318
obj = 2394230.3884242224, rho = -10.793484449976075
nSV = 3060, nBSV = 730
Total nSV = 3060
..
Warning: using -h 0 may be faster
*
optimization finished, #iter = 2726
C = 3044.797358431347
obj = 2323276.168311301, rho = -31.558030916321364
nSV = 3059, nBSV = 722
Total nSV = 3059
..
Warning: using -h 0 may be faster
*
optimization finished, #iter = 2638
C = 3151.3574924291242
obj = 2441849.9840892516, rho = -18.41624347986527
nSV = 3044, nBSV = 735
Total nSV = 3044
...
Warning: using -h 0 may be faster
*
optimization finished, #iter = 3058
C = 3376.343043527241
obj = 3234830.046389791, rho = -11.954589162965785
nSV = 3654, nBSV = 998
.
Warning: using -h 0 may be faster
*
optimization finished, #iter = 1902
C = 1898.1833982784672
obj = 1004692.2163223703, rho = -77.65633138338613
nSV = 2209, nBSV = 537
Total nSV = 2209
.
Warning: using -h 0 may be faster
*
optimization finished, #iter = 1928
C = 1911.1781283410926
obj = 1010040.904834967, rho = 6.77742701012659
nSV = 2179, nBSV = 550
Total nSV = 2179
..
Warning: using -h 0 may be faster
*
optimization finished, #iter = 2062
C = 1893.7460808384035
obj = 975908.3414686372, rho = -12.773593991316845
nSV = 2251, nBSV = 556
Total nSV = 2251
.
Warning: using -h 0 may be faster
*
optimization finished, #iter = 1862
C = 1896.7592891396248
obj = 1008993.0576881674, rho = 12.310096888129177
nSV = 2174, nBSV = 551
Total nSV = 2174
.
Warning: using -h 0 may be faster
*
optimization finished, #iter = 1848
C = 1809.6058561991945
obj = 941832.7146591406, rho = 5.497925997522813
nSV = 2181, nBSV = 578
Total nSV = 2181
Line search fails in two-class probability estimates
..
Warning: using -h 0 may be faster
*
optimization finished, #iter = 2228
C = 2042.4937643760657
obj = 1324447.1708518586, rho = -13.458849513426378
nSV = 2624, nBSV = 737
Total nSV = 5883
..
Warning: using -h 0 may be faster
*
optimization finished, #iter = 2689
C = 3365.7540705370075
obj = 2669979.3770519146, rho = -19.89529203199986
nSV = 3075, nBSV = 706
Total nSV = 3075
..
Warning: using -h 0 may be faster
*
optimization finished, #iter = 2859
C = 3255.380170592604
obj = 2501558.365982014, rho = 1.3652676530317833
nSV = 3104, nBSV = 694
Total nSV = 3104
..
Warning: using -h 0 may be faster
*
optimization finished, #iter = 2943
C = 3175.1070014696334
obj = 2450958.977721778, rho = 19.873451058061264
nSV = 3132, nBSV = 685
Total nSV = 3132
..
Warning: using -h 0 may be faster
*
optimization finished, #iter = 2753
C = 3233.077960820922
obj = 2514655.3371857265, rho = 20.394210254212958
nSV = 3066, nBSV = 725
Total nSV = 3066
..
Warning: using -h 0 may be faster
*
optimization finished, #iter = 2663
C = 3160.4126659898643
obj = 2512346.222896367, rho = 21.207176583933506
nSV = 3046, nBSV = 720
Total nSV = 3046
...
Warning: using -h 0 may be faster
*
optimization finished, #iter = 3428
C = 3678.9174637993156
obj = 3634279.451998007, rho = -208.58567166260076
nSV = 3792, nBSV = 920
..
Warning: using -h 0 may be faster
*
optimization finished, #iter = 2023
C = 2013.5735883277064
obj = 1080611.895161112, rho = -90.57380417444891
nSV = 2259, nBSV = 536
Total nSV = 2259
..
Warning: using -h 0 may be faster
*
optimization finished, #iter = 2058
C = 2011.1581171115604
obj = 1083472.4966579704, rho = 11.59066806276381
nSV = 2264, nBSV = 536
Total nSV = 2264
.
Warning: using -h 0 may be faster
*
optimization finished, #iter = 1949
C = 2050.362341060732
obj = 1119903.794998819, rho = -19.097134782528233
nSV = 2237, nBSV = 538
Total nSV = 2237
.
Warning: using -h 0 may be faster
*
optimization finished, #iter = 1878
C = 1940.3363018804323
obj = 1047036.9741542228, rho = 11.705461925016637
nSV = 2210, nBSV = 554
Total nSV = 2210
.
Warning: using -h 0 may be faster
*
optimization finished, #iter = 1897
C = 1898.878111585713
obj = 996149.04556579, rho = 1.921619622389101
nSV = 2200, nBSV = 544
Total nSV = 2200
..
Warning: using -h 0 may be faster
*
optimization finished, #iter = 2458
C = 2199.5162319738133
obj = 1463734.7898197274, rho = -103.21844952599083
nSV = 2701, nBSV = 734
.
Warning: using -h 0 may be faster
*
optimization finished, #iter = 1722
C = 1674.3355956937387
obj = 754462.0802096692, rho = -31.71651668609817
nSV = 1893, nBSV = 486
Total nSV = 1893
.
Warning: using -h 0 may be faster
*
optimization finished, #iter = 1748
C = 1658.739053262825
obj = 747920.5525088888, rho = -21.92262963184371
nSV = 1871, nBSV = 490
Total nSV = 1871
.
Warning: using -h 0 may be faster
*
optimization finished, #iter = 1725
C = 1724.2905360699747
obj = 775913.7568927138, rho = -41.107567329488454
nSV = 1894, nBSV = 483
Total nSV = 1894
.
Warning: using -h 0 may be faster
*
optimization finished, #iter = 1819
C = 1703.4033154462782
obj = 780869.0999263077, rho = -32.98234062327277
nSV = 1890, nBSV = 464
Total nSV = 1890
.
Warning: using -h 0 may be faster
*
optimization finished, #iter = 1849
C = 1734.6282959707298
obj = 781050.7871440972, rho = -43.819633605315545
nSV = 1924, nBSV = 473
Total nSV = 1924
..
Warning: using -h 0 may be faster
*
optimization finished, #iter = 2295
C = 1821.038289217244
obj = 1011135.9961887755, rho = -34.610810201689084
nSV = 2286, nBSV = 631
Total nSV = 6055
.
Warning: using -h 0 may be faster
*
optimization finished, #iter = 1808
C = 1779.5866588720082
obj = 841238.0913864772, rho = -37.828671978475334
nSV = 1926, nBSV = 456
Total nSV = 1926
.
Warning: using -h 0 may be faster
*
optimization finished, #iter = 1763
C = 1724.6668063210518
obj = 792992.1072740069, rho = -26.251472852109654
nSV = 1914, nBSV = 478
Total nSV = 1914
.
Warning: using -h 0 may be faster
*
optimization finished, #iter = 1772
C = 1686.7672036794138
obj = 757991.5085188263, rho = -18.18064817175429
nSV = 1905, nBSV = 481
Total nSV = 1905
.
Warning: using -h 0 may be faster
*
optimization finished, #iter = 1731
C = 1767.1926899507703
obj = 827655.3276423716, rho = -37.91268498467764
nSV = 1891, nBSV = 470
Total nSV = 1891
.
Warning: using -h 0 may be faster
*
optimization finished, #iter = 1736
C = 1740.1441346107283
obj = 812836.0741036827, rho = -26.11461290783152
nSV = 1914, nBSV = 466
Total nSV = 1914
Line search fails in two-class probability estimates
..
Warning: using -h 0 may be faster
*
optimization finished, #iter = 2112
C = 1764.7213832514817
obj = 977800.1118429848, rho = -34.44504638087898
nSV = 2305, nBSV = 655
..
Warning: using -h 0 may be faster
*
optimization finished, #iter = 2023
C = 1864.961052990617
obj = 972668.9510494061, rho = -68.1234626029325
nSV = 2242, nBSV = 553
Total nSV = 2242
.
Warning: using -h 0 may be faster
*
optimization finished, #iter = 1831
C = 1972.5640258676167
obj = 1083767.034017003, rho = -45.7969341561729
nSV = 2186, nBSV = 545
Total nSV = 2186
.
Warning: using -h 0 may be faster
*
optimization finished, #iter = 1753
C = 1880.5783585310817
obj = 1030539.2400980166, rho = -57.50466750813086
nSV = 2158, nBSV = 568
Total nSV = 2158
.
Warning: using -h 0 may be faster
*
optimization finished, #iter = 1893
C = 1971.8300412526296
obj = 1092036.8953550707, rho = -90.58647829480626
nSV = 2194, nBSV = 555
Total nSV = 2194
.
Warning: using -h 0 may be faster
*
optimization finished, #iter = 1888
C = 2005.7494541505203
obj = 1100656.7794045673, rho = -76.82602791021311
nSV = 2202, nBSV = 543
Total nSV = 2202
..
Warning: using -h 0 may be faster
*
optimization finished, #iter = 2348
C = 2016.1906737561735
obj = 1296418.5242953014, rho = 2.76011657273656
nSV = 2642, nBSV = 749
..
Warning: using -h 0 may be faster
*
optimization finished, #iter = 2539
C = 3115.689561424688
obj = 2411400.623048692, rho = -30.24929065538777
nSV = 3028, nBSV = 735
Total nSV = 3028
..
Warning: using -h 0 may be faster
*
optimization finished, #iter = 2727
C = 3114.3665828261906
obj = 2398685.734057099, rho = -2.0941794252133685
nSV = 3061, nBSV = 715
Total nSV = 3061
..
Warning: using -h 0 may be faster
*
optimization finished, #iter = 2795
C = 3320.282405163668
obj = 2576884.3330929526, rho = -18.383542989566333
nSV = 3108, nBSV = 707
Total nSV = 3108
..
Warning: using -h 0 may be faster
*
optimization finished, #iter = 2578
C = 3000.611384981302
obj = 2264483.2884371313, rho = 8.197406340420134
nSV = 2998, nBSV = 748
Total nSV = 2998
..
Warning: using -h 0 may be faster
*
optimization finished, #iter = 2649
C = 3041.477409088786
obj = 2320539.25299315, rho = 11.882404267026937
nSV = 3053, nBSV = 734
Total nSV = 3053
...
Warning: using -h 0 may be faster
*
optimization finished, #iter = 3214
C = 3431.053570246308
obj = 3312555.5297893034, rho = -12.846869295395116
nSV = 3703, nBSV = 999
Total nSV = 5964
.
Warning: using -h 0 may be faster
*
optimization finished, #iter = 1951
C = 1842.169010118545
obj = 960070.7946957826, rho = -56.14734202970856
nSV = 2221, nBSV = 566
Total nSV = 2221
.
Warning: using -h 0 may be faster
*
optimization finished, #iter = 1884
C = 1839.8243287087005
obj = 977483.9197087162, rho = -70.5485336134676
nSV = 2179, nBSV = 550
Total nSV = 2179
.
Warning: using -h 0 may be faster
*
optimization finished, #iter = 1960
C = 2006.2787220651653
obj = 1070412.6147899432, rho = -87.61084457181333
nSV = 2213, nBSV = 529
Total nSV = 2213
.
Warning: using -h 0 may be faster
*
optimization finished, #iter = 1983
C = 1882.995979564317
obj = 999058.0184188134, rho = -68.74850636118549
nSV = 2231, nBSV = 537
Total nSV = 2231
.
Warning: using -h 0 may be faster
*
optimization finished, #iter = 1874
C = 1951.473109964562
obj = 1056027.544838015, rho = -85.70025041403926
nSV = 2183, nBSV = 560
Total nSV = 2183
..
Warning: using -h 0 may be faster
*
optimization finished, #iter = 2300
C = 1937.9655514967947
obj = 1219318.903317276, rho = -5.271520660236628
nSV = 2619, nBSV = 748
.
Warning: using -h 0 may be faster
*
optimization finished, #iter = 1689
C = 1729.2179107409327
obj = 794908.4078165563, rho = -29.539290342703886
nSV = 1850, nBSV = 488
Total nSV = 1850
.
Warning: using -h 0 may be faster
*
optimization finished, #iter = 1726
C = 1661.867678836661
obj = 757405.1172988458, rho = -45.336523482488126
nSV = 1853, nBSV = 479
Total nSV = 1853
.
Warning: using -h 0 may be faster
*
optimization finished, #iter = 1818
C = 1733.236056638185
obj = 784928.0706039935, rho = -27.016789966296358
nSV = 1907, nBSV = 509
Total nSV = 1907
.
Warning: using -h 0 may be faster
*
optimization finished, #iter = 1777
C = 1675.6580343427283
obj = 761975.5782140449, rho = -33.30033500890947
nSV = 1912, nBSV = 484
Total nSV = 1912
.
Warning: using -h 0 may be faster
*
optimization finished, #iter = 1766
C = 1699.957264685322
obj = 781229.27301748, rho = -43.409607158508685
nSV = 1882, nBSV = 467
Total nSV = 1882
..
Warning: using -h 0 may be faster
*
optimization finished, #iter = 2155
C = 1701.7978685300734
obj = 915117.7135877303, rho = -18.73851435790367
nSV = 2265, nBSV = 657
..
Warning: using -h 0 may be faster
*
optimization finished, #iter = 2637
C = 3234.973143623662
obj = 2606406.934219565, rho = -141.63420225684936
nSV = 3079, nBSV = 750
Total nSV = 3079
..
Warning: using -h 0 may be faster
*
optimization finished, #iter = 2793
C = 3358.5794558420707
obj = 2672214.7681019777, rho = -154.73423280008635
nSV = 3102, nBSV = 684
Total nSV = 3102
..
Warning: using -h 0 may be faster
*
optimization finished, #iter = 2790
C = 3352.8860058693544
obj = 2676791.767576294, rho = -139.01981852235414
nSV = 3112, nBSV = 709
Total nSV = 3112
..
Warning: using -h 0 may be faster
*
optimization finished, #iter = 2758
C = 3326.8045988661797
obj = 2661346.7827190547, rho = -195.13844038971067
nSV = 3115, nBSV = 711
Total nSV = 3115
..
Warning: using -h 0 may be faster
*
optimization finished, #iter = 2639
C = 3333.951071534869
obj = 2670056.487287514, rho = -155.61617068990753
nSV = 3052, nBSV = 723
Total nSV = 3052
...
Warning: using -h 0 may be faster
*
optimization finished, #iter = 3220
C = 3514.011302989371
obj = 3427320.3838835456, rho = -204.27087787211573
nSV = 3691, nBSV = 971
Total nSV = 5961


=== Predictions under cross-validation ===

 inst#     actual  predicted error distribution
     1  2:neutral  2:neutral       0.382,*0.405,0.213 
     2  2:neutral  2:neutral       0.022,*0.77,0.209 
     3  2:neutral 3:positive   +   0.1,0.252,*0.649 
     4  2:neutral  2:neutral       0.06,*0.679,0.261 
     5  2:neutral  2:neutral       0.026,*0.635,0.34 
     6  2:neutral  2:neutral       0.424,*0.476,0.101 
     7  2:neutral  2:neutral       0.038,*0.487,0.475 
     8  2:neutral  2:neutral       0.191,*0.637,0.171 
     9  2:neutral  2:neutral       0.14,*0.527,0.333 
    10  2:neutral 1:negative   +   *0.777,0.098,0.125 
    11  2:neutral 3:positive   +   0.038,0.338,*0.625 
    12  2:neutral  2:neutral       0.08,*0.752,0.168 
    13  2:neutral  2:neutral       0.108,*0.711,0.181 
    14  2:neutral  2:neutral       0.033,*0.676,0.291 
    15  2:neutral  2:neutral       0.348,*0.422,0.229 
    16  2:neutral  2:neutral       0.065,*0.598,0.337 
    17  2:neutral  2:neutral       0.275,*0.419,0.307 
    18  2:neutral  2:neutral       0.275,*0.482,0.243 
    19  2:neutral  2:neutral       0.068,*0.519,0.413 
    20  2:neutral  2:neutral       0.025,*0.934,0.041 
    21  2:neutral  2:neutral       0.346,*0.346,0.308 
    22  2:neutral  2:neutral       0.103,*0.575,0.323 
    23  2:neutral  2:neutral       0.119,*0.621,0.26 
    24  2:neutral  2:neutral       0.07,*0.793,0.137 
    25  2:neutral  2:neutral       0.089,*0.664,0.247 
    26  2:neutral 3:positive   +   0.088,0.181,*0.73 
    27  2:neutral  2:neutral       0.048,*0.738,0.214 
    28  2:neutral  2:neutral       0.325,*0.469,0.206 
    29  2:neutral  2:neutral       0.051,*0.652,0.296 
    30  2:neutral 3:positive   +   0.052,0.261,*0.687 
    31  2:neutral  2:neutral       0.453,*0.483,0.064 
    32  2:neutral 1:negative   +   *0.881,0.075,0.044 
    33  2:neutral  2:neutral       0.015,*0.826,0.159 
    34  2:neutral  2:neutral       0.103,*0.579,0.318 
    35  2:neutral  2:neutral       0.154,*0.76,0.086 
    36  2:neutral  2:neutral       0.018,*0.712,0.27 
    37  2:neutral  2:neutral       0.165,*0.582,0.253 
    38  2:neutral  2:neutral       0.139,*0.658,0.203 
    39  2:neutral  2:neutral       0.073,*0.539,0.388 
    40  2:neutral  2:neutral       0.09,*0.701,0.209 
    41  2:neutral  2:neutral       0.078,*0.779,0.143 
    42  2:neutral  2:neutral       0.14,*0.588,0.272 
    43  2:neutral 3:positive   +   0.32,0.055,*0.625 
    44  2:neutral 3:positive   +   0.077,0.459,*0.464 
    45  2:neutral  2:neutral       0.076,*0.68,0.244 
    46  2:neutral  2:neutral       0.101,*0.544,0.354 
    47  2:neutral  2:neutral       0.093,*0.59,0.316 
    48  2:neutral  2:neutral       0.077,*0.598,0.325 
    49  2:neutral  2:neutral       0.046,*0.795,0.16 
    50  2:neutral  2:neutral       0.106,*0.692,0.202 
    51  2:neutral  2:neutral       0.24,*0.627,0.133 
    52  2:neutral  2:neutral       0.205,*0.516,0.279 
    53  2:neutral 3:positive   +   0.114,0.405,*0.481 
    54  2:neutral  2:neutral       0.124,*0.605,0.271 
    55  2:neutral  2:neutral       0.049,*0.822,0.129 
    56  2:neutral  2:neutral       0.023,*0.926,0.052 
    57  2:neutral  2:neutral       0.188,*0.602,0.21 
    58  2:neutral 3:positive   +   0.09,0.453,*0.457 
    59  2:neutral  2:neutral       0.074,*0.615,0.311 
    60  2:neutral  2:neutral       0.087,*0.615,0.298 
    61  2:neutral  2:neutral       0.181,*0.652,0.167 
    62  2:neutral  2:neutral       0.176,*0.601,0.223 
    63  2:neutral  2:neutral       0.054,*0.735,0.211 
    64  2:neutral  2:neutral       0.048,*0.68,0.272 
    65  2:neutral  2:neutral       0.308,*0.545,0.147 
    66  2:neutral 3:positive   +   0.25,0.364,*0.386 
    67  2:neutral  2:neutral       0.192,*0.471,0.337 
    68  2:neutral 1:negative   +   *0.426,0.383,0.191 
    69  2:neutral 3:positive   +   0.072,0.358,*0.57 
    70  2:neutral 1:negative   +   *0.373,0.296,0.33 
    71  2:neutral  2:neutral       0.192,*0.607,0.2 
    72  2:neutral 3:positive   +   0.043,0.15,*0.806 
    73  2:neutral  2:neutral       0.138,*0.628,0.233 
    74  2:neutral  2:neutral       0.064,*0.523,0.413 
    75  2:neutral  2:neutral       0.074,*0.762,0.164 
    76  2:neutral  2:neutral       0.07,*0.737,0.193 
    77  2:neutral 3:positive   +   0.054,0.449,*0.496 
    78  2:neutral  2:neutral       0.076,*0.534,0.389 
    79  2:neutral 1:negative   +   *0.496,0.404,0.1 
    80  2:neutral  2:neutral       0.085,*0.794,0.122 
    81  2:neutral  2:neutral       0.346,*0.473,0.181 
    82  2:neutral  2:neutral       0.132,*0.748,0.12 
    83  2:neutral 1:negative   +   *0.503,0.189,0.308 
    84  2:neutral 3:positive   +   0.028,0.128,*0.844 
    85  2:neutral 1:negative   +   *0.433,0.388,0.179 
    86  2:neutral  2:neutral       0.096,*0.695,0.209 
    87  2:neutral  2:neutral       0.015,*0.611,0.374 
    88  2:neutral 3:positive   +   0.034,0.291,*0.675 
    89  2:neutral 3:positive   +   0.393,0.132,*0.475 
    90  2:neutral  2:neutral       0.018,*0.735,0.247 
    91  2:neutral  2:neutral       0.221,*0.591,0.188 
    92  2:neutral  2:neutral       0.171,*0.566,0.263 
    93  2:neutral  2:neutral       0.08,*0.602,0.319 
    94  2:neutral  2:neutral       0.152,*0.463,0.385 
    95  2:neutral 3:positive   +   0.105,0.356,*0.539 
    96  2:neutral  2:neutral       0.244,*0.556,0.2 
    97  2:neutral  2:neutral       0.062,*0.78,0.158 
    98  2:neutral 3:positive   +   0.077,0.449,*0.474 
    99  2:neutral  2:neutral       0.089,*0.707,0.204 
   100  2:neutral  2:neutral       0.066,*0.775,0.159 
   101  2:neutral 3:positive   +   0.085,0.438,*0.478 
   102  2:neutral 3:positive   +   0.089,0.436,*0.475 
   103  2:neutral  2:neutral       0.065,*0.699,0.236 
   104  2:neutral  2:neutral       0.154,*0.48,0.367 
   105  2:neutral  2:neutral       0.067,*0.637,0.296 
   106  2:neutral 3:positive   +   0.07,0.367,*0.563 
   107  2:neutral  2:neutral       0.119,*0.621,0.26 
   108  2:neutral  2:neutral       0.135,*0.659,0.206 
   109  2:neutral  2:neutral       0.019,*0.811,0.17 
   110  2:neutral  2:neutral       0.188,*0.578,0.234 
   111  2:neutral  2:neutral       0.08,*0.493,0.427 
   112  2:neutral  2:neutral       0.014,*0.801,0.185 
   113  2:neutral  2:neutral       0.019,*0.713,0.268 
   114  2:neutral  2:neutral       0.206,*0.398,0.396 
   115  2:neutral  2:neutral       0.1,*0.525,0.375 
   116  2:neutral  2:neutral       0.098,*0.613,0.289 
   117  2:neutral  2:neutral       0.053,*0.871,0.076 
   118  2:neutral 3:positive   +   0.115,0.413,*0.473 
   119  2:neutral  2:neutral       0.067,*0.793,0.14 
   120  2:neutral 3:positive   +   0.079,0.315,*0.606 
   121  2:neutral  2:neutral       0.097,*0.526,0.377 
   122  2:neutral 3:positive   +   0.109,0.248,*0.643 
   123  2:neutral  2:neutral       0.128,*0.807,0.065 
   124  2:neutral  2:neutral       0.183,*0.734,0.083 
   125  2:neutral  2:neutral       0.237,*0.599,0.164 
   126  2:neutral  2:neutral       0.14,*0.553,0.307 
   127  2:neutral  2:neutral       0.072,*0.814,0.114 
   128  2:neutral 3:positive   +   0.053,0.243,*0.704 
   129  2:neutral  2:neutral       0.215,*0.515,0.27 
   130  2:neutral  2:neutral       0.077,*0.678,0.245 
   131  2:neutral  2:neutral       0.331,*0.511,0.158 
   132  2:neutral  2:neutral       0.107,*0.645,0.248 
   133  2:neutral  2:neutral       0.163,*0.552,0.284 
   134  2:neutral  2:neutral       0.03,*0.689,0.281 
   135  2:neutral  2:neutral       0.037,*0.779,0.184 
   136  2:neutral  2:neutral       0.015,*0.861,0.124 
   137  2:neutral  2:neutral       0.1,*0.707,0.193 
   138  2:neutral  2:neutral       0.085,*0.544,0.371 
   139  2:neutral  2:neutral       0.256,*0.482,0.262 
   140  2:neutral  2:neutral       0.241,*0.522,0.237 
   141  2:neutral  2:neutral       0.036,*0.749,0.215 
   142  2:neutral  2:neutral       0.297,*0.486,0.217 
   143  2:neutral  2:neutral       0.112,*0.667,0.22 
   144  2:neutral  2:neutral       0.151,*0.612,0.237 
   145  2:neutral 3:positive   +   0.214,0.233,*0.553 
   146  2:neutral 1:negative   +   *0.489,0.356,0.154 
   147  2:neutral  2:neutral       0.019,*0.745,0.236 
   148  2:neutral  2:neutral       0.151,*0.678,0.17 
   149  2:neutral  2:neutral       0.131,*0.457,0.413 
   150  2:neutral  2:neutral       0.109,*0.724,0.167 
   151  2:neutral  2:neutral       0.106,*0.584,0.31 
   152  2:neutral  2:neutral       0.086,*0.553,0.361 
   153  2:neutral  2:neutral       0.031,*0.859,0.11 
   154  2:neutral  2:neutral       0.064,*0.64,0.296 
   155  2:neutral 3:positive   +   0.038,0.393,*0.57 
   156  2:neutral 3:positive   +   0.076,0.286,*0.638 
   157  2:neutral  2:neutral       0.051,*0.586,0.363 
   158  2:neutral  2:neutral       0.045,*0.776,0.179 
   159  2:neutral  2:neutral       0.055,*0.893,0.052 
   160  2:neutral  2:neutral       0.011,*0.628,0.361 
   161  2:neutral  2:neutral       0.201,*0.555,0.245 
   162  2:neutral  2:neutral       0.019,*0.891,0.09 
   163  2:neutral  2:neutral       0.02,*0.776,0.204 
   164  2:neutral  2:neutral       0.279,*0.502,0.22 
   165  2:neutral  2:neutral       0.036,*0.811,0.154 
   166  2:neutral  2:neutral       0.056,*0.772,0.171 
   167  2:neutral  2:neutral       0.186,*0.461,0.352 
   168  2:neutral  2:neutral       0.077,*0.786,0.137 
   169  2:neutral  2:neutral       0.253,*0.477,0.271 
   170  2:neutral  2:neutral       0.131,*0.654,0.215 
   171  2:neutral  2:neutral       0.157,*0.569,0.274 
   172  2:neutral  2:neutral       0.042,*0.524,0.434 
   173  2:neutral 1:negative   +   *0.659,0.249,0.092 
   174  2:neutral  2:neutral       0.084,*0.675,0.242 
   175  2:neutral 3:positive   +   0.085,0.457,*0.459 
   176  2:neutral 3:positive   +   0.216,0.369,*0.415 
   177  2:neutral  2:neutral       0.028,*0.744,0.228 
   178  2:neutral  2:neutral       0.146,*0.64,0.214 
   179  2:neutral  2:neutral       0.246,*0.583,0.17 
   180  2:neutral  2:neutral       0.076,*0.689,0.235 
   181  2:neutral  2:neutral       0.044,*0.79,0.166 
   182  2:neutral 1:negative   +   *0.702,0.264,0.034 
   183  2:neutral  2:neutral       0.06,*0.639,0.301 
   184  2:neutral 3:positive   +   0.137,0.353,*0.51 
   185  2:neutral  2:neutral       0.103,*0.686,0.211 
   186  2:neutral  2:neutral       0.05,*0.71,0.24 
   187  2:neutral  2:neutral       0.071,*0.605,0.325 
   188  2:neutral  2:neutral       0.134,*0.47,0.396 
   189  2:neutral 1:negative   +   *0.843,0.126,0.031 
   190  2:neutral  2:neutral       0.247,*0.588,0.165 
   191  2:neutral  2:neutral       0.37,*0.498,0.133 
   192  2:neutral  2:neutral       0.071,*0.749,0.18 
   193  2:neutral 3:positive   +   0.019,0.378,*0.603 
   194  2:neutral  2:neutral       0.125,*0.771,0.104 
   195  2:neutral 3:positive   +   0.136,0.281,*0.583 
   196  2:neutral  2:neutral       0.107,*0.643,0.25 
   197  2:neutral  2:neutral       0.082,*0.627,0.291 
   198  2:neutral  2:neutral       0.287,*0.471,0.242 
   199  2:neutral 3:positive   +   0.086,0.266,*0.648 
   200  2:neutral  2:neutral       0.074,*0.614,0.312 
   201  2:neutral  2:neutral       0.025,*0.895,0.08 
   202  2:neutral  2:neutral       0.104,*0.534,0.362 
   203  2:neutral  2:neutral       0.16,*0.437,0.403 
   204  2:neutral  2:neutral       0.019,*0.956,0.026 
   205  2:neutral 3:positive   +   0.027,0.424,*0.549 
   206  2:neutral 1:negative   +   *0.456,0.407,0.137 
   207  2:neutral  2:neutral       0.097,*0.683,0.221 
   208  2:neutral  2:neutral       0.041,*0.829,0.13 
   209  2:neutral  2:neutral       0.045,*0.663,0.292 
   210  2:neutral  2:neutral       0.342,*0.357,0.301 
   211  2:neutral  2:neutral       0.024,*0.81,0.166 
   212  2:neutral  2:neutral       0.046,*0.862,0.092 
   213  2:neutral  2:neutral       0.096,*0.565,0.339 
   214  2:neutral  2:neutral       0.196,*0.61,0.194 
   215  2:neutral  2:neutral       0.072,*0.789,0.139 
   216  2:neutral  2:neutral       0.083,*0.49,0.428 
   217  2:neutral  2:neutral       0.045,*0.83,0.125 
   218  2:neutral  2:neutral       0.205,*0.424,0.37 
   219  2:neutral  2:neutral       0.111,*0.719,0.17 
   220  2:neutral  2:neutral       0.053,*0.585,0.362 
   221  2:neutral 1:negative   +   *0.432,0.248,0.32 
   222  2:neutral 3:positive   +   0.137,0.43,*0.433 
   223  2:neutral  2:neutral       0.098,*0.527,0.374 
   224  2:neutral  2:neutral       0.166,*0.602,0.233 
   225  2:neutral  2:neutral       0.079,*0.811,0.11 
   226  2:neutral  2:neutral       0.066,*0.76,0.174 
   227  2:neutral  2:neutral       0.071,*0.76,0.169 
   228  2:neutral  2:neutral       0.031,*0.498,0.471 
   229  2:neutral  2:neutral       0.035,*0.496,0.468 
   230  2:neutral 1:negative   +   *0.526,0.28,0.194 
   231  2:neutral  2:neutral       0.046,*0.778,0.176 
   232  2:neutral 1:negative   +   *0.424,0.305,0.272 
   233  2:neutral 3:positive   +   0.179,0.376,*0.444 
   234  2:neutral  2:neutral       0.036,*0.611,0.353 
   235  2:neutral  2:neutral       0.154,*0.637,0.209 
   236  2:neutral 3:positive   +   0.194,0.373,*0.433 
   237  2:neutral 3:positive   +   0.011,0.435,*0.554 
   238  2:neutral  2:neutral       0.095,*0.785,0.121 
   239  2:neutral  2:neutral       0.326,*0.381,0.293 
   240  2:neutral 3:positive   +   0.113,0.319,*0.568 
   241  2:neutral  2:neutral       0.353,*0.484,0.162 
   242  2:neutral  2:neutral       0.084,*0.772,0.144 
   243  2:neutral  2:neutral       0.04,*0.546,0.415 
   244  2:neutral  2:neutral       0.097,*0.66,0.243 
   245  2:neutral  2:neutral       0.23,*0.636,0.134 
   246  2:neutral 3:positive   +   0.015,0.451,*0.533 
   247  2:neutral  2:neutral       0.017,*0.947,0.036 
   248  2:neutral 3:positive   +   0.086,0.317,*0.597 
   249  2:neutral 3:positive   +   0.197,0.344,*0.459 
   250  2:neutral  2:neutral       0.07,*0.663,0.266 
   251  2:neutral  2:neutral       0.09,*0.483,0.427 
   252  2:neutral  2:neutral       0.142,*0.553,0.305 
   253  2:neutral  2:neutral       0.185,*0.652,0.163 
   254  2:neutral  2:neutral       0.109,*0.686,0.206 
   255  2:neutral  2:neutral       0.034,*0.758,0.208 
   256  2:neutral  2:neutral       0.062,*0.515,0.423 
   257  2:neutral  2:neutral       0.119,*0.621,0.26 
   258  2:neutral  2:neutral       0.093,*0.828,0.079 
   259  2:neutral  2:neutral       0.041,*0.527,0.431 
   260  2:neutral  2:neutral       0.044,*0.883,0.073 
   261  2:neutral 3:positive   +   0.036,0.333,*0.632 
   262  2:neutral  2:neutral       0.03,*0.625,0.345 
   263  2:neutral  2:neutral       0.072,*0.643,0.285 
   264  2:neutral  2:neutral       0.048,*0.844,0.108 
   265  2:neutral  2:neutral       0.176,*0.503,0.322 
   266  2:neutral  2:neutral       0.063,*0.583,0.353 
   267  2:neutral 3:positive   +   0.182,0.311,*0.507 
   268  2:neutral  2:neutral       0.256,*0.597,0.146 
   269  2:neutral  2:neutral       0.328,*0.437,0.236 
   270  2:neutral 3:positive   +   0.195,0.308,*0.497 
   271  2:neutral 1:negative   +   *0.543,0.224,0.233 
   272  2:neutral 3:positive   +   0.198,0.172,*0.629 
   273  2:neutral  2:neutral       0.409,*0.423,0.168 
   274  2:neutral 3:positive   +   0.035,0.416,*0.549 
   275  2:neutral 3:positive   +   0.263,0.163,*0.575 
   276  2:neutral  2:neutral       0.044,*0.762,0.194 
   277  2:neutral  2:neutral       0.022,*0.519,0.459 
   278  2:neutral  2:neutral       0.048,*0.812,0.14 
   279  2:neutral  2:neutral       0.228,*0.433,0.339 
   280  2:neutral 3:positive   +   0.019,0.383,*0.599 
   281  2:neutral  2:neutral       0.167,*0.576,0.257 
   282  2:neutral  2:neutral       0.075,*0.788,0.136 
   283  2:neutral  2:neutral       0.218,*0.484,0.299 
   284  2:neutral 3:positive   +   0.041,0.435,*0.524 
   285  2:neutral  2:neutral       0.014,*0.899,0.087 
   286  2:neutral  2:neutral       0.103,*0.55,0.346 
   287  2:neutral  2:neutral       0.045,*0.859,0.096 
   288  2:neutral  2:neutral       0.14,*0.711,0.149 
   289  2:neutral  2:neutral       0.125,*0.627,0.248 
   290  2:neutral  2:neutral       0.012,*0.582,0.406 
   291  2:neutral  2:neutral       0.12,*0.455,0.425 
   292  2:neutral 1:negative   +   *0.519,0.31,0.171 
   293  2:neutral  2:neutral       0.079,*0.491,0.429 
   294  2:neutral  2:neutral       0.216,*0.425,0.359 
   295  2:neutral  2:neutral       0.186,*0.773,0.041 
   296  2:neutral  2:neutral       0.107,*0.645,0.248 
   297  2:neutral 3:positive   +   0.174,0.35,*0.476 
   298  2:neutral  2:neutral       0.142,*0.753,0.105 
   299  2:neutral  2:neutral       0.202,*0.654,0.144 
   300  2:neutral  2:neutral       0.119,*0.798,0.083 
   301  2:neutral  2:neutral       0.051,*0.703,0.246 
   302  2:neutral  2:neutral       0.082,*0.611,0.307 
   303  2:neutral 3:positive   +   0.095,0.304,*0.601 
   304  2:neutral 3:positive   +   0.11,0.408,*0.482 
   305  2:neutral  2:neutral       0.025,*0.792,0.182 
   306  2:neutral  2:neutral       0.156,*0.504,0.34 
   307  2:neutral  2:neutral       0.038,*0.639,0.323 
   308  2:neutral  2:neutral       0.144,*0.842,0.013 
   309  2:neutral 3:positive   +   0.027,0.16,*0.813 
   310  2:neutral  2:neutral       0.136,*0.824,0.04 
   311  2:neutral  2:neutral       0.212,*0.535,0.253 
   312  2:neutral  2:neutral       0.118,*0.473,0.409 
   313  2:neutral  2:neutral       0.085,*0.703,0.212 
   314  2:neutral  2:neutral       0.237,*0.571,0.192 
   315  2:neutral 3:positive   +   0.027,0.404,*0.569 
   316  2:neutral 3:positive   +   0.02,0.168,*0.812 
   317  2:neutral  2:neutral       0.159,*0.442,0.398 
   318  2:neutral  2:neutral       0.104,*0.685,0.211 
   319  2:neutral  2:neutral       0.113,*0.531,0.356 
   320  2:neutral  2:neutral       0.191,*0.692,0.118 
   321  2:neutral  2:neutral       0.151,*0.679,0.169 
   322  2:neutral  2:neutral       0.066,*0.851,0.083 
   323  2:neutral  2:neutral       0.156,*0.513,0.331 
   324  2:neutral  2:neutral       0.094,*0.785,0.12 
   325  2:neutral  2:neutral       0.072,*0.627,0.301 
   326  2:neutral  2:neutral       0.09,*0.709,0.201 
   327  2:neutral 1:negative   +   *0.754,0.122,0.124 
   328  2:neutral 1:negative   +   *0.568,0.266,0.166 
   329  2:neutral  2:neutral       0.237,*0.637,0.127 
   330  2:neutral  2:neutral       0.034,*0.871,0.096 
   331  2:neutral  2:neutral       0.116,*0.576,0.308 
   332  2:neutral  2:neutral       0.165,*0.652,0.183 
   333  2:neutral  2:neutral       0.031,*0.695,0.274 
   334  2:neutral  2:neutral       0.339,*0.415,0.246 
   335  2:neutral  2:neutral       0.1,*0.538,0.363 
   336  2:neutral  2:neutral       0.11,*0.575,0.315 
   337  2:neutral  2:neutral       0.078,*0.806,0.116 
   338  2:neutral  2:neutral       0.072,*0.479,0.448 
   339  2:neutral  2:neutral       0.038,*0.787,0.175 
   340  2:neutral  2:neutral       0.273,*0.537,0.19 
   341  2:neutral  2:neutral       0.094,*0.67,0.237 
   342  2:neutral 3:positive   +   0.047,0.081,*0.872 
   343  2:neutral  2:neutral       0.143,*0.592,0.265 
   344  2:neutral  2:neutral       0.04,*0.562,0.397 
   345  2:neutral  2:neutral       0.071,*0.551,0.378 
   346  2:neutral  2:neutral       0.136,*0.483,0.381 
   347  2:neutral  2:neutral       0.119,*0.621,0.26 
   348  2:neutral  2:neutral       0.205,*0.453,0.342 
   349  2:neutral  2:neutral       0.232,*0.506,0.262 
   350  2:neutral  2:neutral       0.077,*0.553,0.37 
   351  2:neutral  2:neutral       0.05,*0.659,0.291 
   352  2:neutral  2:neutral       0.095,*0.597,0.308 
   353  2:neutral  2:neutral       0.284,*0.401,0.315 
   354  2:neutral 1:negative   +   *0.863,0.068,0.069 
   355  2:neutral  2:neutral       0.119,*0.621,0.26 
   356  2:neutral  2:neutral       0.233,*0.385,0.382 
   357  2:neutral 3:positive   +   0.062,0.443,*0.496 
   358  2:neutral  2:neutral       0.26,*0.464,0.275 
   359  2:neutral  2:neutral       0.127,*0.802,0.071 
