Zero Weights processed. Default weights will be used
..
Warning: using -h 0 may be faster
*
optimization finished, #iter = 2459
C = 818.8196626791594
obj = 476236.6211515783, rho = -10.018690609567809
nSV = 2641, nBSV = 1258
Total nSV = 2641
..
Warning: using -h 0 may be faster
*
optimization finished, #iter = 2538
C = 838.562978049279
obj = 493278.0631201026, rho = -14.10254319976617
nSV = 2631, nBSV = 1248
Total nSV = 2631
..
Warning: using -h 0 may be faster
*
optimization finished, #iter = 2600
C = 882.339210955025
obj = 526624.5482557723, rho = -30.371683460746834
nSV = 2645, nBSV = 1218
Total nSV = 2645
..
Warning: using -h 0 may be faster
*
optimization finished, #iter = 2539
C = 789.3476146580075
obj = 454172.45612776146, rho = -11.073390445655116
nSV = 2612, nBSV = 1255
Total nSV = 2612
..
Warning: using -h 0 may be faster
*
optimization finished, #iter = 2463
C = 792.3776963362008
obj = 456545.7444855593, rho = -17.911164353506884
nSV = 2603, nBSV = 1259
Total nSV = 2603
Line search fails in two-class probability estimates
...
Warning: using -h 0 may be faster
*
optimization finished, #iter = 3069
C = 813.629501497928
obj = 564331.5399451196, rho = -13.241772973045034
nSV = 3190, nBSV = 1625
....
Warning: using -h 0 may be faster
*
optimization finished, #iter = 4938
C = 2126.085630411001
obj = 2153988.2696940857, rho = -117.21993922979416
nSV = 4567, nBSV = 1693
Total nSV = 4567
....
Warning: using -h 0 may be faster
*
optimization finished, #iter = 4797
C = 2156.2082805087475
obj = 2157289.3640060374, rho = -113.58385579710401
nSV = 4562, nBSV = 1709
Total nSV = 4562
....
Warning: using -h 0 may be faster
*
optimization finished, #iter = 4781
C = 2126.3340133315423
obj = 2190998.133100071, rho = -115.8161414159873
nSV = 4561, nBSV = 1686
Total nSV = 4561
.
Warning: using -h 0 may be faster
...
Warning: using -h 0 may be faster
*
optimization finished, #iter = 4841
C = 2066.408438441832
obj = 2022689.8673141822, rho = -86.72554775451424
nSV = 4573, nBSV = 1706
Total nSV = 4573
....
Warning: using -h 0 may be faster
*
optimization finished, #iter = 4533
C = 2044.0720571565248
obj = 2067600.937983497, rho = -107.20670456959151
nSV = 4512, nBSV = 1724
Total nSV = 4512
.
Warning: using -h 0 may be faster
....
Warning: using -h 0 may be faster
*
optimization finished, #iter = 5560
C = 2179.654819065458
obj = 2554268.138302741, rho = -2.8776149621242624
nSV = 5472, nBSV = 2253
..
Warning: using -h 0 may be faster
*
optimization finished, #iter = 2667
C = 809.1993543783836
obj = 510048.7955010919, rho = -36.74533556210772
nSV = 3024, nBSV = 1479
Total nSV = 3024
..
Warning: using -h 0 may be faster
*
optimization finished, #iter = 2965
C = 792.5048159410604
obj = 488559.421142404, rho = -34.99613993339446
nSV = 3132, nBSV = 1450
Total nSV = 3132
..
Warning: using -h 0 may be faster
*
optimization finished, #iter = 2868
C = 835.7838749467226
obj = 524768.9827015741, rho = -43.41204123772735
nSV = 3079, nBSV = 1451
Total nSV = 3079
..
Warning: using -h 0 may be faster
*
optimization finished, #iter = 2650
C = 758.0583983939529
obj = 460261.0258816437, rho = -44.346857651708255
nSV = 3018, nBSV = 1492
Total nSV = 3018
..
Warning: using -h 0 may be faster
*
optimization finished, #iter = 2682
C = 816.3890683662
obj = 513366.58572434756, rho = -39.22778040607483
nSV = 3020, nBSV = 1480
Total nSV = 3020
...
Warning: using -h 0 may be faster
*
optimization finished, #iter = 3334
C = 781.6149001631348
obj = 562572.3678507715, rho = 4.677027327038782
nSV = 3698, nBSV = 1927
Total nSV = 8349
.
Warning: using -h 0 may be faster
*
optimization finished, #iter = 1976
C = 822.6835743748817
obj = 406208.3746220503, rho = -11.972496086433521
nSV = 2134, nBSV = 954
Total nSV = 2134
.
Warning: using -h 0 may be faster
*
optimization finished, #iter = 1947
C = 833.2889308417812
obj = 409192.74981846387, rho = -16.162194258239598
nSV = 2153, nBSV = 969
Total nSV = 2153
..
Warning: using -h 0 may be faster
*
optimization finished, #iter = 2044
C = 847.2304072917399
obj = 421201.5504621048, rho = -8.648412472073371
nSV = 2158, nBSV = 941
Total nSV = 2158
..
Warning: using -h 0 may be faster
*
optimization finished, #iter = 2040
C = 839.684303472971
obj = 419568.79615509143, rho = -8.00337554108187
nSV = 2159, nBSV = 943
Total nSV = 2159
.
Warning: using -h 0 may be faster
*
optimization finished, #iter = 1999
C = 818.1782994763066
obj = 405317.2760343553, rho = -3.7708324610824726
nSV = 2141, nBSV = 934
Total nSV = 2141
..
Warning: using -h 0 may be faster
*
optimization finished, #iter = 2425
C = 820.6359642025855
obj = 484360.21474322333, rho = -11.403768600985606
nSV = 2612, nBSV = 1245
...
Warning: using -h 0 may be faster
*
optimization finished, #iter = 3749
C = 1916.816327457157
obj = 1603899.6851125062, rho = -98.90070967260142
nSV = 3718, nBSV = 1295
Total nSV = 3718
...
Warning: using -h 0 may be faster
*
optimization finished, #iter = 3564
C = 1948.7071334594418
obj = 1677859.0509240567, rho = -114.19572789188625
nSV = 3705, nBSV = 1308
Total nSV = 3705
...
Warning: using -h 0 may be faster
*
optimization finished, #iter = 3285
C = 1884.9320135357723
obj = 1601125.590147288, rho = -112.29564072084627
nSV = 3632, nBSV = 1348
Total nSV = 3632
...
Warning: using -h 0 may be faster
*
optimization finished, #iter = 3681
C = 2024.4490170387542
obj = 1761393.8396218733, rho = -93.50730310237422
nSV = 3739, nBSV = 1293
Total nSV = 3739
...
Warning: using -h 0 may be faster
*
optimization finished, #iter = 3508
C = 1973.4861772068812
obj = 1702280.2873179074, rho = -93.75672557683231
nSV = 3645, nBSV = 1307
Total nSV = 3645
....
Warning: using -h 0 may be faster
*
optimization finished, #iter = 4418
C = 1995.1461501239717
obj = 1987080.2580836734, rho = 13.128983859068182
nSV = 4531, nBSV = 1716
..
Warning: using -h 0 may be faster
*
optimization finished, #iter = 2172
C = 837.865605848672
obj = 460052.48430728103, rho = -42.66215895545682
nSV = 2494, nBSV = 1126
Total nSV = 2494
..
Warning: using -h 0 may be faster
*
optimization finished, #iter = 2210
C = 777.5130354460028
obj = 416444.9907455077, rho = -35.064362807611694
nSV = 2497, nBSV = 1130
Total nSV = 2497
..
Warning: using -h 0 may be faster
*
optimization finished, #iter = 2233
C = 797.9361136896027
obj = 431040.91074310243, rho = -33.35214170623514
nSV = 2470, nBSV = 1094
Total nSV = 2470
..
Warning: using -h 0 may be faster
*
optimization finished, #iter = 2221
C = 786.0172708180547
obj = 413315.01082702115, rho = -45.24740336530276
nSV = 2471, nBSV = 1103
Total nSV = 2471
..
Warning: using -h 0 may be faster
*
optimization finished, #iter = 2119
C = 753.113940625555
obj = 392176.47465012333, rho = -33.5197110818689
nSV = 2457, nBSV = 1156
Total nSV = 2457
..
Warning: using -h 0 may be faster
*
optimization finished, #iter = 2525
C = 764.7498007772631
obj = 473849.23564218625, rho = 13.139966948759113
nSV = 2990, nBSV = 1500
Total nSV = 6772
..
Warning: using -h 0 may be faster
*
optimization finished, #iter = 2017
C = 864.5109687627651
obj = 429255.6197924133, rho = -20.097743394339822
nSV = 2155, nBSV = 964
Total nSV = 2155
.
Warning: using -h 0 may be faster
*
optimization finished, #iter = 1959
C = 813.8701858244912
obj = 392597.8648853147, rho = -20.819935254703584
nSV = 2138, nBSV = 982
Total nSV = 2138
.
Warning: using -h 0 may be faster
*
optimization finished, #iter = 1995
C = 865.4017891596587
obj = 429750.8845687656, rho = -29.448988345945917
nSV = 2173, nBSV = 966
Total nSV = 2173
..
Warning: using -h 0 may be faster
*
optimization finished, #iter = 2071
C = 853.6903552060074
obj = 416778.97020403016, rho = -18.16079194691198
nSV = 2184, nBSV = 950
Total nSV = 2184
..
Warning: using -h 0 may be faster
*
optimization finished, #iter = 2013
C = 890.8169967930866
obj = 442326.60690635076, rho = -24.47770483361273
nSV = 2191, nBSV = 937
Total nSV = 2191
..
Warning: using -h 0 may be faster
*
optimization finished, #iter = 2509
C = 851.2888156307502
obj = 497753.80707485665, rho = -7.597758479175
nSV = 2633, nBSV = 1243
...
Warning: using -h 0 may be faster
*
optimization finished, #iter = 3889
C = 1984.628147699002
obj = 1668967.86765776, rho = -94.20696628140658
nSV = 3746, nBSV = 1295
Total nSV = 3746
...
Warning: using -h 0 may be faster
*
optimization finished, #iter = 3265
C = 1930.722429812752
obj = 1660471.0415769955, rho = -85.68858330906734
nSV = 3671, nBSV = 1364
Total nSV = 3671
...
Warning: using -h 0 may be faster
*
optimization finished, #iter = 3710
C = 1941.9610328749666
obj = 1611860.1594245834, rho = -85.75549294527552
nSV = 3739, nBSV = 1341
Total nSV = 3739
...
Warning: using -h 0 may be faster
*
optimization finished, #iter = 3464
C = 1920.8808172013073
obj = 1623721.830542776, rho = -81.01754328788476
nSV = 3652, nBSV = 1356
Total nSV = 3652
...
Warning: using -h 0 may be faster
*
optimization finished, #iter = 3663
C = 1860.7330757462885
obj = 1559245.8558713237, rho = -88.78028145437213
nSV = 3694, nBSV = 1321
Total nSV = 3694
....
Warning: using -h 0 may be faster
*
optimization finished, #iter = 4315
C = 1983.2365484670702
obj = 1945272.5362224716, rho = -19.55260107111783
nSV = 4460, nBSV = 1766
..
Warning: using -h 0 may be faster
*
optimization finished, #iter = 2110
C = 793.8482780129863
obj = 411223.5773393874, rho = 7.793000290973011
nSV = 2442, nBSV = 1167
Total nSV = 2442
..
Warning: using -h 0 may be faster
*
optimization finished, #iter = 2098
C = 759.7178483126545
obj = 403399.618170161, rho = -30.78049239742031
nSV = 2478, nBSV = 1158
Total nSV = 2478
..
Warning: using -h 0 may be faster
*
optimization finished, #iter = 2255
C = 839.8074120504574
obj = 456423.986562191, rho = -29.680793849148213
nSV = 2526, nBSV = 1126
Total nSV = 2526
..
Warning: using -h 0 may be faster
*
optimization finished, #iter = 2246
C = 865.5046593901732
obj = 468288.83084744564, rho = -46.65585925580227
nSV = 2518, nBSV = 1128
Total nSV = 2518
..
Warning: using -h 0 may be faster
*
optimization finished, #iter = 2255
C = 809.8855605250453
obj = 437218.9583711315, rho = -44.45625882701369
nSV = 2520, nBSV = 1123
Total nSV = 2520
..
Warning: using -h 0 may be faster
*
optimization finished, #iter = 2497
C = 802.7611180008739
obj = 504380.36807252304, rho = 5.026860713896987
nSV = 2986, nBSV = 1501
Total nSV = 6758
...
Warning: using -h 0 may be faster
*
optimization finished, #iter = 3530
C = 2012.8193914478863
obj = 1766534.48606693, rho = -129.83266596861247
nSV = 3715, nBSV = 1283
Total nSV = 3715
...
Warning: using -h 0 may be faster
*
optimization finished, #iter = 3743
C = 2004.449426576957
obj = 1738357.3104627545, rho = -98.4604482677478
nSV = 3734, nBSV = 1287
Total nSV = 3734
...
Warning: using -h 0 may be faster
*
optimization finished, #iter = 3554
C = 2019.3225640877172
obj = 1745596.87283615, rho = -98.27558422123484
nSV = 3719, nBSV = 1283
Total nSV = 3719
...
Warning: using -h 0 may be faster
*
optimization finished, #iter = 3700
C = 1956.6924906617535
obj = 1651823.4522455272, rho = -76.02089755968917
nSV = 3753, nBSV = 1294
Total nSV = 3753
...
Warning: using -h 0 may be faster
*
optimization finished, #iter = 3675
C = 2050.931852071537
obj = 1780953.452819859, rho = -101.30882966838446
nSV = 3740, nBSV = 1282
Total nSV = 3740
....
Warning: using -h 0 may be faster
*
optimization finished, #iter = 4405
C = 2132.311127955815
obj = 2194693.944671954, rho = -112.94692883648541
nSV = 4518, nBSV = 1718
..
Warning: using -h 0 may be faster
*
optimization finished, #iter = 2227
C = 827.3878553608467
obj = 439810.27183764684, rho = -39.79801138516604
nSV = 2501, nBSV = 1124
Total nSV = 2501
..
Warning: using -h 0 may be faster
*
optimization finished, #iter = 2252
C = 843.8953811441767
obj = 440051.69544129673, rho = 4.416944923653137
nSV = 2543, nBSV = 1110
Total nSV = 2543
..
Warning: using -h 0 may be faster
*
optimization finished, #iter = 2226
C = 873.3705759717027
obj = 463204.1622536189, rho = 7.6840085509097245
nSV = 2515, nBSV = 1114
Total nSV = 2515
..
Warning: using -h 0 may be faster
*
optimization finished, #iter = 2190
C = 842.4907076006053
obj = 447495.21677677956, rho = 19.361291370415003
nSV = 2503, nBSV = 1138
Total nSV = 2503
..
Warning: using -h 0 may be faster
*
optimization finished, #iter = 2170
C = 834.6369745174848
obj = 443838.8336289391, rho = 7.837608013665918
nSV = 2497, nBSV = 1138
Total nSV = 2497
..
Warning: using -h 0 may be faster
*
optimization finished, #iter = 2645
C = 852.7950654830139
obj = 538337.6126278238, rho = -41.62266520210148
nSV = 3045, nBSV = 1455
.
Warning: using -h 0 may be faster
*
optimization finished, #iter = 1966
C = 844.8016710622289
obj = 423457.2241029992, rho = -13.402901261977666
nSV = 2168, nBSV = 976
Total nSV = 2168
..
Warning: using -h 0 may be faster
*
optimization finished, #iter = 2088
C = 857.142481136141
obj = 430463.9362153168, rho = -29.1994746496929
nSV = 2190, nBSV = 942
Total nSV = 2190
.
Warning: using -h 0 may be faster
*
optimization finished, #iter = 1982
C = 889.2463323523272
obj = 436865.99510470376, rho = -24.794536092771224
nSV = 2156, nBSV = 936
Total nSV = 2156
.
Warning: using -h 0 may be faster
*
optimization finished, #iter = 1968
C = 832.9087233532099
obj = 414429.07627799385, rho = -5.371056022927228
nSV = 2153, nBSV = 950
Total nSV = 2153
.
Warning: using -h 0 may be faster
*
optimization finished, #iter = 1994
C = 849.5601231188303
obj = 422508.65187244094, rho = -11.05042893935942
nSV = 2169, nBSV = 951
Total nSV = 2169
Line search fails in two-class probability estimates
..
Warning: using -h 0 may be faster
*
optimization finished, #iter = 2540
C = 836.3987279031147
obj = 490212.59449396323, rho = -20.195246265764343
nSV = 2655, nBSV = 1222
Total nSV = 6831
..
Warning: using -h 0 may be faster
*
optimization finished, #iter = 2034
C = 815.7999098510718
obj = 407519.2475210252, rho = -12.851284953606337
nSV = 2174, nBSV = 946
Total nSV = 2174
.
Warning: using -h 0 may be faster
*
optimization finished, #iter = 1974
C = 902.6092658448543
obj = 467950.6090065752, rho = -12.939366103255592
nSV = 2177, nBSV = 923
Total nSV = 2177
.
Warning: using -h 0 may be faster
*
optimization finished, #iter = 1996
C = 845.6586389556251
obj = 423574.74549143977, rho = -21.2540954495943
nSV = 2194, nBSV = 926
Total nSV = 2194
..
Warning: using -h 0 may be faster
*
optimization finished, #iter = 2028
C = 896.0357815088855
obj = 455734.85777060123, rho = -1.2456765769251272
nSV = 2204, nBSV = 931
Total nSV = 2204
.
Warning: using -h 0 may be faster
*
optimization finished, #iter = 1917
C = 897.814242613647
obj = 461996.1172256812, rho = -6.613695467136733
nSV = 2196, nBSV = 934
Total nSV = 2196
..
Warning: using -h 0 may be faster
*
optimization finished, #iter = 2447
C = 847.5154992394414
obj = 506494.29293519765, rho = -25.406545688173857
nSV = 2643, nBSV = 1256
..
Warning: using -h 0 may be faster
*
optimization finished, #iter = 2290
C = 784.737145258578
obj = 411630.40550783224, rho = -15.745260677584032
nSV = 2521, nBSV = 1132
Total nSV = 2521
..
Warning: using -h 0 may be faster
*
optimization finished, #iter = 2309
C = 855.2793649235334
obj = 469190.33886243775, rho = 6.104424374621081
nSV = 2512, nBSV = 1116
Total nSV = 2512
..
Warning: using -h 0 may be faster
*
optimization finished, #iter = 2173
C = 802.4726459460609
obj = 422287.8599113715, rho = 2.1470098515881033
nSV = 2465, nBSV = 1149
Total nSV = 2465
..
Warning: using -h 0 may be faster
*
optimization finished, #iter = 2107
C = 794.8516255222908
obj = 413804.4381291604, rho = 2.906639594508515
nSV = 2477, nBSV = 1140
Total nSV = 2477
..
Warning: using -h 0 may be faster
*
optimization finished, #iter = 2181
C = 811.1377707579012
obj = 427402.43040261907, rho = 3.632756774159997
nSV = 2511, nBSV = 1120
Total nSV = 2511
..
Warning: using -h 0 may be faster
*
optimization finished, #iter = 2706
C = 806.5893133028367
obj = 504631.183910656, rho = 1.3701782768161195
nSV = 3054, nBSV = 1482
...
Warning: using -h 0 may be faster
*
optimization finished, #iter = 3905
C = 1903.81604002316
obj = 1561872.1120924277, rho = -11.370831782157099
nSV = 3729, nBSV = 1310
Total nSV = 3729
...
Warning: using -h 0 may be faster
*
optimization finished, #iter = 3645
C = 2010.4195233473258
obj = 1747489.478640474, rho = -10.39983269729815
nSV = 3714, nBSV = 1332
Total nSV = 3714
...
Warning: using -h 0 may be faster
*
optimization finished, #iter = 3491
C = 1895.609458523107
obj = 1625219.4888245845, rho = -25.679505743099366
nSV = 3629, nBSV = 1327
Total nSV = 3629
...
Warning: using -h 0 may be faster
*
optimization finished, #iter = 3712
C = 1916.8903830869133
obj = 1599995.000233552, rho = -14.48344823393342
nSV = 3688, nBSV = 1354
Total nSV = 3688
...
Warning: using -h 0 may be faster
*
optimization finished, #iter = 3694
C = 1979.1740551689456
obj = 1715453.031457302, rho = -50.13342163467297
nSV = 3686, nBSV = 1289
Total nSV = 3686
.
Warning: using -h 0 may be faster
...
Warning: using -h 0 may be faster
*
optimization finished, #iter = 4485
C = 1978.5331564747785
obj = 1962013.1401148995, rho = -10.5460831857027
nSV = 4484, nBSV = 1716
Total nSV = 6808
..
Warning: using -h 0 may be faster
*
optimization finished, #iter = 2064
C = 721.6511931914876
obj = 361061.15540342894, rho = -4.14992135419416
nSV = 2437, nBSV = 1173
Total nSV = 2437
..
Warning: using -h 0 may be faster
*
optimization finished, #iter = 2100
C = 808.0479825643215
obj = 424662.9290926249, rho = -1.3824977754391639
nSV = 2484, nBSV = 1162
Total nSV = 2484
..
Warning: using -h 0 may be faster
*
optimization finished, #iter = 2058
C = 776.2470686700773
obj = 402581.7771173235, rho = -6.292636555184707
nSV = 2471, nBSV = 1182
Total nSV = 2471
..
Warning: using -h 0 may be faster
*
optimization finished, #iter = 2067
C = 701.1777075579588
obj = 348861.97983401886, rho = 8.649909943884339
nSV = 2414, nBSV = 1184
Total nSV = 2414
..
Warning: using -h 0 may be faster
*
optimization finished, #iter = 2156
C = 805.3001904759511
obj = 420885.81133728515, rho = 11.392625721397446
nSV = 2476, nBSV = 1141
Total nSV = 2476
..
Warning: using -h 0 may be faster
*
optimization finished, #iter = 2612
C = 748.9908560372062
obj = 450131.852896185, rho = 0.6883151273294257
nSV = 2982, nBSV = 1508
.
Warning: using -h 0 may be faster
*
optimization finished, #iter = 1992
C = 823.6415032095676
obj = 411389.1837526712, rho = -16.21031645093226
nSV = 2156, nBSV = 963
Total nSV = 2156
..
Warning: using -h 0 may be faster
*
optimization finished, #iter = 2028
C = 833.8775764071642
obj = 404367.0287014959, rho = -19.34242358965283
nSV = 2168, nBSV = 943
Total nSV = 2168
.
Warning: using -h 0 may be faster
*
optimization finished, #iter = 1991
C = 764.9239052683572
obj = 371514.98970441223, rho = -19.148951826879888
nSV = 2137, nBSV = 979
Total nSV = 2137
..
Warning: using -h 0 may be faster
*
optimization finished, #iter = 2048
C = 841.1419102572206
obj = 408656.84889916325, rho = -18.175662631348054
nSV = 2165, nBSV = 952
Total nSV = 2165
..
Warning: using -h 0 may be faster
*
optimization finished, #iter = 2058
C = 837.2348590801602
obj = 416432.1767345671, rho = -15.693888525032033
nSV = 2169, nBSV = 952
Total nSV = 2169
Line search fails in two-class probability estimates
..
Warning: using -h 0 may be faster
*
optimization finished, #iter = 2411
C = 811.7833453924609
obj = 477290.8368281438, rho = -12.610715773050796
nSV = 2581, nBSV = 1259
...
Warning: using -h 0 may be faster
*
optimization finished, #iter = 3673
C = 2005.5341426247178
obj = 1701298.285053855, rho = 7.16216969935693
nSV = 3723, nBSV = 1301
Total nSV = 3723
...
Warning: using -h 0 may be faster
*
optimization finished, #iter = 3516
C = 1995.7635924539636
obj = 1731321.4098608582, rho = -86.41883143326606
nSV = 3696, nBSV = 1318
Total nSV = 3696
...
Warning: using -h 0 may be faster
*
optimization finished, #iter = 3799
C = 1992.449428672094
obj = 1670684.3998061907, rho = -78.08566644071661
nSV = 3729, nBSV = 1299
Total nSV = 3729
...
Warning: using -h 0 may be faster
*
optimization finished, #iter = 3552
C = 1969.651829627463
obj = 1683956.1668259061, rho = -100.64477043329741
nSV = 3676, nBSV = 1299
Total nSV = 3676
...
Warning: using -h 0 may be faster
*
optimization finished, #iter = 3775
C = 2021.502148033977
obj = 1711029.0849556539, rho = -90.03894623671214
nSV = 3738, nBSV = 1286
Total nSV = 3738
....
Warning: using -h 0 may be faster
*
optimization finished, #iter = 4543
C = 2078.547434619086
obj = 2079740.8471630206, rho = -101.45797425654787
nSV = 4509, nBSV = 1715
Total nSV = 6795


=== Predictions under cross-validation ===

 inst#     actual  predicted error distribution
     1  2:neutral  2:neutral       0.208,*0.527,0.265 
     2  2:neutral  2:neutral       0.017,*0.894,0.089 
     3  2:neutral 3:positive   +   0.102,0.181,*0.716 
     4  2:neutral  2:neutral       0.077,*0.685,0.238 
     5  2:neutral  2:neutral       0.078,*0.665,0.257 
     6  2:neutral 1:negative   +   *0.584,0.38,0.036 
     7  2:neutral 3:positive   +   0.04,0.233,*0.727 
     8  2:neutral  2:neutral       0.089,*0.796,0.115 
     9  2:neutral  2:neutral       0.108,*0.592,0.301 
    10  2:neutral 1:negative   +   *0.69,0.211,0.099 
    11  2:neutral 3:positive   +   0.042,0.344,*0.614 
    12  2:neutral  2:neutral       0.068,*0.785,0.147 
    13  2:neutral  2:neutral       0.054,*0.78,0.166 
    14  2:neutral  2:neutral       0.024,*0.653,0.323 
    15  2:neutral 1:negative   +   *0.4,0.387,0.213 
    16  2:neutral  2:neutral       0.026,*0.549,0.425 
    17  2:neutral 3:positive   +   0.338,0.29,*0.372 
    18  2:neutral  2:neutral       0.275,*0.374,0.351 
    19  2:neutral  2:neutral       0.127,*0.592,0.282 
    20  2:neutral  2:neutral       0.026,*0.878,0.096 
    21  2:neutral  2:neutral       0.362,*0.374,0.263 
    22  2:neutral  2:neutral       0.082,*0.549,0.369 
    23  2:neutral  2:neutral       0.08,*0.695,0.225 
    24  2:neutral  2:neutral       0.054,*0.66,0.286 
    25  2:neutral  2:neutral       0.082,*0.634,0.285 
    26  2:neutral 3:positive   +   0.29,0.206,*0.504 
    27  2:neutral  2:neutral       0.042,*0.862,0.096 
    28  2:neutral  2:neutral       0.31,*0.515,0.175 
    29  2:neutral  2:neutral       0.029,*0.739,0.232 
    30  2:neutral 3:positive   +   0.033,0.319,*0.648 
    31  2:neutral  2:neutral       0.464,*0.471,0.065 
    32  2:neutral 1:negative   +   *0.894,0.084,0.022 
    33  2:neutral  2:neutral       0.014,*0.845,0.141 
    34  2:neutral  2:neutral       0.068,*0.722,0.21 
    35  2:neutral  2:neutral       0.121,*0.825,0.054 
    36  2:neutral  2:neutral       0.016,*0.826,0.157 
    37  2:neutral  2:neutral       0.163,*0.555,0.282 
    38  2:neutral  2:neutral       0.108,*0.663,0.229 
    39  2:neutral  2:neutral       0.048,*0.743,0.209 
    40  2:neutral  2:neutral       0.045,*0.484,0.47 
    41  2:neutral  2:neutral       0.092,*0.793,0.115 
    42  2:neutral  2:neutral       0.039,*0.769,0.192 
    43  2:neutral 3:positive   +   0.178,0.075,*0.747 
    44  2:neutral  2:neutral       0.092,*0.656,0.253 
    45  2:neutral  2:neutral       0.046,*0.783,0.172 
    46  2:neutral  2:neutral       0.031,*0.682,0.287 
    47  2:neutral  2:neutral       0.094,*0.554,0.353 
    48  2:neutral 3:positive   +   0.104,0.239,*0.657 
    49  2:neutral  2:neutral       0.042,*0.805,0.153 
    50  2:neutral  2:neutral       0.078,*0.765,0.156 
    51  2:neutral  2:neutral       0.182,*0.704,0.114 
    52  2:neutral  2:neutral       0.209,*0.464,0.327 
    53  2:neutral  2:neutral       0.151,*0.447,0.402 
    54  2:neutral  2:neutral       0.13,*0.616,0.255 
    55  2:neutral  2:neutral       0.048,*0.725,0.227 
    56  2:neutral  2:neutral       0.044,*0.921,0.036 
    57  2:neutral  2:neutral       0.15,*0.552,0.298 
    58  2:neutral  2:neutral       0.072,*0.532,0.396 
    59  2:neutral  2:neutral       0.113,*0.571,0.316 
    60  2:neutral  2:neutral       0.092,*0.554,0.354 
    61  2:neutral  2:neutral       0.105,*0.703,0.192 
    62  2:neutral  2:neutral       0.144,*0.543,0.312 
    63  2:neutral  2:neutral       0.032,*0.665,0.302 
    64  2:neutral 3:positive   +   0.056,0.445,*0.499 
    65  2:neutral  2:neutral       0.181,*0.71,0.108 
    66  2:neutral 3:positive   +   0.049,0.18,*0.771 
    67  2:neutral 3:positive   +   0.139,0.419,*0.442 
    68  2:neutral 3:positive   +   0.225,0.38,*0.395 
    69  2:neutral 3:positive   +   0.06,0.389,*0.551 
    70  2:neutral 3:positive   +   0.174,0.391,*0.435 
    71  2:neutral  2:neutral       0.176,*0.672,0.152 
    72  2:neutral 3:positive   +   0.028,0.062,*0.91 
    73  2:neutral 3:positive   +   0.131,0.358,*0.511 
    74  2:neutral 3:positive   +   0.098,0.391,*0.511 
    75  2:neutral  2:neutral       0.078,*0.716,0.206 
    76  2:neutral  2:neutral       0.174,*0.493,0.333 
    77  2:neutral 3:positive   +   0.102,0.441,*0.458 
    78  2:neutral  2:neutral       0.085,*0.633,0.282 
    79  2:neutral  2:neutral       0.416,*0.482,0.102 
    80  2:neutral  2:neutral       0.093,*0.794,0.113 
    81  2:neutral 1:negative   +   *0.361,0.349,0.29 
    82  2:neutral  2:neutral       0.101,*0.823,0.076 
    83  2:neutral 1:negative   +   *0.549,0.152,0.299 
    84  2:neutral 3:positive   +   0.024,0.103,*0.873 
    85  2:neutral 1:negative   +   *0.426,0.405,0.169 
    86  2:neutral  2:neutral       0.058,*0.719,0.223 
    87  2:neutral  2:neutral       0.016,*0.507,0.477 
    88  2:neutral  2:neutral       0.026,*0.498,0.476 
    89  2:neutral 1:negative   +   *0.626,0.102,0.272 
    90  2:neutral  2:neutral       0.024,*0.89,0.086 
    91  2:neutral  2:neutral       0.183,*0.544,0.273 
    92  2:neutral  2:neutral       0.159,*0.563,0.278 
    93  2:neutral  2:neutral       0.077,*0.594,0.329 
    94  2:neutral 3:positive   +   0.076,0.327,*0.598 
    95  2:neutral  2:neutral       0.07,*0.63,0.3 
    96  2:neutral  2:neutral       0.067,*0.707,0.226 
    97  2:neutral  2:neutral       0.097,*0.685,0.218 
    98  2:neutral 3:positive   +   0.079,0.401,*0.52 
    99  2:neutral  2:neutral       0.06,*0.807,0.133 
   100  2:neutral  2:neutral       0.091,*0.736,0.172 
   101  2:neutral  2:neutral       0.168,*0.519,0.313 
   102  2:neutral 3:positive   +   0.067,0.392,*0.541 
   103  2:neutral  2:neutral       0.061,*0.684,0.255 
   104  2:neutral  2:neutral       0.16,*0.491,0.349 
   105  2:neutral  2:neutral       0.079,*0.627,0.293 
   106  2:neutral 3:positive   +   0.039,0.243,*0.718 
   107  2:neutral  2:neutral       0.089,*0.669,0.243 
   108  2:neutral  2:neutral       0.057,*0.697,0.246 
   109  2:neutral  2:neutral       0.017,*0.845,0.138 
   110  2:neutral  2:neutral       0.144,*0.704,0.153 
   111  2:neutral  2:neutral       0.075,*0.535,0.39 
   112  2:neutral  2:neutral       0.014,*0.779,0.206 
   113  2:neutral  2:neutral       0.038,*0.637,0.325 
   114  2:neutral 3:positive   +   0.194,0.3,*0.507 
   115  2:neutral  2:neutral       0.065,*0.6,0.335 
   116  2:neutral  2:neutral       0.153,*0.748,0.098 
   117  2:neutral  2:neutral       0.027,*0.937,0.036 
   118  2:neutral 3:positive   +   0.141,0.4,*0.459 
   119  2:neutral  2:neutral       0.058,*0.747,0.195 
   120  2:neutral 3:positive   +   0.051,0.24,*0.708 
   121  2:neutral  2:neutral       0.074,*0.485,0.442 
   122  2:neutral 3:positive   +   0.067,0.126,*0.806 
   123  2:neutral  2:neutral       0.112,*0.79,0.098 
   124  2:neutral  2:neutral       0.061,*0.835,0.104 
   125  2:neutral  2:neutral       0.149,*0.732,0.119 
   126  2:neutral  2:neutral       0.059,*0.798,0.143 
   127  2:neutral  2:neutral       0.046,*0.761,0.192 
   128  2:neutral 3:positive   +   0.024,0.387,*0.589 
   129  2:neutral  2:neutral       0.206,*0.565,0.229 
   130  2:neutral  2:neutral       0.049,*0.632,0.319 
   131  2:neutral 1:negative   +   *0.399,0.379,0.222 
   132  2:neutral  2:neutral       0.073,*0.693,0.234 
   133  2:neutral  2:neutral       0.091,*0.698,0.211 
   134  2:neutral  2:neutral       0.035,*0.662,0.302 
   135  2:neutral  2:neutral       0.023,*0.815,0.162 
   136  2:neutral  2:neutral       0.01,*0.812,0.178 
   137  2:neutral  2:neutral       0.066,*0.677,0.257 
   138  2:neutral  2:neutral       0.079,*0.474,0.447 
   139  2:neutral  2:neutral       0.106,*0.654,0.24 
   140  2:neutral  2:neutral       0.172,*0.578,0.249 
   141  2:neutral  2:neutral       0.049,*0.667,0.285 
   142  2:neutral  2:neutral       0.119,*0.695,0.186 
   143  2:neutral  2:neutral       0.175,*0.584,0.241 
   144  2:neutral  2:neutral       0.113,*0.734,0.153 
   145  2:neutral 1:negative   +   *0.441,0.218,0.341 
   146  2:neutral  2:neutral       0.342,*0.542,0.116 
   147  2:neutral  2:neutral       0.029,*0.699,0.272 
   148  2:neutral  2:neutral       0.103,*0.773,0.124 
   149  2:neutral 3:positive   +   0.182,0.235,*0.583 
   150  2:neutral  2:neutral       0.07,*0.762,0.168 
   151  2:neutral  2:neutral       0.154,*0.63,0.216 
   152  2:neutral  2:neutral       0.047,*0.839,0.114 
   153  2:neutral  2:neutral       0.026,*0.833,0.141 
   154  2:neutral  2:neutral       0.087,*0.727,0.186 
   155  2:neutral 3:positive   +   0.066,0.467,*0.467 
   156  2:neutral 3:positive   +   0.075,0.333,*0.592 
   157  2:neutral  2:neutral       0.056,*0.622,0.322 
   158  2:neutral  2:neutral       0.052,*0.794,0.154 
   159  2:neutral  2:neutral       0.093,*0.827,0.08 
   160  2:neutral  2:neutral       0.007,*0.619,0.373 
   161  2:neutral  2:neutral       0.207,*0.567,0.226 
   162  2:neutral  2:neutral       0.036,*0.73,0.234 
   163  2:neutral  2:neutral       0.013,*0.762,0.225 
   164  2:neutral  2:neutral       0.236,*0.529,0.235 
   165  2:neutral  2:neutral       0.061,*0.789,0.15 
   166  2:neutral  2:neutral       0.133,*0.677,0.19 
   167  2:neutral  2:neutral       0.109,*0.522,0.369 
   168  2:neutral  2:neutral       0.029,*0.795,0.176 
   169  2:neutral  2:neutral       0.178,*0.481,0.341 
   170  2:neutral  2:neutral       0.081,*0.817,0.102 
   171  2:neutral  2:neutral       0.062,*0.549,0.389 
   172  2:neutral  2:neutral       0.14,*0.555,0.305 
   173  2:neutral 1:negative   +   *0.775,0.175,0.05 
   174  2:neutral  2:neutral       0.107,*0.47,0.424 
   175  2:neutral  2:neutral       0.033,*0.726,0.241 
   176  2:neutral 3:positive   +   0.199,0.269,*0.532 
   177  2:neutral  2:neutral       0.034,*0.717,0.249 
   178  2:neutral  2:neutral       0.191,*0.639,0.17 
   179  2:neutral  2:neutral       0.188,*0.598,0.214 
   180  2:neutral  2:neutral       0.046,*0.83,0.123 
   181  2:neutral  2:neutral       0.065,*0.769,0.167 
   182  2:neutral 1:negative   +   *0.697,0.237,0.066 
   183  2:neutral  2:neutral       0.065,*0.657,0.278 
   184  2:neutral 3:positive   +   0.122,0.39,*0.488 
   185  2:neutral  2:neutral       0.092,*0.607,0.301 
   186  2:neutral  2:neutral       0.014,*0.594,0.392 
   187  2:neutral  2:neutral       0.061,*0.584,0.355 
   188  2:neutral 3:positive   +   0.11,0.38,*0.51 
   189  2:neutral 1:negative   +   *0.625,0.32,0.055 
   190  2:neutral  2:neutral       0.393,*0.508,0.098 
   191  2:neutral  2:neutral       0.185,*0.715,0.1 
   192  2:neutral  2:neutral       0.056,*0.81,0.134 
   193  2:neutral  2:neutral       0.015,*0.561,0.425 
   194  2:neutral  2:neutral       0.136,*0.772,0.093 
   195  2:neutral 3:positive   +   0.112,0.387,*0.501 
   196  2:neutral  2:neutral       0.097,*0.7,0.203 
   197  2:neutral  2:neutral       0.098,*0.582,0.32 
   198  2:neutral 1:negative   +   *0.424,0.42,0.156 
   199  2:neutral 3:positive   +   0.047,0.129,*0.824 
   200  2:neutral  2:neutral       0.106,*0.587,0.307 
   201  2:neutral  2:neutral       0.036,*0.868,0.096 
   202  2:neutral  2:neutral       0.087,*0.685,0.228 
   203  2:neutral  2:neutral       0.072,*0.557,0.371 
   204  2:neutral  2:neutral       0.022,*0.929,0.049 
   205  2:neutral  2:neutral       0.016,*0.583,0.402 
   206  2:neutral  2:neutral       0.278,*0.502,0.22 
   207  2:neutral 3:positive   +   0.039,0.388,*0.572 
   208  2:neutral  2:neutral       0.033,*0.887,0.08 
   209  2:neutral  2:neutral       0.043,*0.835,0.122 
   210  2:neutral 3:positive   +   0.306,0.317,*0.377 
   211  2:neutral  2:neutral       0.024,*0.66,0.316 
   212  2:neutral  2:neutral       0.029,*0.838,0.133 
   213  2:neutral  2:neutral       0.078,*0.705,0.217 
   214  2:neutral  2:neutral       0.105,*0.733,0.163 
   215  2:neutral  2:neutral       0.236,*0.656,0.108 
   216  2:neutral 3:positive   +   0.104,0.433,*0.463 
   217  2:neutral  2:neutral       0.057,*0.786,0.156 
   218  2:neutral 3:positive   +   0.149,0.417,*0.434 
   219  2:neutral  2:neutral       0.164,*0.639,0.197 
   220  2:neutral  2:neutral       0.071,*0.648,0.28 
   221  2:neutral 1:negative   +   *0.434,0.338,0.228 
   222  2:neutral  2:neutral       0.158,*0.528,0.314 
   223  2:neutral  2:neutral       0.061,*0.588,0.35 
   224  2:neutral  2:neutral       0.118,*0.623,0.26 
   225  2:neutral  2:neutral       0.031,*0.881,0.087 
   226  2:neutral  2:neutral       0.074,*0.708,0.218 
   227  2:neutral  2:neutral       0.031,*0.817,0.152 
   228  2:neutral  2:neutral       0.049,*0.49,0.462 
   229  2:neutral  2:neutral       0.043,*0.548,0.41 
   230  2:neutral 1:negative   +   *0.509,0.238,0.253 
   231  2:neutral  2:neutral       0.097,*0.803,0.1 
   232  2:neutral  2:neutral       0.288,*0.54,0.172 
   233  2:neutral  2:neutral       0.206,*0.475,0.319 
   234  2:neutral  2:neutral       0.062,*0.616,0.322 
   235  2:neutral  2:neutral       0.208,*0.668,0.125 
   236  2:neutral  2:neutral       0.095,*0.46,0.445 
   237  2:neutral 3:positive   +   0.037,0.211,*0.752 
   238  2:neutral  2:neutral       0.182,*0.638,0.179 
   239  2:neutral  2:neutral       0.18,*0.56,0.26 
   240  2:neutral  2:neutral       0.113,*0.475,0.412 
   241  2:neutral  2:neutral       0.369,*0.385,0.246 
   242  2:neutral  2:neutral       0.058,*0.849,0.094 
   243  2:neutral 3:positive   +   0.025,0.376,*0.599 
   244  2:neutral  2:neutral       0.044,*0.757,0.199 
   245  2:neutral  2:neutral       0.203,*0.629,0.168 
   246  2:neutral 3:positive   +   0.02,0.333,*0.646 
   247  2:neutral  2:neutral       0.011,*0.932,0.057 
   248  2:neutral 3:positive   +   0.05,0.361,*0.589 
   249  2:neutral  2:neutral       0.167,*0.423,0.41 
   250  2:neutral  2:neutral       0.041,*0.694,0.265 
   251  2:neutral  2:neutral       0.059,*0.621,0.319 
   252  2:neutral 3:positive   +   0.046,0.405,*0.55 
   253  2:neutral  2:neutral       0.162,*0.699,0.139 
   254  2:neutral  2:neutral       0.089,*0.799,0.112 
   255  2:neutral  2:neutral       0.063,*0.757,0.18 
   256  2:neutral  2:neutral       0.076,*0.631,0.293 
   257  2:neutral  2:neutral       0.089,*0.669,0.243 
   258  2:neutral  2:neutral       0.059,*0.879,0.061 
   259  2:neutral 3:positive   +   0.083,0.444,*0.472 
   260  2:neutral  2:neutral       0.054,*0.878,0.069 
   261  2:neutral 3:positive   +   0.037,0.252,*0.711 
   262  2:neutral  2:neutral       0.037,*0.773,0.191 
   263  2:neutral  2:neutral       0.061,*0.59,0.349 
   264  2:neutral  2:neutral       0.048,*0.857,0.095 
   265  2:neutral  2:neutral       0.142,*0.567,0.291 
   266  2:neutral  2:neutral       0.035,*0.814,0.15 
   267  2:neutral 3:positive   +   0.26,0.209,*0.531 
   268  2:neutral  2:neutral       0.237,*0.52,0.243 
   269  2:neutral  2:neutral       0.254,*0.467,0.279 
   270  2:neutral 3:positive   +   0.141,0.39,*0.468 
   271  2:neutral 1:negative   +   *0.356,0.305,0.339 
   272  2:neutral  2:neutral       0.105,*0.576,0.319 
   273  2:neutral  2:neutral       0.333,*0.517,0.15 
   274  2:neutral  2:neutral       0.037,*0.592,0.371 
   275  2:neutral 1:negative   +   *0.634,0.093,0.273 
   276  2:neutral  2:neutral       0.045,*0.887,0.068 
   277  2:neutral  2:neutral       0.016,*0.562,0.421 
   278  2:neutral  2:neutral       0.03,*0.806,0.164 
   279  2:neutral 3:positive   +   0.177,0.382,*0.441 
   280  2:neutral  2:neutral       0.027,*0.512,0.461 
   281  2:neutral  2:neutral       0.085,*0.736,0.18 
   282  2:neutral  2:neutral       0.065,*0.775,0.16 
   283  2:neutral  2:neutral       0.269,*0.388,0.343 
   284  2:neutral 3:positive   +   0.039,0.341,*0.619 
   285  2:neutral  2:neutral       0.014,*0.925,0.061 
   286  2:neutral 3:positive   +   0.095,0.406,*0.499 
   287  2:neutral  2:neutral       0.062,*0.86,0.078 
   288  2:neutral  2:neutral       0.183,*0.691,0.126 
   289  2:neutral  2:neutral       0.106,*0.681,0.213 
   290  2:neutral  2:neutral       0.016,*0.615,0.369 
   291  2:neutral  2:neutral       0.164,*0.542,0.294 
   292  2:neutral 1:negative   +   *0.607,0.233,0.16 
   293  2:neutral 3:positive   +   0.046,0.419,*0.536 
   294  2:neutral 3:positive   +   0.124,0.244,*0.632 
   295  2:neutral  2:neutral       0.102,*0.855,0.043 
   296  2:neutral  2:neutral       0.073,*0.693,0.234 
   297  2:neutral 3:positive   +   0.169,0.255,*0.576 
   298  2:neutral  2:neutral       0.117,*0.781,0.102 
   299  2:neutral  2:neutral       0.203,*0.627,0.17 
   300  2:neutral  2:neutral       0.08,*0.79,0.13 
   301  2:neutral  2:neutral       0.027,*0.551,0.421 
   302  2:neutral  2:neutral       0.068,*0.755,0.177 
   303  2:neutral 3:positive   +   0.071,0.173,*0.757 
   304  2:neutral  2:neutral       0.228,*0.433,0.339 
   305  2:neutral  2:neutral       0.027,*0.829,0.144 
   306  2:neutral  2:neutral       0.093,*0.646,0.261 
   307  2:neutral  2:neutral       0.038,*0.71,0.252 
   308  2:neutral  2:neutral       0.117,*0.854,0.029 
   309  2:neutral 3:positive   +   0.029,0.195,*0.776 
   310  2:neutral  2:neutral       0.103,*0.862,0.035 
   311  2:neutral  2:neutral       0.177,*0.421,0.402 
   312  2:neutral  2:neutral       0.069,*0.722,0.21 
   313  2:neutral  2:neutral       0.145,*0.76,0.095 
   314  2:neutral  2:neutral       0.188,*0.611,0.201 
   315  2:neutral  2:neutral       0.028,*0.509,0.462 
   316  2:neutral 3:positive   +   0.032,0.231,*0.737 
   317  2:neutral  2:neutral       0.129,*0.617,0.253 
   318  2:neutral  2:neutral       0.089,*0.73,0.182 
   319  2:neutral 3:positive   +   0.142,0.378,*0.48 
   320  2:neutral  2:neutral       0.203,*0.664,0.133 
   321  2:neutral  2:neutral       0.141,*0.717,0.142 
   322  2:neutral  2:neutral       0.051,*0.848,0.1 
   323  2:neutral 3:positive   +   0.06,0.432,*0.509 
   324  2:neutral  2:neutral       0.094,*0.776,0.13 
   325  2:neutral  2:neutral       0.042,*0.637,0.321 
   326  2:neutral  2:neutral       0.098,*0.603,0.299 
   327  2:neutral 1:negative   +   *0.9,0.062,0.038 
   328  2:neutral 1:negative   +   *0.663,0.227,0.11 
   329  2:neutral  2:neutral       0.405,*0.488,0.108 
   330  2:neutral  2:neutral       0.032,*0.875,0.093 
   331  2:neutral  2:neutral       0.116,*0.663,0.22 
   332  2:neutral  2:neutral       0.093,*0.755,0.152 
   333  2:neutral  2:neutral       0.025,*0.822,0.154 
   334  2:neutral 1:negative   +   *0.481,0.301,0.218 
   335  2:neutral 3:positive   +   0.034,0.246,*0.721 
   336  2:neutral  2:neutral       0.092,*0.567,0.341 
   337  2:neutral  2:neutral       0.06,*0.84,0.1 
   338  2:neutral  2:neutral       0.086,*0.623,0.291 
   339  2:neutral  2:neutral       0.053,*0.836,0.111 
   340  2:neutral  2:neutral       0.291,*0.489,0.22 
   341  2:neutral  2:neutral       0.062,*0.636,0.303 
   342  2:neutral 3:positive   +   0.084,0.115,*0.801 
   343  2:neutral  2:neutral       0.214,*0.619,0.167 
   344  2:neutral  2:neutral       0.031,*0.504,0.465 
   345  2:neutral  2:neutral       0.031,*0.823,0.147 
   346  2:neutral  2:neutral       0.074,*0.496,0.43 
   347  2:neutral  2:neutral       0.089,*0.669,0.243 
   348  2:neutral  2:neutral       0.165,*0.511,0.324 
   349  2:neutral  2:neutral       0.206,*0.524,0.27 
   350  2:neutral  2:neutral       0.062,*0.609,0.329 
   351  2:neutral  2:neutral       0.037,*0.637,0.326 
   352  2:neutral  2:neutral       0.044,*0.662,0.293 
   353  2:neutral  2:neutral       0.297,*0.502,0.2 
   354  2:neutral 1:negative   +   *0.842,0.06,0.098 
