Zero Weights processed. Default weights will be used
..
Warning: using -h 0 may be faster
*
optimization finished, #iter = 2369
C = 405.1194507106275
obj = 216061.73994367087, rho = -15.778169723213376
nSV = 2687, nBSV = 1673
Total nSV = 2687
..
Warning: using -h 0 may be faster
*
optimization finished, #iter = 2480
C = 426.3128200893077
obj = 228971.91924257335, rho = -0.6362061855839575
nSV = 2743, nBSV = 1638
Total nSV = 2743
..
Warning: using -h 0 may be faster
*
optimization finished, #iter = 2546
C = 448.33779557695334
obj = 245243.54970289906, rho = -3.5549727686490202
nSV = 2747, nBSV = 1628
Total nSV = 2747
..
Warning: using -h 0 may be faster
*
optimization finished, #iter = 2387
C = 400.93658990749026
obj = 213208.11530246225, rho = 5.6884257813439225
nSV = 2688, nBSV = 1668
Total nSV = 2688
..
Warning: using -h 0 may be faster
*
optimization finished, #iter = 2513
C = 429.3965701187524
obj = 227353.847530237, rho = 2.7415790582606143
nSV = 2720, nBSV = 1667
Total nSV = 2720
.
Warning: using -h 0 may be faster
..
Warning: using -h 0 may be faster
*
optimization finished, #iter = 3166
C = 395.2661041501982
obj = 245271.0777043575, rho = 3.680840158488569
nSV = 3315, nBSV = 2129
.
Warning: using -h 0 may be faster
....
Warning: using -h 0 may be faster
*
optimization finished, #iter = 5160
C = 1304.2534074643386
obj = 1186919.5958303048, rho = -66.40775848406555
nSV = 4729, nBSV = 2293
Total nSV = 4729
.
Warning: using -h 0 may be faster
....
Warning: using -h 0 may be faster
*
optimization finished, #iter = 5340
C = 1346.1429055889637
obj = 1227658.200327383, rho = 7.97990252715892
nSV = 4742, nBSV = 2258
Total nSV = 4742
.....
Warning: using -h 0 may be faster
*.
Warning: using -h 0 may be faster
*
optimization finished, #iter = 5226
C = 1278.3682342574411
obj = 1174363.813315231, rho = 16.674789285099642
nSV = 4742, nBSV = 2248
Total nSV = 4742
.....
Warning: using -h 0 may be faster
*.
Warning: using -h 0 may be faster
*
optimization finished, #iter = 5475
C = 1289.2950073659622
obj = 1181978.0738547868, rho = 8.070350404072355
nSV = 4742, nBSV = 2226
Total nSV = 4742
.
Warning: using -h 0 may be faster
....
Warning: using -h 0 may be faster
*
optimization finished, #iter = 5112
C = 1374.8978789218554
obj = 1296061.991935872, rho = -5.369617200527749
nSV = 4743, nBSV = 2248
Total nSV = 4743
.
Warning: using -h 0 may be faster
.....
Warning: using -h 0 may be faster
*
optimization finished, #iter = 6310
C = 1359.8566617074296
obj = 1453715.910581744, rho = 14.537400852214729
nSV = 5756, nBSV = 2942
..
Warning: using -h 0 may be faster
*
optimization finished, #iter = 2676
C = 363.0525002484832
obj = 197932.68561955233, rho = -18.424526590468247
nSV = 3122, nBSV = 1929
Total nSV = 3122
..
Warning: using -h 0 may be faster
*
optimization finished, #iter = 2642
C = 349.0184910430895
obj = 181629.72538684396, rho = 5.528441812630228
nSV = 3095, nBSV = 1975
Total nSV = 3095
..
Warning: using -h 0 may be faster
*
optimization finished, #iter = 2573
C = 294.9408209812455
obj = 147791.74298420694, rho = 5.555061459096758
nSV = 3087, nBSV = 2017
Total nSV = 3087
..
Warning: using -h 0 may be faster
*
optimization finished, #iter = 2669
C = 329.55892579020747
obj = 167837.524223173, rho = 5.1378489261548275
nSV = 3085, nBSV = 1982
Total nSV = 3085
..
Warning: using -h 0 may be faster
*
optimization finished, #iter = 2613
C = 352.05519605940077
obj = 186101.7273153728, rho = 8.444177866840672
nSV = 3108, nBSV = 1950
Total nSV = 3108
.
Warning: using -h 0 may be faster
..
Warning: using -h 0 may be faster
*
optimization finished, #iter = 3189
C = 316.8155849614645
obj = 190415.85328278132, rho = 7.15553251389722
nSV = 3801, nBSV = 2530
Total nSV = 8600
.
Warning: using -h 0 may be faster
*
optimization finished, #iter = 1941
C = 403.76704844686003
obj = 182490.13441348381, rho = 4.309963595955713
nSV = 2209, nBSV = 1308
Total nSV = 2209
.
Warning: using -h 0 may be faster
*
optimization finished, #iter = 1949
C = 469.3927543463576
obj = 218996.89100402026, rho = -2.127044037966535
nSV = 2213, nBSV = 1289
Total nSV = 2213
..*
optimization finished, #iter = 2009
C = 428.90438947386656
obj = 196926.1076473606, rho = 5.6150376833350455
nSV = 2216, nBSV = 1280
Total nSV = 2216
.
Warning: using -h 0 may be faster
*
optimization finished, #iter = 1891
C = 404.8746626960156
obj = 180954.87206171537, rho = 5.606870783055951
nSV = 2204, nBSV = 1316
Total nSV = 2204
..*
optimization finished, #iter = 2008
C = 480.38426724469554
obj = 226640.91594856032, rho = -1.5740057887048309
nSV = 2237, nBSV = 1256
Total nSV = 2237
..
Warning: using -h 0 may be faster
*
optimization finished, #iter = 2441
C = 417.27767051594896
obj = 224847.1032725444, rho = 2.568078467426909
nSV = 2700, nBSV = 1660
.
Warning: using -h 0 may be faster
...
Warning: using -h 0 may be faster
*
optimization finished, #iter = 4225
C = 1247.8921917124421
obj = 953434.3905755607, rho = -7.351773382590964
nSV = 3914, nBSV = 1730
Total nSV = 3914
....
Warning: using -h 0 may be faster
*
optimization finished, #iter = 4062
C = 1161.2402963192383
obj = 909759.1730888993, rho = -72.01966677941475
nSV = 3846, nBSV = 1765
Total nSV = 3846
.
Warning: using -h 0 may be faster
...
Warning: using -h 0 may be faster
*
optimization finished, #iter = 4054
C = 1276.2281235323408
obj = 1045916.6236226253, rho = -59.57490886072359
nSV = 3864, nBSV = 1742
Total nSV = 3864
.
Warning: using -h 0 may be faster
...
Warning: using -h 0 may be faster
*
optimization finished, #iter = 4424
C = 1306.0266330526927
obj = 1055414.8295822658, rho = -66.21268798357582
nSV = 3878, nBSV = 1730
Total nSV = 3878
....
Warning: using -h 0 may be faster
*
optimization finished, #iter = 4377
C = 1283.143645000311
obj = 1033282.5351767794, rho = -55.05353279239292
nSV = 3884, nBSV = 1698
Total nSV = 3884
.
Warning: using -h 0 may be faster
....
Warning: using -h 0 may be faster
*
optimization finished, #iter = 5122
C = 1294.8438808767812
obj = 1198695.621570566, rho = 11.912312504718445
nSV = 4719, nBSV = 2285
..
Warning: using -h 0 may be faster
*
optimization finished, #iter = 2061
C = 360.757844429227
obj = 162440.74339640944, rho = -12.101717302966168
nSV = 2555, nBSV = 1546
Total nSV = 2555
..
Warning: using -h 0 may be faster
*
optimization finished, #iter = 2159
C = 360.1141310936705
obj = 164467.22007683365, rho = -21.486031039723777
nSV = 2550, nBSV = 1536
Total nSV = 2550
..
Warning: using -h 0 may be faster
*
optimization finished, #iter = 2106
C = 354.9349195512828
obj = 162983.10832358626, rho = -20.4778702347901
nSV = 2521, nBSV = 1546
Total nSV = 2521
..
Warning: using -h 0 may be faster
*
optimization finished, #iter = 2042
C = 313.51373327366423
obj = 135739.67493869743, rho = -15.88386427377818
nSV = 2501, nBSV = 1578
Total nSV = 2501
..
Warning: using -h 0 may be faster
*
optimization finished, #iter = 2185
C = 386.52265582286344
obj = 181041.73812490853, rho = -19.830390892642825
nSV = 2553, nBSV = 1516
Total nSV = 2553
..
Warning: using -h 0 may be faster
*
optimization finished, #iter = 2629
C = 328.8475119450417
obj = 170166.69479591644, rho = 10.957022587075238
nSV = 3065, nBSV = 1965
Total nSV = 7003
.
Warning: using -h 0 may be faster
*
optimization finished, #iter = 1958
C = 452.26685069648545
obj = 206965.18194721913, rho = 9.500580665515002
nSV = 2247, nBSV = 1289
Total nSV = 2247
..
Warning: using -h 0 may be faster
*
optimization finished, #iter = 2075
C = 424.4148923102653
obj = 192497.85621087215, rho = 2.634100271129445
nSV = 2214, nBSV = 1284
Total nSV = 2214
..
Warning: using -h 0 may be faster
*
optimization finished, #iter = 2038
C = 449.11550214196933
obj = 213124.2078402987, rho = -6.457204908843502
nSV = 2221, nBSV = 1285
Total nSV = 2221
..
Warning: using -h 0 may be faster
*
optimization finished, #iter = 2027
C = 486.3882712241804
obj = 223767.25968501574, rho = 4.75789167806402
nSV = 2237, nBSV = 1274
Total nSV = 2237
.
Warning: using -h 0 may be faster
*
optimization finished, #iter = 1979
C = 439.1473834786084
obj = 200152.79753764893, rho = 7.203828973794746
nSV = 2205, nBSV = 1297
Total nSV = 2205
..
Warning: using -h 0 may be faster
*
optimization finished, #iter = 2436
C = 425.5534864593567
obj = 225958.67330761597, rho = 4.762355021163257
nSV = 2712, nBSV = 1655
....
Warning: using -h 0 may be faster
*
optimization finished, #iter = 4439
C = 1324.0619133691182
obj = 1047873.3938535368, rho = 12.24719559700188
nSV = 3847, nBSV = 1744
Total nSV = 3847
.
Warning: using -h 0 may be faster
...
Warning: using -h 0 may be faster
*
optimization finished, #iter = 4204
C = 1208.3134511255755
obj = 956404.1553270379, rho = -59.196394732163455
nSV = 3858, nBSV = 1735
Total nSV = 3858
.
Warning: using -h 0 may be faster
...
Warning: using -h 0 may be faster
*
optimization finished, #iter = 4345
C = 1266.0486436255837
obj = 999348.3740358454, rho = -45.39808253514363
nSV = 3878, nBSV = 1743
Total nSV = 3878
....
Warning: using -h 0 may be faster
*
optimization finished, #iter = 4237
C = 1216.9245137546475
obj = 947110.0361611386, rho = -61.252795934651374
nSV = 3861, nBSV = 1759
Total nSV = 3861
....
Warning: using -h 0 may be faster
*
optimization finished, #iter = 4228
C = 1228.5541119902628
obj = 960567.4147731531, rho = -57.434642389485504
nSV = 3876, nBSV = 1735
Total nSV = 3876
.
Warning: using -h 0 may be faster
....
Warning: using -h 0 may be faster
*
optimization finished, #iter = 5102
C = 1265.8678962433462
obj = 1139512.9599657338, rho = -2.4713019776830554
nSV = 4711, nBSV = 2304
..
Warning: using -h 0 may be faster
*
optimization finished, #iter = 2205
C = 351.3275994000236
obj = 158431.58258335467, rho = -13.0178778427062
nSV = 2552, nBSV = 1527
Total nSV = 2552
..
Warning: using -h 0 may be faster
*
optimization finished, #iter = 2127
C = 319.0727659545059
obj = 140147.0789261236, rho = -20.133117709173458
nSV = 2545, nBSV = 1571
Total nSV = 2545
..
Warning: using -h 0 may be faster
*
optimization finished, #iter = 2066
C = 366.75075271433724
obj = 168129.925087377, rho = -13.385740080229295
nSV = 2521, nBSV = 1551
Total nSV = 2521
..
Warning: using -h 0 may be faster
*
optimization finished, #iter = 2202
C = 373.4705585210316
obj = 171718.13190841282, rho = -15.419991608578531
nSV = 2545, nBSV = 1525
Total nSV = 2545
..
Warning: using -h 0 may be faster
*
optimization finished, #iter = 2223
C = 411.1787050457576
obj = 195860.31327944537, rho = -18.496561567397023
nSV = 2598, nBSV = 1517
Total nSV = 2598
..
Warning: using -h 0 may be faster
*
optimization finished, #iter = 2552
C = 342.270492161869
obj = 180349.188640701, rho = 10.08403126990506
nSV = 3106, nBSV = 2003
Total nSV = 6986
.
Warning: using -h 0 may be faster
...
Warning: using -h 0 may be faster
*
optimization finished, #iter = 4181
C = 1279.2484225488151
obj = 1035388.9978134702, rho = -61.83431421477127
nSV = 3914, nBSV = 1713
Total nSV = 3914
....
Warning: using -h 0 may be faster
*
optimization finished, #iter = 4316
C = 1208.480449883119
obj = 943849.6827661092, rho = 16.061260743668747
nSV = 3868, nBSV = 1736
Total nSV = 3868
....
Warning: using -h 0 may be faster
*
optimization finished, #iter = 4219
C = 1293.0339434071816
obj = 1028932.2731026798, rho = 16.518703609981237
nSV = 3897, nBSV = 1700
Total nSV = 3897
....
Warning: using -h 0 may be faster
*
optimization finished, #iter = 4372
C = 1382.3230066668787
obj = 1114549.8697979895, rho = 21.443055977426702
nSV = 3945, nBSV = 1640
Total nSV = 3945
....
Warning: using -h 0 may be faster
*
optimization finished, #iter = 4153
C = 1265.4788037647907
obj = 1007133.7815018768, rho = 15.46549401304819
nSV = 3877, nBSV = 1715
Total nSV = 3877
.
Warning: using -h 0 may be faster
....
Warning: using -h 0 may be faster
*
optimization finished, #iter = 5234
C = 1370.062472991145
obj = 1308873.0486300776, rho = -83.82648008479354
nSV = 4772, nBSV = 2228
..
Warning: using -h 0 may be faster
*
optimization finished, #iter = 2138
C = 374.4702413289595
obj = 167798.01036454446, rho = 10.825293490932157
nSV = 2558, nBSV = 1526
Total nSV = 2558
..
Warning: using -h 0 may be faster
*
optimization finished, #iter = 2204
C = 421.7125602820229
obj = 201663.4958137029, rho = -23.08796098642202
nSV = 2589, nBSV = 1495
Total nSV = 2589
..
Warning: using -h 0 may be faster
*
optimization finished, #iter = 2263
C = 412.46968104701904
obj = 197672.4294240517, rho = -19.152258975755323
nSV = 2599, nBSV = 1477
Total nSV = 2599
..
Warning: using -h 0 may be faster
*.
Warning: using -h 0 may be faster
*
optimization finished, #iter = 2323
C = 368.10594984335387
obj = 165279.61422984564, rho = -15.60596523946556
nSV = 2569, nBSV = 1523
Total nSV = 2569
..
Warning: using -h 0 may be faster
*
optimization finished, #iter = 2245
C = 382.8683397278533
obj = 174822.0239609958, rho = -17.878862880687134
nSV = 2565, nBSV = 1510
Total nSV = 2565
..
Warning: using -h 0 may be faster
*
optimization finished, #iter = 2651
C = 365.30726188516
obj = 194322.46909624344, rho = -20.56513821774419
nSV = 3151, nBSV = 1941
..*
optimization finished, #iter = 2138
C = 443.9614574496564
obj = 206474.7515597082, rho = -6.9345044571410765
nSV = 2257, nBSV = 1280
Total nSV = 2257
.
Warning: using -h 0 may be faster
*
optimization finished, #iter = 1916
C = 433.4065034347459
obj = 199645.22454138575, rho = 1.1976633242764663
nSV = 2220, nBSV = 1288
Total nSV = 2220
..
Warning: using -h 0 may be faster
*
optimization finished, #iter = 2058
C = 453.95281035512244
obj = 211629.36446451515, rho = -1.0430636346661117
nSV = 2220, nBSV = 1264
Total nSV = 2220
..*
optimization finished, #iter = 2017
C = 443.4158130370417
obj = 201496.61689646333, rho = -4.25641837755331
nSV = 2221, nBSV = 1295
Total nSV = 2221
.
Warning: using -h 0 may be faster
*
optimization finished, #iter = 1995
C = 421.2672656837278
obj = 188183.1834058616, rho = -3.146113967483726
nSV = 2218, nBSV = 1295
Total nSV = 2218
..
Warning: using -h 0 may be faster
*
optimization finished, #iter = 2585
C = 414.7869792888822
obj = 220475.0948554203, rho = -1.76643269312656
nSV = 2741, nBSV = 1652
Total nSV = 7063
..*
optimization finished, #iter = 2066
C = 448.0551343757502
obj = 204260.74099183548, rho = 8.528510772463827
nSV = 2250, nBSV = 1265
Total nSV = 2250
..*
optimization finished, #iter = 2028
C = 454.0911023260293
obj = 211888.8885889221, rho = 2.036340063215962
nSV = 2236, nBSV = 1261
Total nSV = 2236
..
Warning: using -h 0 may be faster
*
optimization finished, #iter = 2057
C = 478.65377999351256
obj = 220326.36829905052, rho = -0.6225989435065001
nSV = 2249, nBSV = 1268
Total nSV = 2249
.
Warning: using -h 0 may be faster
*
optimization finished, #iter = 1991
C = 472.16934870397597
obj = 223786.80665792746, rho = -1.8531139551441311
nSV = 2243, nBSV = 1247
Total nSV = 2243
..*
optimization finished, #iter = 2152
C = 487.9729429795597
obj = 233288.0403864824, rho = 3.7648560176528663
nSV = 2251, nBSV = 1249
Total nSV = 2251
..
Warning: using -h 0 may be faster
*
optimization finished, #iter = 2518
C = 442.5874499983895
obj = 239435.27420010202, rho = -19.034846029619132
nSV = 2741, nBSV = 1663
..
Warning: using -h 0 may be faster
*
optimization finished, #iter = 2136
C = 372.1642226392886
obj = 172107.45979821615, rho = -14.710100008923314
nSV = 2563, nBSV = 1490
Total nSV = 2563
..
Warning: using -h 0 may be faster
*
optimization finished, #iter = 2146
C = 307.15992995659315
obj = 130582.67354280583, rho = -7.097261601564042
nSV = 2521, nBSV = 1562
Total nSV = 2521
..
Warning: using -h 0 may be faster
*
optimization finished, #iter = 2084
C = 360.4278594920875
obj = 162370.60085559817, rho = -10.510458884983784
nSV = 2541, nBSV = 1543
Total nSV = 2541
..
Warning: using -h 0 may be faster
*
optimization finished, #iter = 2049
C = 386.99626782224595
obj = 178511.47439792275, rho = -14.771284685377367
nSV = 2554, nBSV = 1505
Total nSV = 2554
..
Warning: using -h 0 may be faster
*
optimization finished, #iter = 2228
C = 401.536749345354
obj = 186239.44811064802, rho = -9.65996070655395
nSV = 2610, nBSV = 1493
Total nSV = 2610
..
Warning: using -h 0 may be faster
*
optimization finished, #iter = 2676
C = 340.43945457866073
obj = 175759.3495788548, rho = 3.1271509226192213
nSV = 3116, nBSV = 1980
.
Warning: using -h 0 may be faster
...
Warning: using -h 0 may be faster
*
optimization finished, #iter = 4424
C = 1244.088063962099
obj = 987937.143531271, rho = -65.06979613862141
nSV = 3913, nBSV = 1752
Total nSV = 3913
....
Warning: using -h 0 may be faster
*
optimization finished, #iter = 4624
C = 1206.5979940716577
obj = 950312.4123809816, rho = 2.4171567486214967
nSV = 3880, nBSV = 1735
Total nSV = 3880
....
Warning: using -h 0 may be faster
*
optimization finished, #iter = 4298
C = 1273.5762487595366
obj = 1011298.9622366515, rho = 5.426162013256805
nSV = 3885, nBSV = 1699
Total nSV = 3885
.
Warning: using -h 0 may be faster
...
Warning: using -h 0 may be faster
*
optimization finished, #iter = 4056
C = 1245.6533184744073
obj = 1001955.8768380338, rho = 0.11058592825103675
nSV = 3848, nBSV = 1761
Total nSV = 3848
.
Warning: using -h 0 may be faster
...
Warning: using -h 0 may be faster
*
optimization finished, #iter = 4364
C = 1251.4066944892254
obj = 963884.3519949582, rho = 8.664070027828547
nSV = 3857, nBSV = 1721
Total nSV = 3857
....
Warning: using -h 0 may be faster
*
optimization finished, #iter = 4884
C = 1264.1853079418897
obj = 1174155.4489970019, rho = -1.4231602655685287
nSV = 4694, nBSV = 2309
Total nSV = 6987
..
Warning: using -h 0 may be faster
*
optimization finished, #iter = 2116
C = 324.26731009241655
obj = 137926.6323971165, rho = -11.383516011720996
nSV = 2521, nBSV = 1561
Total nSV = 2521
..
Warning: using -h 0 may be faster
*
optimization finished, #iter = 2088
C = 360.8021532835564
obj = 161819.47082492622, rho = -13.097793738105107
nSV = 2529, nBSV = 1530
Total nSV = 2529
..
Warning: using -h 0 may be faster
*
optimization finished, #iter = 2115
C = 317.5453084881949
obj = 137275.5033418401, rho = -6.488399743553541
nSV = 2518, nBSV = 1544
Total nSV = 2518
..
Warning: using -h 0 may be faster
*
optimization finished, #iter = 2183
C = 324.7707428854901
obj = 139076.53256627254, rho = -6.608176395312416
nSV = 2482, nBSV = 1543
Total nSV = 2482
..
Warning: using -h 0 may be faster
*
optimization finished, #iter = 2233
C = 339.49215970403964
obj = 150395.11373804032, rho = -9.103764209767533
nSV = 2538, nBSV = 1539
Total nSV = 2538
..
Warning: using -h 0 may be faster
*
optimization finished, #iter = 2503
C = 307.9508275995272
obj = 153753.89035980814, rho = 1.0576394223314856
nSV = 3065, nBSV = 1992
.
Warning: using -h 0 may be faster
*
optimization finished, #iter = 1975
C = 421.58871039343876
obj = 192279.20561330568, rho = 1.1526518412906086
nSV = 2211, nBSV = 1272
Total nSV = 2211
..*
optimization finished, #iter = 2001
C = 456.5936580757617
obj = 212182.3799615909, rho = -6.699447056361465
nSV = 2215, nBSV = 1290
Total nSV = 2215
..*
optimization finished, #iter = 2007
C = 434.07983412399176
obj = 198442.59355599352, rho = -2.1267290622104063
nSV = 2199, nBSV = 1294
Total nSV = 2199
..*
optimization finished, #iter = 2042
C = 450.3288291565309
obj = 203433.01859170492, rho = -8.250687645801161
nSV = 2228, nBSV = 1282
Total nSV = 2228
..*
optimization finished, #iter = 2014
C = 438.81068567466514
obj = 198578.34363851981, rho = 3.4132333317744226
nSV = 2197, nBSV = 1281
Total nSV = 2197
Line search fails in two-class probability estimates
..
Warning: using -h 0 may be faster
*
optimization finished, #iter = 2416
C = 418.8440695664408
obj = 223521.42410595843, rho = -8.152509300325415
nSV = 2698, nBSV = 1673
....
Warning: using -h 0 may be faster
*
optimization finished, #iter = 4264
C = 1254.567324178669
obj = 1011671.325110339, rho = -50.64484717574834
nSV = 3875, nBSV = 1725
Total nSV = 3875
....
Warning: using -h 0 may be faster
*
optimization finished, #iter = 4085
C = 1277.584864343838
obj = 1011593.3358361033, rho = -5.776752118908972
nSV = 3897, nBSV = 1725
Total nSV = 3897
....
Warning: using -h 0 may be faster
*
optimization finished, #iter = 4369
C = 1302.004845592269
obj = 1036925.6397275458, rho = 5.997607987001082
nSV = 3912, nBSV = 1699
Total nSV = 3912
....
Warning: using -h 0 may be faster
*
optimization finished, #iter = 4428
C = 1343.0702498285777
obj = 1054576.7506834692, rho = 5.661228365863832
nSV = 3892, nBSV = 1738
Total nSV = 3892
....
Warning: using -h 0 may be faster
*
optimization finished, #iter = 4084
C = 1243.6059407722994
obj = 985755.1240453167, rho = 1.2712876627441232
nSV = 3893, nBSV = 1728
Total nSV = 3893
.....
Warning: using -h 0 may be faster
*
optimization finished, #iter = 5220
C = 1341.349720500578
obj = 1254289.0657162473, rho = -66.47485507606564
nSV = 4755, nBSV = 2214
Total nSV = 6997


=== Predictions under cross-validation ===

 inst#     actual  predicted error distribution
     1  2:neutral  2:neutral       0.233,*0.578,0.189 
     2  2:neutral  2:neutral       0.024,*0.885,0.09 
     3  2:neutral 3:positive   +   0.12,0.244,*0.636 
     4  2:neutral  2:neutral       0.076,*0.563,0.361 
     5  2:neutral  2:neutral       0.045,*0.653,0.302 
     6  2:neutral 1:negative   +   *0.695,0.268,0.036 
     7  2:neutral  2:neutral       0.043,*0.655,0.302 
     8  2:neutral  2:neutral       0.067,*0.833,0.099 
     9  2:neutral  2:neutral       0.107,*0.583,0.31 
    10  2:neutral 1:negative   +   *0.662,0.201,0.137 
    11  2:neutral 3:positive   +   0.038,0.316,*0.646 
    12  2:neutral  2:neutral       0.066,*0.714,0.22 
    13  2:neutral  2:neutral       0.055,*0.745,0.2 
    14  2:neutral  2:neutral       0.03,*0.62,0.349 
    15  2:neutral  2:neutral       0.389,*0.414,0.197 
    16  2:neutral  2:neutral       0.019,*0.656,0.325 
    17  2:neutral 3:positive   +   0.356,0.278,*0.365 
    18  2:neutral 1:negative   +   *0.353,0.318,0.329 
    19  2:neutral  2:neutral       0.156,*0.711,0.133 
    20  2:neutral  2:neutral       0.033,*0.907,0.061 
    21  2:neutral 3:positive   +   0.344,0.301,*0.356 
    22  2:neutral 3:positive   +   0.095,0.413,*0.493 
    23  2:neutral  2:neutral       0.076,*0.686,0.238 
    24  2:neutral  2:neutral       0.045,*0.66,0.296 
    25  2:neutral  2:neutral       0.083,*0.676,0.24 
    26  2:neutral  2:neutral       0.304,*0.385,0.311 
    27  2:neutral  2:neutral       0.033,*0.725,0.242 
    28  2:neutral 1:negative   +   *0.405,0.397,0.198 
    29  2:neutral  2:neutral       0.022,*0.632,0.345 
    30  2:neutral 3:positive   +   0.038,0.443,*0.519 
    31  2:neutral  2:neutral       0.341,*0.521,0.138 
    32  2:neutral 1:negative   +   *0.902,0.074,0.024 
    33  2:neutral  2:neutral       0.022,*0.812,0.166 
    34  2:neutral  2:neutral       0.071,*0.735,0.194 
    35  2:neutral  2:neutral       0.123,*0.806,0.071 
    36  2:neutral  2:neutral       0.02,*0.873,0.107 
    37  2:neutral  2:neutral       0.111,*0.784,0.106 
    38  2:neutral  2:neutral       0.111,*0.732,0.157 
    39  2:neutral  2:neutral       0.048,*0.754,0.198 
    40  2:neutral  2:neutral       0.038,*0.552,0.411 
    41  2:neutral  2:neutral       0.086,*0.701,0.213 
    42  2:neutral  2:neutral       0.028,*0.74,0.232 
    43  2:neutral 3:positive   +   0.185,0.151,*0.664 
    44  2:neutral  2:neutral       0.116,*0.452,0.432 
    45  2:neutral  2:neutral       0.038,*0.886,0.076 
    46  2:neutral  2:neutral       0.014,*0.808,0.178 
    47  2:neutral  2:neutral       0.069,*0.532,0.399 
    48  2:neutral 3:positive   +   0.031,0.141,*0.828 
    49  2:neutral  2:neutral       0.04,*0.83,0.13 
    50  2:neutral  2:neutral       0.08,*0.764,0.156 
    51  2:neutral  2:neutral       0.089,*0.807,0.104 
    52  2:neutral  2:neutral       0.298,*0.503,0.2 
    53  2:neutral  2:neutral       0.177,*0.529,0.294 
    54  2:neutral  2:neutral       0.084,*0.503,0.413 
    55  2:neutral  2:neutral       0.061,*0.678,0.261 
    56  2:neutral  2:neutral       0.073,*0.828,0.098 
    57  2:neutral  2:neutral       0.12,*0.664,0.216 
    58  2:neutral  2:neutral       0.064,*0.575,0.361 
    59  2:neutral  2:neutral       0.111,*0.6,0.289 
    60  2:neutral  2:neutral       0.137,*0.528,0.335 
    61  2:neutral  2:neutral       0.077,*0.82,0.102 
    62  2:neutral  2:neutral       0.106,*0.628,0.266 
    63  2:neutral  2:neutral       0.014,*0.803,0.182 
    64  2:neutral  2:neutral       0.097,*0.686,0.218 
    65  2:neutral  2:neutral       0.141,*0.769,0.09 
    66  2:neutral 3:positive   +   0.05,0.166,*0.784 
    67  2:neutral  2:neutral       0.065,*0.739,0.196 
    68  2:neutral  2:neutral       0.218,*0.458,0.324 
    69  2:neutral 3:positive   +   0.048,0.268,*0.684 
    70  2:neutral 3:positive   +   0.096,0.437,*0.467 
    71  2:neutral  2:neutral       0.135,*0.72,0.144 
    72  2:neutral 3:positive   +   0.04,0.173,*0.787 
    73  2:neutral 3:positive   +   0.156,0.354,*0.49 
    74  2:neutral  2:neutral       0.099,*0.494,0.406 
    75  2:neutral  2:neutral       0.055,*0.763,0.182 
    76  2:neutral  2:neutral       0.142,*0.551,0.307 
    77  2:neutral 3:positive   +   0.096,0.387,*0.517 
    78  2:neutral  2:neutral       0.113,*0.622,0.265 
    79  2:neutral  2:neutral       0.261,*0.652,0.086 
    80  2:neutral  2:neutral       0.056,*0.891,0.053 
    81  2:neutral 1:negative   +   *0.36,0.295,0.345 
    82  2:neutral  2:neutral       0.137,*0.814,0.049 
    83  2:neutral 1:negative   +   *0.541,0.072,0.387 
    84  2:neutral 3:positive   +   0.025,0.087,*0.888 
    85  2:neutral  2:neutral       0.318,*0.549,0.133 
    86  2:neutral  2:neutral       0.054,*0.809,0.136 
    87  2:neutral 3:positive   +   0.015,0.487,*0.499 
    88  2:neutral 3:positive   +   0.03,0.389,*0.581 
    89  2:neutral 1:negative   +   *0.557,0.254,0.189 
    90  2:neutral  2:neutral       0.068,*0.826,0.106 
    91  2:neutral  2:neutral       0.099,*0.667,0.234 
    92  2:neutral  2:neutral       0.177,*0.603,0.22 
    93  2:neutral  2:neutral       0.089,*0.603,0.308 
    94  2:neutral 3:positive   +   0.069,0.333,*0.598 
    95  2:neutral  2:neutral       0.054,*0.55,0.396 
    96  2:neutral  2:neutral       0.066,*0.758,0.176 
    97  2:neutral  2:neutral       0.051,*0.803,0.146 
    98  2:neutral 3:positive   +   0.057,0.276,*0.667 
    99  2:neutral  2:neutral       0.078,*0.803,0.119 
   100  2:neutral  2:neutral       0.132,*0.678,0.19 
   101  2:neutral  2:neutral       0.146,*0.676,0.178 
   102  2:neutral 3:positive   +   0.088,0.305,*0.606 
   103  2:neutral  2:neutral       0.046,*0.719,0.234 
   104  2:neutral  2:neutral       0.185,*0.454,0.36 
   105  2:neutral  2:neutral       0.081,*0.66,0.258 
   106  2:neutral 3:positive   +   0.09,0.228,*0.681 
   107  2:neutral  2:neutral       0.084,*0.658,0.259 
   108  2:neutral  2:neutral       0.04,*0.911,0.049 
   109  2:neutral  2:neutral       0.017,*0.756,0.228 
   110  2:neutral  2:neutral       0.091,*0.824,0.085 
   111  2:neutral  2:neutral       0.098,*0.546,0.356 
   112  2:neutral  2:neutral       0.012,*0.802,0.185 
   113  2:neutral  2:neutral       0.041,*0.606,0.353 
   114  2:neutral 3:positive   +   0.156,0.297,*0.547 
   115  2:neutral  2:neutral       0.053,*0.641,0.306 
   116  2:neutral  2:neutral       0.129,*0.758,0.112 
   117  2:neutral  2:neutral       0.016,*0.958,0.026 
   118  2:neutral  2:neutral       0.088,*0.598,0.314 
   119  2:neutral  2:neutral       0.05,*0.682,0.268 
   120  2:neutral 3:positive   +   0.06,0.313,*0.627 
   121  2:neutral  2:neutral       0.07,*0.593,0.337 
   122  2:neutral 3:positive   +   0.102,0.19,*0.708 
   123  2:neutral  2:neutral       0.082,*0.865,0.053 
   124  2:neutral  2:neutral       0.089,*0.793,0.118 
   125  2:neutral  2:neutral       0.315,*0.542,0.144 
   126  2:neutral  2:neutral       0.056,*0.574,0.371 
   127  2:neutral  2:neutral       0.019,*0.906,0.075 
   128  2:neutral 3:positive   +   0.034,0.416,*0.55 
   129  2:neutral  2:neutral       0.118,*0.69,0.192 
   130  2:neutral  2:neutral       0.028,*0.641,0.331 
   131  2:neutral  2:neutral       0.393,*0.426,0.181 
   132  2:neutral  2:neutral       0.067,*0.69,0.244 
   133  2:neutral  2:neutral       0.047,*0.887,0.066 
   134  2:neutral  2:neutral       0.015,*0.775,0.21 
   135  2:neutral  2:neutral       0.024,*0.71,0.266 
   136  2:neutral  2:neutral       0.012,*0.752,0.236 
   137  2:neutral  2:neutral       0.082,*0.663,0.255 
   138  2:neutral 3:positive   +   0.101,0.425,*0.474 
   139  2:neutral  2:neutral       0.08,*0.61,0.311 
   140  2:neutral  2:neutral       0.123,*0.575,0.302 
   141  2:neutral  2:neutral       0.036,*0.73,0.234 
   142  2:neutral  2:neutral       0.124,*0.668,0.207 
   143  2:neutral  2:neutral       0.255,*0.421,0.325 
   144  2:neutral  2:neutral       0.108,*0.719,0.173 
   145  2:neutral  2:neutral       0.276,*0.378,0.346 
   146  2:neutral  2:neutral       0.156,*0.738,0.106 
   147  2:neutral  2:neutral       0.031,*0.744,0.225 
   148  2:neutral  2:neutral       0.086,*0.704,0.21 
   149  2:neutral 3:positive   +   0.151,0.333,*0.516 
   150  2:neutral  2:neutral       0.054,*0.801,0.146 
   151  2:neutral  2:neutral       0.088,*0.763,0.149 
   152  2:neutral  2:neutral       0.028,*0.891,0.081 
   153  2:neutral  2:neutral       0.021,*0.843,0.136 
   154  2:neutral  2:neutral       0.101,*0.674,0.224 
   155  2:neutral  2:neutral       0.18,*0.439,0.381 
   156  2:neutral 3:positive   +   0.09,0.347,*0.563 
   157  2:neutral  2:neutral       0.057,*0.669,0.275 
   158  2:neutral  2:neutral       0.039,*0.794,0.167 
   159  2:neutral  2:neutral       0.119,*0.798,0.082 
   160  2:neutral  2:neutral       0.022,*0.71,0.268 
   161  2:neutral  2:neutral       0.16,*0.471,0.369 
   162  2:neutral  2:neutral       0.023,*0.84,0.137 
   163  2:neutral  2:neutral       0.031,*0.683,0.285 
   164  2:neutral  2:neutral       0.294,*0.508,0.198 
   165  2:neutral  2:neutral       0.103,*0.69,0.207 
   166  2:neutral  2:neutral       0.096,*0.718,0.186 
   167  2:neutral 3:positive   +   0.05,0.383,*0.567 
   168  2:neutral  2:neutral       0.038,*0.701,0.261 
   169  2:neutral  2:neutral       0.1,*0.681,0.219 
   170  2:neutral  2:neutral       0.187,*0.742,0.071 
   171  2:neutral  2:neutral       0.084,*0.485,0.431 
   172  2:neutral  2:neutral       0.288,*0.416,0.297 
   173  2:neutral 1:negative   +   *0.734,0.218,0.048 
   174  2:neutral  2:neutral       0.097,*0.53,0.374 
   175  2:neutral  2:neutral       0.056,*0.596,0.348 
   176  2:neutral  2:neutral       0.103,*0.482,0.415 
   177  2:neutral  2:neutral       0.085,*0.849,0.066 
   178  2:neutral  2:neutral       0.166,*0.622,0.212 
   179  2:neutral  2:neutral       0.114,*0.54,0.345 
   180  2:neutral  2:neutral       0.049,*0.715,0.236 
   181  2:neutral  2:neutral       0.066,*0.791,0.144 
   182  2:neutral  2:neutral       0.342,*0.528,0.13 
   183  2:neutral  2:neutral       0.086,*0.722,0.192 
   184  2:neutral 3:positive   +   0.134,0.292,*0.575 
   185  2:neutral  2:neutral       0.096,*0.622,0.281 
   186  2:neutral  2:neutral       0.012,*0.893,0.095 
   187  2:neutral  2:neutral       0.074,*0.578,0.348 
   188  2:neutral 3:positive   +   0.145,0.369,*0.486 
   189  2:neutral  2:neutral       0.412,*0.495,0.093 
   190  2:neutral  2:neutral       0.37,*0.528,0.102 
   191  2:neutral  2:neutral       0.182,*0.69,0.128 
   192  2:neutral  2:neutral       0.076,*0.771,0.153 
   193  2:neutral  2:neutral       0.012,*0.685,0.303 
   194  2:neutral  2:neutral       0.107,*0.716,0.176 
   195  2:neutral 3:positive   +   0.061,0.418,*0.521 
   196  2:neutral  2:neutral       0.14,*0.598,0.262 
   197  2:neutral  2:neutral       0.062,*0.584,0.355 
   198  2:neutral  2:neutral       0.337,*0.525,0.137 
   199  2:neutral 3:positive   +   0.064,0.244,*0.691 
   200  2:neutral  2:neutral       0.033,*0.747,0.219 
   201  2:neutral  2:neutral       0.089,*0.818,0.093 
   202  2:neutral  2:neutral       0.149,*0.609,0.243 
   203  2:neutral 3:positive   +   0.077,0.396,*0.527 
   204  2:neutral  2:neutral       0.019,*0.947,0.034 
   205  2:neutral  2:neutral       0.014,*0.666,0.32 
   206  2:neutral  2:neutral       0.158,*0.592,0.25 
   207  2:neutral 3:positive   +   0.038,0.42,*0.542 
   208  2:neutral  2:neutral       0.019,*0.898,0.084 
   209  2:neutral  2:neutral       0.031,*0.894,0.075 
   210  2:neutral 3:positive   +   0.348,0.287,*0.365 
   211  2:neutral  2:neutral       0.027,*0.731,0.242 
   212  2:neutral  2:neutral       0.038,*0.832,0.129 
   213  2:neutral  2:neutral       0.08,*0.523,0.397 
   214  2:neutral  2:neutral       0.054,*0.65,0.296 
   215  2:neutral  2:neutral       0.221,*0.717,0.062 
   216  2:neutral  2:neutral       0.099,*0.52,0.382 
   217  2:neutral  2:neutral       0.052,*0.852,0.096 
   218  2:neutral  2:neutral       0.193,*0.491,0.316 
   219  2:neutral 3:positive   +   0.114,0.44,*0.446 
   220  2:neutral  2:neutral       0.091,*0.606,0.303 
   221  2:neutral 1:negative   +   *0.632,0.22,0.148 
   222  2:neutral 3:positive   +   0.12,0.42,*0.46 
   223  2:neutral  2:neutral       0.03,*0.613,0.357 
   224  2:neutral  2:neutral       0.101,*0.811,0.088 
   225  2:neutral  2:neutral       0.031,*0.849,0.12 
   226  2:neutral  2:neutral       0.047,*0.786,0.168 
   227  2:neutral  2:neutral       0.044,*0.791,0.165 
   228  2:neutral 3:positive   +   0.049,0.274,*0.678 
   229  2:neutral  2:neutral       0.022,*0.58,0.397 
   230  2:neutral 1:negative   +   *0.426,0.35,0.224 
   231  2:neutral  2:neutral       0.076,*0.775,0.149 
   232  2:neutral  2:neutral       0.316,*0.495,0.189 
   233  2:neutral  2:neutral       0.203,*0.528,0.269 
   234  2:neutral  2:neutral       0.054,*0.625,0.321 
   235  2:neutral  2:neutral       0.334,*0.557,0.109 
   236  2:neutral 3:positive   +   0.111,0.337,*0.552 
   237  2:neutral 3:positive   +   0.054,0.407,*0.538 
   238  2:neutral  2:neutral       0.162,*0.673,0.165 
   239  2:neutral  2:neutral       0.116,*0.617,0.267 
   240  2:neutral  2:neutral       0.089,*0.676,0.235 
   241  2:neutral 1:negative   +   *0.459,0.279,0.262 
   242  2:neutral  2:neutral       0.043,*0.57,0.387 
   243  2:neutral 3:positive   +   0.021,0.41,*0.569 
   244  2:neutral  2:neutral       0.042,*0.847,0.111 
   245  2:neutral  2:neutral       0.134,*0.726,0.14 
   246  2:neutral 3:positive   +   0.017,0.369,*0.614 
   247  2:neutral  2:neutral       0.009,*0.952,0.039 
   248  2:neutral 3:positive   +   0.064,0.437,*0.5 
   249  2:neutral  2:neutral       0.169,*0.433,0.398 
   250  2:neutral  2:neutral       0.029,*0.812,0.16 
   251  2:neutral  2:neutral       0.079,*0.557,0.365 
   252  2:neutral 3:positive   +   0.025,0.288,*0.687 
   253  2:neutral  2:neutral       0.103,*0.521,0.376 
   254  2:neutral  2:neutral       0.099,*0.757,0.144 
   255  2:neutral  2:neutral       0.036,*0.825,0.14 
   256  2:neutral  2:neutral       0.071,*0.565,0.365 
   257  2:neutral  2:neutral       0.084,*0.658,0.259 
   258  2:neutral  2:neutral       0.105,*0.836,0.059 
   259  2:neutral  2:neutral       0.142,*0.543,0.316 
   260  2:neutral  2:neutral       0.071,*0.828,0.101 
   261  2:neutral 3:positive   +   0.048,0.336,*0.616 
   262  2:neutral  2:neutral       0.062,*0.785,0.153 
   263  2:neutral  2:neutral       0.073,*0.573,0.354 
   264  2:neutral  2:neutral       0.037,*0.892,0.071 
   265  2:neutral  2:neutral       0.106,*0.588,0.306 
   266  2:neutral  2:neutral       0.038,*0.804,0.158 
   267  2:neutral 3:positive   +   0.174,0.292,*0.534 
   268  2:neutral  2:neutral       0.151,*0.741,0.107 
   269  2:neutral  2:neutral       0.264,*0.514,0.222 
   270  2:neutral 3:positive   +   0.118,0.429,*0.453 
   271  2:neutral  2:neutral       0.305,*0.402,0.293 
   272  2:neutral  2:neutral       0.105,*0.519,0.376 
   273  2:neutral  2:neutral       0.28,*0.594,0.127 
   274  2:neutral  2:neutral       0.048,*0.515,0.437 
   275  2:neutral 1:negative   +   *0.547,0.106,0.347 
   276  2:neutral  2:neutral       0.045,*0.768,0.187 
   277  2:neutral  2:neutral       0.018,*0.508,0.474 
   278  2:neutral  2:neutral       0.024,*0.504,0.473 
   279  2:neutral 3:positive   +   0.169,0.34,*0.491 
   280  2:neutral  2:neutral       0.022,*0.57,0.408 
   281  2:neutral  2:neutral       0.049,*0.606,0.345 
   282  2:neutral  2:neutral       0.041,*0.899,0.061 
   283  2:neutral 3:positive   +   0.338,0.29,*0.372 
   284  2:neutral 3:positive   +   0.05,0.313,*0.637 
   285  2:neutral  2:neutral       0.024,*0.858,0.118 
   286  2:neutral  2:neutral       0.028,*0.578,0.394 
   287  2:neutral  2:neutral       0.043,*0.869,0.087 
   288  2:neutral  2:neutral       0.158,*0.683,0.159 
   289  2:neutral  2:neutral       0.109,*0.736,0.155 
   290  2:neutral  2:neutral       0.008,*0.64,0.352 
   291  2:neutral  2:neutral       0.145,*0.609,0.246 
   292  2:neutral 1:negative   +   *0.714,0.14,0.146 
   293  2:neutral 3:positive   +   0.058,0.306,*0.636 
   294  2:neutral 3:positive   +   0.074,0.416,*0.51 
   295  2:neutral  2:neutral       0.134,*0.839,0.027 
   296  2:neutral  2:neutral       0.067,*0.69,0.244 
   297  2:neutral 3:positive   +   0.153,0.35,*0.497 
   298  2:neutral  2:neutral       0.015,*0.734,0.251 
   299  2:neutral  2:neutral       0.11,*0.64,0.25 
   300  2:neutral  2:neutral       0.165,*0.705,0.13 
   301  2:neutral  2:neutral       0.055,*0.662,0.283 
   302  2:neutral  2:neutral       0.095,*0.75,0.155 
   303  2:neutral 3:positive   +   0.05,0.179,*0.772 
   304  2:neutral  2:neutral       0.205,*0.453,0.342 
   305  2:neutral  2:neutral       0.021,*0.893,0.085 
   306  2:neutral  2:neutral       0.043,*0.642,0.315 
   307  2:neutral  2:neutral       0.035,*0.85,0.115 
   308  2:neutral  2:neutral       0.098,*0.871,0.031 
   309  2:neutral 3:positive   +   0.048,0.146,*0.806 
   310  2:neutral  2:neutral       0.124,*0.853,0.023 
   311  2:neutral  2:neutral       0.171,*0.521,0.308 
   312  2:neutral  2:neutral       0.117,*0.741,0.142 
   313  2:neutral  2:neutral       0.09,*0.541,0.369 
   314  2:neutral  2:neutral       0.171,*0.657,0.172 
   315  2:neutral  2:neutral       0.03,*0.578,0.393 
   316  2:neutral  2:neutral       0.053,*0.486,0.46 
   317  2:neutral  2:neutral       0.095,*0.791,0.114 
   318  2:neutral  2:neutral       0.084,*0.816,0.101 
   319  2:neutral  2:neutral       0.152,*0.45,0.398 
   320  2:neutral  2:neutral       0.107,*0.776,0.117 
   321  2:neutral  2:neutral       0.085,*0.773,0.142 
   322  2:neutral  2:neutral       0.064,*0.741,0.195 
   323  2:neutral  2:neutral       0.067,*0.585,0.348 
   324  2:neutral  2:neutral       0.071,*0.729,0.2 
   325  2:neutral  2:neutral       0.049,*0.794,0.157 
   326  2:neutral  2:neutral       0.066,*0.739,0.195 
   327  2:neutral 1:negative   +   *0.988,0.006,0.006 
   328  2:neutral 1:negative   +   *0.691,0.281,0.028 
   329  2:neutral 1:negative   +   *0.547,0.325,0.128 
   330  2:neutral  2:neutral       0.046,*0.852,0.102 
   331  2:neutral  2:neutral       0.079,*0.502,0.419 
   332  2:neutral  2:neutral       0.07,*0.786,0.145 
   333  2:neutral  2:neutral       0.024,*0.852,0.124 
   334  2:neutral 1:negative   +   *0.629,0.203,0.168 
   335  2:neutral 3:positive   +   0.023,0.306,*0.671 
   336  2:neutral  2:neutral       0.082,*0.549,0.369 
   337  2:neutral  2:neutral       0.07,*0.673,0.257 
   338  2:neutral  2:neutral       0.091,*0.512,0.397 
   339  2:neutral  2:neutral       0.084,*0.754,0.163 
   340  2:neutral  2:neutral       0.343,*0.418,0.239 
   341  2:neutral  2:neutral       0.048,*0.532,0.42 
   342  2:neutral 3:positive   +   0.124,0.185,*0.69 
   343  2:neutral  2:neutral       0.215,*0.612,0.173 
   344  2:neutral  2:neutral       0.02,*0.766,0.213 
   345  2:neutral  2:neutral       0.015,*0.84,0.145 
   346  2:neutral  2:neutral       0.093,*0.63,0.277 
   347  2:neutral  2:neutral       0.084,*0.658,0.259 
   348  2:neutral  2:neutral       0.227,*0.483,0.29 
   349  2:neutral  2:neutral       0.151,*0.563,0.286 
   350  2:neutral  2:neutral       0.031,*0.827,0.142 
