Zero Weights processed. Default weights will be used
..
Warning: using -h 0 may be faster
*
optimization finished, #iter = 2855
C = 1157.7436224472478
obj = 625817.4982670497, rho = -18.97548848164783
nSV = 2511, nBSV = 932
Total nSV = 2511
..
Warning: using -h 0 may be faster
*
optimization finished, #iter = 2768
C = 1078.2394016437217
obj = 582653.6313787826, rho = -30.84304079428719
nSV = 2458, nBSV = 930
Total nSV = 2458
..
Warning: using -h 0 may be faster
*
optimization finished, #iter = 2692
C = 1093.2165308410415
obj = 592319.0920986462, rho = -24.75188832305749
nSV = 2450, nBSV = 955
Total nSV = 2450
..
Warning: using -h 0 may be faster
*
optimization finished, #iter = 2776
C = 1088.908412968887
obj = 598744.102241026, rho = -21.307291382840628
nSV = 2476, nBSV = 944
Total nSV = 2476
..
Warning: using -h 0 may be faster
*
optimization finished, #iter = 2884
C = 1145.414819218793
obj = 614345.139155962, rho = -28.896771309302387
nSV = 2493, nBSV = 920
Total nSV = 2493
...
Warning: using -h 0 may be faster
*
optimization finished, #iter = 3374
C = 1132.2236482753035
obj = 730301.7962797796, rho = -17.71543762463993
nSV = 3005, nBSV = 1229
....
Warning: using -h 0 may be faster
*.
Warning: using -h 0 may be faster
*
optimization finished, #iter = 4605
C = 2783.5257923534996
obj = 2596903.0366170947, rho = -11.75209146509427
nSV = 4135, nBSV = 1347
Total nSV = 4135
....
Warning: using -h 0 may be faster
*
optimization finished, #iter = 4820
C = 3032.0073874589716
obj = 2873408.5948702637, rho = -42.65102332070405
nSV = 4183, nBSV = 1316
Total nSV = 4183
....
Warning: using -h 0 may be faster
*
optimization finished, #iter = 4503
C = 2870.278563471543
obj = 2799252.644611086, rho = 0.6234723127598663
nSV = 4125, nBSV = 1345
Total nSV = 4125
....
Warning: using -h 0 may be faster
*
optimization finished, #iter = 4727
C = 2747.999132409034
obj = 2529761.9097416606, rho = -25.739197213856265
nSV = 4166, nBSV = 1314
Total nSV = 4166
....
Warning: using -h 0 may be faster
*.
Warning: using -h 0 may be faster
*
optimization finished, #iter = 4275
C = 2814.4268889974383
obj = 2681039.977106007, rho = -17.20328321823518
nSV = 4088, nBSV = 1362
Total nSV = 4088
.
Warning: using -h 0 may be faster
....
Warning: using -h 0 may be faster
*
optimization finished, #iter = 5732
C = 3088.4998956593427
obj = 3463104.325443435, rho = -18.905176046762616
nSV = 5036, nBSV = 1743
...
Warning: using -h 0 may be faster
*
optimization finished, #iter = 3062
C = 1138.006134500757
obj = 685332.030753475, rho = -49.87770245779338
nSV = 2885, nBSV = 1072
Total nSV = 2885
...
Warning: using -h 0 may be faster
*
optimization finished, #iter = 3094
C = 1074.3850891749664
obj = 629000.49974508, rho = -37.28523076186524
nSV = 2889, nBSV = 1106
Total nSV = 2889
...
Warning: using -h 0 may be faster
*
optimization finished, #iter = 3107
C = 1161.8131168174814
obj = 702179.2294570336, rho = -44.49629541092475
nSV = 2868, nBSV = 1092
Total nSV = 2868
...
Warning: using -h 0 may be faster
*
optimization finished, #iter = 3054
C = 1122.188955114799
obj = 679887.8095000789, rho = -39.90026931375802
nSV = 2854, nBSV = 1089
Total nSV = 2854
...
Warning: using -h 0 may be faster
*
optimization finished, #iter = 3224
C = 1118.7129506381082
obj = 672584.4877911966, rho = -42.411309973047665
nSV = 2894, nBSV = 1078
Total nSV = 2894
...
Warning: using -h 0 may be faster
*
optimization finished, #iter = 3773
C = 1160.5800143756
obj = 817310.7665037992, rho = -3.8971638378169695
nSV = 3483, nBSV = 1442
Total nSV = 7932
..
Warning: using -h 0 may be faster
*
optimization finished, #iter = 2310
C = 1090.2516444080438
obj = 501431.8925177023, rho = -15.249925303650167
nSV = 2052, nBSV = 703
Total nSV = 2052
..
Warning: using -h 0 may be faster
*
optimization finished, #iter = 2116
C = 1027.9830213050375
obj = 455624.06831836095, rho = -15.838592055081525
nSV = 2035, nBSV = 747
Total nSV = 2035
..
Warning: using -h 0 may be faster
*
optimization finished, #iter = 2184
C = 1095.1147391300003
obj = 506440.0905057188, rho = -12.051403781322938
nSV = 2050, nBSV = 708
Total nSV = 2050
..
Warning: using -h 0 may be faster
*
optimization finished, #iter = 2244
C = 1105.9894792035159
obj = 519498.2065417423, rho = -21.611895816636817
nSV = 2038, nBSV = 709
Total nSV = 2038
..
Warning: using -h 0 may be faster
*
optimization finished, #iter = 2208
C = 1038.7655507280135
obj = 467707.921072718, rho = -11.177722645731073
nSV = 2008, nBSV = 705
Total nSV = 2008
..
Warning: using -h 0 may be faster
*
optimization finished, #iter = 2742
C = 1090.591359890806
obj = 591607.2578764912, rho = -17.2463410473931
nSV = 2471, nBSV = 922
....
Warning: using -h 0 may be faster
*
optimization finished, #iter = 4189
C = 2471.8284331709037
obj = 1850267.7762865948, rho = -30.857412287656096
nSV = 3456, nBSV = 952
Total nSV = 3456
...
Warning: using -h 0 may be faster
*
optimization finished, #iter = 3981
C = 2550.6361391893574
obj = 1989717.1022753671, rho = -109.55735484742301
nSV = 3497, nBSV = 975
Total nSV = 3497
...
Warning: using -h 0 may be faster
*
optimization finished, #iter = 3734
C = 2570.5473003156
obj = 2025804.1411594374, rho = -104.27879105798635
nSV = 3412, nBSV = 1000
Total nSV = 3412
...
Warning: using -h 0 may be faster
*
optimization finished, #iter = 3708
C = 2602.343601127626
obj = 2078877.6442722639, rho = -78.71734910508982
nSV = 3448, nBSV = 962
Total nSV = 3448
...
Warning: using -h 0 may be faster
*
optimization finished, #iter = 3741
C = 2616.794443642314
obj = 2098790.301635526, rho = -80.04239424814119
nSV = 3446, nBSV = 976
Total nSV = 3446
....
Warning: using -h 0 may be faster
*
optimization finished, #iter = 4617
C = 2774.1340063195266
obj = 2587093.135445096, rho = 0.807872466200449
nSV = 4170, nBSV = 1331
..
Warning: using -h 0 may be faster
*
optimization finished, #iter = 2554
C = 1023.8776426944164
obj = 509059.559224494, rho = 7.647421156315157
nSV = 2358, nBSV = 851
Total nSV = 2358
..
Warning: using -h 0 may be faster
*
optimization finished, #iter = 2392
C = 1032.9711397939702
obj = 530844.4970433001, rho = 18.88305821585525
nSV = 2325, nBSV = 839
Total nSV = 2325
..
Warning: using -h 0 may be faster
*
optimization finished, #iter = 2340
C = 1031.0646966242248
obj = 522474.5136060098, rho = -6.0582712613642125
nSV = 2301, nBSV = 836
Total nSV = 2301
..
Warning: using -h 0 may be faster
*
optimization finished, #iter = 2548
C = 1079.259284412761
obj = 546929.378152842, rho = 20.77245337363879
nSV = 2349, nBSV = 835
Total nSV = 2349
..
Warning: using -h 0 may be faster
*
optimization finished, #iter = 2630
C = 1141.080672488841
obj = 582128.2026314097, rho = 9.26144339398203
nSV = 2369, nBSV = 798
Total nSV = 2369
...
Warning: using -h 0 may be faster
*
optimization finished, #iter = 3045
C = 1067.7939901693887
obj = 628887.8572553196, rho = 8.35583675134472
nSV = 2869, nBSV = 1104
Total nSV = 6499
..
Warning: using -h 0 may be faster
*
optimization finished, #iter = 2116
C = 1146.565471654054
obj = 531823.0733865702, rho = -32.00248649720221
nSV = 2044, nBSV = 698
Total nSV = 2044
..
Warning: using -h 0 may be faster
*
optimization finished, #iter = 2224
C = 1126.781613170554
obj = 518067.07251826185, rho = -37.18963882259616
nSV = 2047, nBSV = 718
Total nSV = 2047
..
Warning: using -h 0 may be faster
*
optimization finished, #iter = 2151
C = 1080.8556791631586
obj = 485014.42951826693, rho = -33.59001617690526
nSV = 2031, nBSV = 719
Total nSV = 2031
..
Warning: using -h 0 may be faster
*
optimization finished, #iter = 2308
C = 1076.306625857835
obj = 478231.5912018868, rho = -23.28623599687592
nSV = 2048, nBSV = 705
Total nSV = 2048
..
Warning: using -h 0 may be faster
*
optimization finished, #iter = 2231
C = 1053.5733697167072
obj = 480709.74827571603, rho = -35.1532950729817
nSV = 2022, nBSV = 708
Total nSV = 2022
..
Warning: using -h 0 may be faster
*
optimization finished, #iter = 2714
C = 1128.785081822227
obj = 611888.1019409935, rho = -6.325060315309742
nSV = 2485, nBSV = 943
...
Warning: using -h 0 may be faster
*
optimization finished, #iter = 3804
C = 2543.2345091971006
obj = 2019845.8616732336, rho = -96.18480597210431
nSV = 3439, nBSV = 971
Total nSV = 3439
...
Warning: using -h 0 may be faster
*
optimization finished, #iter = 3773
C = 2575.48395348931
obj = 2035625.765075384, rho = -102.89149064499237
nSV = 3439, nBSV = 978
Total nSV = 3439
...
Warning: using -h 0 may be faster
*
optimization finished, #iter = 3961
C = 2659.1641483406706
obj = 2082127.5691083435, rho = -99.62284686524993
nSV = 3495, nBSV = 962
Total nSV = 3495
....
Warning: using -h 0 may be faster
*
optimization finished, #iter = 4411
C = 2611.315998225666
obj = 1992040.7582733633, rho = -108.69827154037368
nSV = 3530, nBSV = 953
Total nSV = 3530
.
Warning: using -h 0 may be faster
..
Warning: using -h 0 may be faster
*
optimization finished, #iter = 3985
C = 2661.3974946415788
obj = 2106426.0850485517, rho = -92.89287216219515
nSV = 3443, nBSV = 1004
Total nSV = 3443
....
Warning: using -h 0 may be faster
*
optimization finished, #iter = 4747
C = 2794.7106134654396
obj = 2565423.667384385, rho = -38.48606310593287
nSV = 4174, nBSV = 1314
..
Warning: using -h 0 may be faster
*
optimization finished, #iter = 2465
C = 1063.1898796724663
obj = 534200.6661377456, rho = -33.94452647836515
nSV = 2340, nBSV = 860
Total nSV = 2340
..
Warning: using -h 0 may be faster
*
optimization finished, #iter = 2691
C = 1150.5576968819316
obj = 589091.3715447476, rho = -34.917231578028144
nSV = 2411, nBSV = 812
Total nSV = 2411
..
Warning: using -h 0 may be faster
*
optimization finished, #iter = 2454
C = 1108.3254575846618
obj = 572342.3081601112, rho = -46.21240076362421
nSV = 2365, nBSV = 842
Total nSV = 2365
..
Warning: using -h 0 may be faster
*
optimization finished, #iter = 2431
C = 1002.996121706083
obj = 494863.0307360668, rho = -29.419841276482533
nSV = 2334, nBSV = 846
Total nSV = 2334
..
Warning: using -h 0 may be faster
*
optimization finished, #iter = 2636
C = 1121.3299908958281
obj = 571155.7508818734, rho = -45.50422116879371
nSV = 2391, nBSV = 810
Total nSV = 2391
...
Warning: using -h 0 may be faster
*
optimization finished, #iter = 3035
C = 1108.1874570934156
obj = 657077.9786735137, rho = -3.3088971822527804
nSV = 2837, nBSV = 1101
Total nSV = 6429
...
Warning: using -h 0 may be faster
*
optimization finished, #iter = 3730
C = 2730.6120046500687
obj = 2240964.53652686, rho = -152.02909145718627
nSV = 3439, nBSV = 982
Total nSV = 3439
...
Warning: using -h 0 may be faster
*
optimization finished, #iter = 3775
C = 2516.122684795745
obj = 1966859.0074320794, rho = -16.42327863635725
nSV = 3441, nBSV = 978
Total nSV = 3441
.
Warning: using -h 0 may be faster
..
Warning: using -h 0 may be faster
*
optimization finished, #iter = 3743
C = 2571.9633865432356
obj = 1984775.6734847212, rho = -6.427058627808079
nSV = 3444, nBSV = 983
Total nSV = 3444
...
Warning: using -h 0 may be faster
*
optimization finished, #iter = 3983
C = 2568.75134138619
obj = 1958951.5505714694, rho = 6.923907029720918
nSV = 3477, nBSV = 966
Total nSV = 3477
...
Warning: using -h 0 may be faster
*
optimization finished, #iter = 3890
C = 2674.2334344729347
obj = 2113679.20473684, rho = -6.667364490402632
nSV = 3458, nBSV = 994
Total nSV = 3458
....
Warning: using -h 0 may be faster
*
optimization finished, #iter = 4701
C = 2792.770222779243
obj = 2625172.560169266, rho = -146.2833109741233
nSV = 4196, nBSV = 1299
..
Warning: using -h 0 may be faster
*
optimization finished, #iter = 2398
C = 1129.3512336253743
obj = 572479.6868173279, rho = 0.07012038858188137
nSV = 2367, nBSV = 830
Total nSV = 2367
..
Warning: using -h 0 may be faster
*
optimization finished, #iter = 2520
C = 1123.2840741608823
obj = 569980.4214492547, rho = 11.909381210244518
nSV = 2357, nBSV = 844
Total nSV = 2357
..
Warning: using -h 0 may be faster
*
optimization finished, #iter = 2453
C = 1118.9969550977278
obj = 576893.4757804006, rho = 18.858494778779882
nSV = 2377, nBSV = 831
Total nSV = 2377
..
Warning: using -h 0 may be faster
*
optimization finished, #iter = 2483
C = 1144.9936081024528
obj = 589820.999535025, rho = -4.481843989564423
nSV = 2361, nBSV = 834
Total nSV = 2361
..
Warning: using -h 0 may be faster
*
optimization finished, #iter = 2603
C = 1143.2546181957543
obj = 574621.8539989734, rho = 0.6314374898774738
nSV = 2398, nBSV = 820
Total nSV = 2398
...
Warning: using -h 0 may be faster
*
optimization finished, #iter = 3084
C = 1171.790797956783
obj = 708302.846845692, rho = -51.45439368577358
nSV = 2915, nBSV = 1065
..
Warning: using -h 0 may be faster
*
optimization finished, #iter = 2283
C = 1064.3030966888487
obj = 476505.2977513338, rho = -14.877976639546583
nSV = 2042, nBSV = 697
Total nSV = 2042
..
Warning: using -h 0 may be faster
*
optimization finished, #iter = 2208
C = 1041.2179309950463
obj = 477122.4310507248, rho = -24.642310138152393
nSV = 2057, nBSV = 696
Total nSV = 2057
..
Warning: using -h 0 may be faster
*
optimization finished, #iter = 2115
C = 1062.4594579954087
obj = 488086.76168951945, rho = -20.940296762570448
nSV = 2033, nBSV = 685
Total nSV = 2033
..
Warning: using -h 0 may be faster
*
optimization finished, #iter = 2224
C = 1092.6445236726665
obj = 504936.0881947495, rho = -19.056838099209234
nSV = 2054, nBSV = 714
Total nSV = 2054
..
Warning: using -h 0 may be faster
*
optimization finished, #iter = 2223
C = 1140.4465144073376
obj = 529586.2039184306, rho = -20.40708387037346
nSV = 2065, nBSV = 692
Total nSV = 2065
Line search fails in two-class probability estimates
..
Warning: using -h 0 may be faster
*
optimization finished, #iter = 2762
C = 1081.5002777832929
obj = 581274.8509140663, rho = -20.076815622965352
nSV = 2492, nBSV = 937
Total nSV = 6525
..
Warning: using -h 0 may be faster
*
optimization finished, #iter = 2138
C = 1118.8469888232617
obj = 536341.1964016894, rho = -4.096757988167617
nSV = 2034, nBSV = 698
Total nSV = 2034
..
Warning: using -h 0 may be faster
*
optimization finished, #iter = 2259
C = 1133.6937357062536
obj = 541642.1217067064, rho = -25.09364009243585
nSV = 2064, nBSV = 689
Total nSV = 2064
..
Warning: using -h 0 may be faster
*
optimization finished, #iter = 2252
C = 1135.5018334256913
obj = 529570.2455252346, rho = -7.880089442553963
nSV = 2072, nBSV = 686
Total nSV = 2072
..
Warning: using -h 0 may be faster
*
optimization finished, #iter = 2306
C = 1186.6617405740367
obj = 562639.7079069498, rho = -10.13895916696163
nSV = 2111, nBSV = 679
Total nSV = 2111
..
Warning: using -h 0 may be faster
*
optimization finished, #iter = 2282
C = 1103.5528754656852
obj = 518513.3413788963, rho = 2.4108242129624906
nSV = 2065, nBSV = 701
Total nSV = 2065
..
Warning: using -h 0 may be faster
*
optimization finished, #iter = 2772
C = 1143.7238599525328
obj = 633077.4158570499, rho = -34.50314404913867
nSV = 2488, nBSV = 913
..
Warning: using -h 0 may be faster
*
optimization finished, #iter = 2460
C = 1086.6334837229228
obj = 549605.0014529566, rho = -18.046839305636293
nSV = 2368, nBSV = 827
Total nSV = 2368
..
Warning: using -h 0 may be faster
*
optimization finished, #iter = 2681
C = 1089.4211285719775
obj = 548822.5965407051, rho = -1.4596571208411104
nSV = 2387, nBSV = 803
Total nSV = 2387
..
Warning: using -h 0 may be faster
*
optimization finished, #iter = 2469
C = 1156.6222109133805
obj = 595424.6864009483, rho = -4.316087682763875
nSV = 2386, nBSV = 802
Total nSV = 2386
..
Warning: using -h 0 may be faster
*
optimization finished, #iter = 2480
C = 1086.533809000906
obj = 558635.3754111694, rho = -7.172263199195507
nSV = 2377, nBSV = 834
Total nSV = 2377
..
Warning: using -h 0 may be faster
*
optimization finished, #iter = 2398
C = 1042.5624695661913
obj = 506631.00792677846, rho = -5.414712151395679
nSV = 2359, nBSV = 867
Total nSV = 2359
...
Warning: using -h 0 may be faster
*
optimization finished, #iter = 3066
C = 1117.0137690612999
obj = 661961.7773558539, rho = -3.9411746912584245
nSV = 2859, nBSV = 1073
...
Warning: using -h 0 may be faster
*
optimization finished, #iter = 3629
C = 2611.666076580802
obj = 2080520.735840103, rho = -119.41729816490971
nSV = 3420, nBSV = 994
Total nSV = 3420
....
Warning: using -h 0 may be faster
*
optimization finished, #iter = 4125
C = 2531.9070520981327
obj = 1967856.3290321052, rho = -103.03696127598299
nSV = 3502, nBSV = 962
Total nSV = 3502
...
Warning: using -h 0 may be faster
*
optimization finished, #iter = 3796
C = 2559.03787895119
obj = 2015468.1472508789, rho = -75.31290144237913
nSV = 3472, nBSV = 999
Total nSV = 3472
...
Warning: using -h 0 may be faster
*
optimization finished, #iter = 3784
C = 2431.0908495929416
obj = 1908329.4521633263, rho = -105.30856957566365
nSV = 3450, nBSV = 1001
Total nSV = 3450
....
Warning: using -h 0 may be faster
*
optimization finished, #iter = 4057
C = 2606.947680475472
obj = 2032382.9483678467, rho = -100.8872236360745
nSV = 3509, nBSV = 969
Total nSV = 3509
....
Warning: using -h 0 may be faster
*.
Warning: using -h 0 may be faster
*
optimization finished, #iter = 4881
C = 2823.071543228529
obj = 2666411.8489408027, rho = -3.6951566934274624
nSV = 4172, nBSV = 1302
Total nSV = 6468
..
Warning: using -h 0 may be faster
*
optimization finished, #iter = 2400
C = 1154.9514157612675
obj = 598617.6290062475, rho = -32.644437951131316
nSV = 2368, nBSV = 825
Total nSV = 2368
..
Warning: using -h 0 may be faster
*
optimization finished, #iter = 2719
C = 1111.903287369168
obj = 552542.9970979479, rho = -28.361871243109874
nSV = 2386, nBSV = 826
Total nSV = 2386
..
Warning: using -h 0 may be faster
*
optimization finished, #iter = 2546
C = 945.0932999222387
obj = 460796.6059284125, rho = -24.09477700235827
nSV = 2319, nBSV = 861
Total nSV = 2319
..
Warning: using -h 0 may be faster
*
optimization finished, #iter = 2529
C = 1087.9123489673418
obj = 551850.4544716794, rho = -30.45634723008612
nSV = 2341, nBSV = 836
Total nSV = 2341
..
Warning: using -h 0 may be faster
*
optimization finished, #iter = 2598
C = 1051.2903577293857
obj = 528839.3159472338, rho = -27.4049120840449
nSV = 2365, nBSV = 829
Total nSV = 2365
..
Warning: using -h 0 may be faster
*
optimization finished, #iter = 2787
C = 1063.6038567314845
obj = 626374.0892459379, rho = -8.786467532837161
nSV = 2797, nBSV = 1126
..
Warning: using -h 0 may be faster
*
optimization finished, #iter = 2114
C = 1083.8995444220334
obj = 492347.331979315, rho = -14.97327383904021
nSV = 2019, nBSV = 701
Total nSV = 2019
..
Warning: using -h 0 may be faster
*
optimization finished, #iter = 2199
C = 1085.705798243802
obj = 495104.9465109897, rho = -25.889978076712165
nSV = 2009, nBSV = 713
Total nSV = 2009
..
Warning: using -h 0 may be faster
*
optimization finished, #iter = 2181
C = 1129.888399945684
obj = 520026.38051439374, rho = -21.062392648326853
nSV = 2013, nBSV = 702
Total nSV = 2013
..
Warning: using -h 0 may be faster
*
optimization finished, #iter = 2207
C = 1075.2875085851276
obj = 482060.78673194477, rho = -19.509230442731443
nSV = 2031, nBSV = 708
Total nSV = 2031
..
Warning: using -h 0 may be faster
*
optimization finished, #iter = 2294
C = 1063.831651941601
obj = 484786.87473413267, rho = -26.32902452094562
nSV = 1999, nBSV = 695
Total nSV = 1999
..
Warning: using -h 0 may be faster
*
optimization finished, #iter = 2784
C = 1101.4739377668684
obj = 591943.0357979025, rho = -31.044996890567088
nSV = 2454, nBSV = 917
...
Warning: using -h 0 may be faster
*
optimization finished, #iter = 3889
C = 2610.2135650029977
obj = 2028489.785745014, rho = -16.59528263433024
nSV = 3482, nBSV = 966
Total nSV = 3482
...
Warning: using -h 0 may be faster
*
optimization finished, #iter = 3909
C = 2608.012907287841
obj = 2032322.148509519, rho = -79.66207980694143
nSV = 3482, nBSV = 1001
Total nSV = 3482
...
Warning: using -h 0 may be faster
*
optimization finished, #iter = 3722
C = 2587.6779488517805
obj = 2079012.2606732645, rho = -91.4722631561761
nSV = 3445, nBSV = 974
Total nSV = 3445
...
Warning: using -h 0 may be faster
*.
Warning: using -h 0 may be faster
*
optimization finished, #iter = 3776
C = 2671.8668050799965
obj = 2159632.9367624098, rho = -104.39685203773456
nSV = 3450, nBSV = 971
Total nSV = 3450
...
Warning: using -h 0 may be faster
*
optimization finished, #iter = 3830
C = 2728.9689668910087
obj = 2220788.8959299824, rho = -77.57764534278562
nSV = 3472, nBSV = 995
Total nSV = 3472
....
Warning: using -h 0 may be faster
*
optimization finished, #iter = 4461
C = 2799.902646168523
obj = 2662522.251618426, rho = -99.69790775772451
nSV = 4145, nBSV = 1302
Total nSV = 6426


=== Predictions under cross-validation ===

 inst#     actual  predicted error distribution
     1  2:neutral  2:neutral       0.311,*0.46,0.229 
     2  2:neutral  2:neutral       0.021,*0.862,0.117 
     3  2:neutral 3:positive   +   0.269,0.241,*0.49 
     4  2:neutral  2:neutral       0.129,*0.561,0.311 
     5  2:neutral  2:neutral       0.044,*0.665,0.292 
     6  2:neutral 1:negative   +   *0.583,0.348,0.069 
     7  2:neutral 3:positive   +   0.041,0.448,*0.511 
     8  2:neutral  2:neutral       0.074,*0.815,0.112 
     9  2:neutral  2:neutral       0.122,*0.54,0.339 
    10  2:neutral 1:negative   +   *0.576,0.232,0.192 
    11  2:neutral 3:positive   +   0.029,0.383,*0.588 
    12  2:neutral  2:neutral       0.061,*0.778,0.161 
    13  2:neutral  2:neutral       0.06,*0.693,0.247 
    14  2:neutral  2:neutral       0.033,*0.756,0.211 
    15  2:neutral  2:neutral       0.232,*0.509,0.258 
    16  2:neutral  2:neutral       0.025,*0.596,0.379 
    17  2:neutral  2:neutral       0.303,*0.378,0.319 
    18  2:neutral  2:neutral       0.33,*0.353,0.317 
    19  2:neutral  2:neutral       0.147,*0.651,0.202 
    20  2:neutral  2:neutral       0.028,*0.905,0.067 
    21  2:neutral  2:neutral       0.191,*0.422,0.387 
    22  2:neutral 3:positive   +   0.103,0.375,*0.522 
    23  2:neutral  2:neutral       0.086,*0.641,0.272 
    24  2:neutral  2:neutral       0.064,*0.653,0.284 
    25  2:neutral  2:neutral       0.095,*0.603,0.302 
    26  2:neutral  2:neutral       0.348,*0.432,0.22 
    27  2:neutral  2:neutral       0.039,*0.594,0.366 
    28  2:neutral 3:positive   +   0.234,0.358,*0.408 
    29  2:neutral  2:neutral       0.041,*0.608,0.351 
    30  2:neutral 3:positive   +   0.037,0.399,*0.564 
    31  2:neutral  2:neutral       0.323,*0.498,0.179 
    32  2:neutral 1:negative   +   *0.907,0.048,0.045 
    33  2:neutral  2:neutral       0.024,*0.761,0.215 
    34  2:neutral  2:neutral       0.107,*0.623,0.27 
    35  2:neutral  2:neutral       0.11,*0.752,0.138 
    36  2:neutral  2:neutral       0.008,*0.926,0.065 
    37  2:neutral  2:neutral       0.194,*0.662,0.143 
    38  2:neutral  2:neutral       0.127,*0.703,0.17 
    39  2:neutral  2:neutral       0.075,*0.655,0.271 
    40  2:neutral  2:neutral       0.048,*0.515,0.437 
    41  2:neutral  2:neutral       0.073,*0.757,0.17 
    42  2:neutral  2:neutral       0.032,*0.691,0.277 
    43  2:neutral 3:positive   +   0.439,0.116,*0.445 
    44  2:neutral  2:neutral       0.104,*0.451,0.445 
    45  2:neutral  2:neutral       0.045,*0.874,0.081 
    46  2:neutral  2:neutral       0.024,*0.716,0.26 
    47  2:neutral  2:neutral       0.069,*0.569,0.363 
    48  2:neutral 3:positive   +   0.039,0.16,*0.801 
    49  2:neutral  2:neutral       0.04,*0.868,0.092 
    50  2:neutral  2:neutral       0.147,*0.661,0.191 
    51  2:neutral  2:neutral       0.13,*0.775,0.095 
    52  2:neutral  2:neutral       0.229,*0.526,0.245 
    53  2:neutral  2:neutral       0.164,*0.596,0.24 
    54  2:neutral  2:neutral       0.107,*0.463,0.43 
    55  2:neutral  2:neutral       0.063,*0.555,0.382 
    56  2:neutral  2:neutral       0.088,*0.841,0.072 
    57  2:neutral  2:neutral       0.098,*0.611,0.291 
    58  2:neutral 3:positive   +   0.068,0.461,*0.471 
    59  2:neutral 3:positive   +   0.147,0.427,*0.427 
    60  2:neutral  2:neutral       0.081,*0.511,0.409 
    61  2:neutral  2:neutral       0.143,*0.727,0.13 
    62  2:neutral  2:neutral       0.162,*0.434,0.403 
    63  2:neutral  2:neutral       0.035,*0.632,0.333 
    64  2:neutral  2:neutral       0.073,*0.624,0.303 
    65  2:neutral  2:neutral       0.233,*0.575,0.192 
    66  2:neutral 3:positive   +   0.122,0.179,*0.699 
    67  2:neutral  2:neutral       0.138,*0.581,0.281 
    68  2:neutral  2:neutral       0.173,*0.484,0.342 
    69  2:neutral 3:positive   +   0.067,0.355,*0.577 
    70  2:neutral 3:positive   +   0.097,0.438,*0.465 
    71  2:neutral  2:neutral       0.116,*0.751,0.133 
    72  2:neutral 3:positive   +   0.066,0.172,*0.762 
    73  2:neutral 3:positive   +   0.124,0.379,*0.498 
    74  2:neutral  2:neutral       0.103,*0.461,0.436 
    75  2:neutral  2:neutral       0.079,*0.713,0.208 
    76  2:neutral  2:neutral       0.175,*0.545,0.28 
    77  2:neutral 3:positive   +   0.064,0.45,*0.486 
    78  2:neutral  2:neutral       0.111,*0.469,0.421 
    79  2:neutral  2:neutral       0.426,*0.454,0.12 
    80  2:neutral  2:neutral       0.066,*0.819,0.115 
    81  2:neutral 1:negative   +   *0.524,0.267,0.208 
    82  2:neutral  2:neutral       0.091,*0.847,0.061 
    83  2:neutral 1:negative   +   *0.675,0.114,0.211 
    84  2:neutral 3:positive   +   0.022,0.134,*0.844 
    85  2:neutral 1:negative   +   *0.431,0.419,0.15 
    86  2:neutral  2:neutral       0.05,*0.736,0.214 
    87  2:neutral 3:positive   +   0.02,0.35,*0.63 
    88  2:neutral 3:positive   +   0.038,0.431,*0.532 
    89  2:neutral 3:positive   +   0.378,0.223,*0.398 
    90  2:neutral  2:neutral       0.051,*0.741,0.209 
    91  2:neutral  2:neutral       0.084,*0.542,0.375 
    92  2:neutral  2:neutral       0.091,*0.677,0.232 
    93  2:neutral  2:neutral       0.077,*0.576,0.348 
    94  2:neutral  2:neutral       0.052,*0.528,0.42 
    95  2:neutral  2:neutral       0.09,*0.518,0.391 
    96  2:neutral  2:neutral       0.047,*0.807,0.146 
    97  2:neutral  2:neutral       0.063,*0.682,0.255 
    98  2:neutral 3:positive   +   0.057,0.386,*0.558 
    99  2:neutral  2:neutral       0.1,*0.744,0.156 
   100  2:neutral  2:neutral       0.103,*0.718,0.179 
   101  2:neutral  2:neutral       0.097,*0.701,0.202 
   102  2:neutral 3:positive   +   0.124,0.391,*0.485 
   103  2:neutral  2:neutral       0.066,*0.629,0.305 
   104  2:neutral  2:neutral       0.149,*0.481,0.37 
   105  2:neutral  2:neutral       0.087,*0.626,0.287 
   106  2:neutral 3:positive   +   0.069,0.268,*0.663 
   107  2:neutral  2:neutral       0.091,*0.614,0.295 
   108  2:neutral  2:neutral       0.077,*0.868,0.055 
   109  2:neutral  2:neutral       0.017,*0.749,0.234 
   110  2:neutral  2:neutral       0.074,*0.85,0.076 
   111  2:neutral  2:neutral       0.076,*0.483,0.44 
   112  2:neutral  2:neutral       0.016,*0.752,0.232 
   113  2:neutral 3:positive   +   0.034,0.431,*0.535 
   114  2:neutral 3:positive   +   0.204,0.303,*0.494 
   115  2:neutral  2:neutral       0.046,*0.561,0.392 
   116  2:neutral  2:neutral       0.13,*0.692,0.178 
   117  2:neutral  2:neutral       0.036,*0.886,0.078 
   118  2:neutral  2:neutral       0.062,*0.609,0.328 
   119  2:neutral  2:neutral       0.059,*0.786,0.155 
   120  2:neutral 3:positive   +   0.047,0.393,*0.56 
   121  2:neutral  2:neutral       0.087,*0.576,0.337 
   122  2:neutral 3:positive   +   0.088,0.225,*0.687 
   123  2:neutral  2:neutral       0.067,*0.871,0.062 
   124  2:neutral  2:neutral       0.174,*0.629,0.198 
   125  2:neutral  2:neutral       0.304,*0.504,0.192 
   126  2:neutral 3:positive   +   0.062,0.403,*0.535 
   127  2:neutral  2:neutral       0.02,*0.862,0.118 
   128  2:neutral 3:positive   +   0.024,0.435,*0.541 
   129  2:neutral  2:neutral       0.162,*0.637,0.201 
   130  2:neutral  2:neutral       0.053,*0.563,0.384 
   131  2:neutral  2:neutral       0.282,*0.532,0.186 
   132  2:neutral  2:neutral       0.079,*0.643,0.278 
   133  2:neutral  2:neutral       0.065,*0.714,0.221 
   134  2:neutral  2:neutral       0.025,*0.661,0.314 
   135  2:neutral  2:neutral       0.026,*0.671,0.303 
   136  2:neutral  2:neutral       0.009,*0.674,0.317 
   137  2:neutral  2:neutral       0.142,*0.601,0.257 
   138  2:neutral  2:neutral       0.098,*0.574,0.327 
   139  2:neutral  2:neutral       0.12,*0.648,0.232 
   140  2:neutral  2:neutral       0.156,*0.452,0.392 
   141  2:neutral  2:neutral       0.021,*0.791,0.187 
   142  2:neutral  2:neutral       0.262,*0.432,0.306 
   143  2:neutral  2:neutral       0.198,*0.483,0.319 
   144  2:neutral  2:neutral       0.118,*0.654,0.228 
   145  2:neutral 3:positive   +   0.275,0.285,*0.44 
   146  2:neutral  2:neutral       0.238,*0.657,0.105 
   147  2:neutral  2:neutral       0.027,*0.822,0.151 
   148  2:neutral  2:neutral       0.156,*0.58,0.264 
   149  2:neutral 3:positive   +   0.104,0.387,*0.509 
   150  2:neutral  2:neutral       0.082,*0.751,0.167 
   151  2:neutral  2:neutral       0.069,*0.804,0.127 
   152  2:neutral  2:neutral       0.025,*0.921,0.054 
   153  2:neutral  2:neutral       0.024,*0.739,0.237 
   154  2:neutral  2:neutral       0.084,*0.749,0.166 
   155  2:neutral 3:positive   +   0.166,0.381,*0.453 
   156  2:neutral 3:positive   +   0.132,0.243,*0.625 
   157  2:neutral  2:neutral       0.046,*0.671,0.283 
   158  2:neutral  2:neutral       0.044,*0.695,0.262 
   159  2:neutral  2:neutral       0.104,*0.779,0.117 
   160  2:neutral  2:neutral       0.026,*0.533,0.441 
   161  2:neutral  2:neutral       0.14,*0.498,0.361 
   162  2:neutral  2:neutral       0.022,*0.844,0.134 
   163  2:neutral  2:neutral       0.021,*0.785,0.194 
   164  2:neutral  2:neutral       0.225,*0.493,0.283 
   165  2:neutral  2:neutral       0.098,*0.713,0.189 
   166  2:neutral  2:neutral       0.111,*0.728,0.161 
   167  2:neutral 3:positive   +   0.077,0.242,*0.681 
   168  2:neutral  2:neutral       0.04,*0.614,0.346 
   169  2:neutral  2:neutral       0.165,*0.522,0.313 
   170  2:neutral  2:neutral       0.172,*0.753,0.075 
   171  2:neutral 3:positive   +   0.115,0.375,*0.51 
   172  2:neutral 3:positive   +   0.185,0.362,*0.453 
   173  2:neutral 1:negative   +   *0.6,0.338,0.062 
   174  2:neutral  2:neutral       0.11,*0.544,0.346 
   175  2:neutral  2:neutral       0.093,*0.599,0.308 
   176  2:neutral  2:neutral       0.158,*0.486,0.356 
   177  2:neutral  2:neutral       0.071,*0.789,0.14 
   178  2:neutral  2:neutral       0.269,*0.578,0.153 
   179  2:neutral  2:neutral       0.142,*0.478,0.38 
   180  2:neutral  2:neutral       0.048,*0.753,0.199 
   181  2:neutral  2:neutral       0.11,*0.69,0.2 
   182  2:neutral 1:negative   +   *0.48,0.407,0.113 
   183  2:neutral  2:neutral       0.081,*0.709,0.21 
   184  2:neutral 3:positive   +   0.132,0.395,*0.473 
   185  2:neutral  2:neutral       0.094,*0.605,0.301 
   186  2:neutral  2:neutral       0.028,*0.866,0.106 
   187  2:neutral  2:neutral       0.074,*0.538,0.388 
   188  2:neutral 3:positive   +   0.139,0.405,*0.456 
   189  2:neutral 1:negative   +   *0.575,0.369,0.056 
   190  2:neutral 1:negative   +   *0.436,0.354,0.21 
   191  2:neutral  2:neutral       0.22,*0.597,0.184 
   192  2:neutral  2:neutral       0.064,*0.805,0.131 
   193  2:neutral  2:neutral       0.017,*0.628,0.356 
   194  2:neutral  2:neutral       0.128,*0.726,0.145 
   195  2:neutral 3:positive   +   0.071,0.388,*0.541 
   196  2:neutral  2:neutral       0.151,*0.534,0.315 
   197  2:neutral  2:neutral       0.066,*0.502,0.433 
   198  2:neutral  2:neutral       0.313,*0.42,0.266 
   199  2:neutral 3:positive   +   0.073,0.206,*0.721 
   200  2:neutral  2:neutral       0.038,*0.662,0.301 
   201  2:neutral  2:neutral       0.099,*0.818,0.084 
   202  2:neutral  2:neutral       0.168,*0.522,0.31 
   203  2:neutral  2:neutral       0.054,*0.51,0.436 
   204  2:neutral  2:neutral       0.027,*0.923,0.049 
   205  2:neutral  2:neutral       0.011,*0.826,0.163 
   206  2:neutral  2:neutral       0.19,*0.588,0.223 
   207  2:neutral 3:positive   +   0.048,0.372,*0.579 
   208  2:neutral  2:neutral       0.015,*0.871,0.115 
   209  2:neutral  2:neutral       0.03,*0.859,0.111 
   210  2:neutral 3:positive   +   0.263,0.347,*0.39 
   211  2:neutral  2:neutral       0.02,*0.852,0.128 
   212  2:neutral  2:neutral       0.043,*0.814,0.143 
   213  2:neutral  2:neutral       0.062,*0.514,0.423 
   214  2:neutral  2:neutral       0.046,*0.6,0.355 
   215  2:neutral  2:neutral       0.226,*0.696,0.078 
   216  2:neutral  2:neutral       0.103,*0.536,0.361 
   217  2:neutral  2:neutral       0.042,*0.852,0.106 
   218  2:neutral  2:neutral       0.156,*0.456,0.388 
   219  2:neutral  2:neutral       0.078,*0.471,0.451 
   220  2:neutral  2:neutral       0.087,*0.55,0.363 
   221  2:neutral 1:negative   +   *0.52,0.274,0.206 
   222  2:neutral  2:neutral       0.137,*0.453,0.41 
   223  2:neutral  2:neutral       0.043,*0.576,0.381 
   224  2:neutral  2:neutral       0.097,*0.752,0.151 
   225  2:neutral  2:neutral       0.039,*0.858,0.103 
   226  2:neutral  2:neutral       0.065,*0.684,0.251 
   227  2:neutral  2:neutral       0.042,*0.765,0.193 
   228  2:neutral 3:positive   +   0.031,0.319,*0.65 
   229  2:neutral  2:neutral       0.029,*0.497,0.474 
   230  2:neutral 1:negative   +   *0.41,0.284,0.306 
   231  2:neutral  2:neutral       0.06,*0.827,0.114 
   232  2:neutral  2:neutral       0.371,*0.412,0.217 
   233  2:neutral  2:neutral       0.22,*0.412,0.368 
   234  2:neutral  2:neutral       0.055,*0.592,0.353 
   235  2:neutral  2:neutral       0.267,*0.573,0.16 
   236  2:neutral  2:neutral       0.074,*0.507,0.419 
   237  2:neutral 3:positive   +   0.038,0.389,*0.572 
   238  2:neutral  2:neutral       0.135,*0.626,0.239 
   239  2:neutral  2:neutral       0.135,*0.481,0.384 
   240  2:neutral  2:neutral       0.079,*0.7,0.221 
   241  2:neutral 3:positive   +   0.29,0.319,*0.392 
   242  2:neutral 3:positive   +   0.053,0.449,*0.497 
   243  2:neutral 3:positive   +   0.033,0.309,*0.658 
   244  2:neutral  2:neutral       0.039,*0.794,0.167 
   245  2:neutral  2:neutral       0.192,*0.583,0.225 
   246  2:neutral 3:positive   +   0.013,0.446,*0.541 
   247  2:neutral  2:neutral       0.007,*0.959,0.033 
   248  2:neutral 3:positive   +   0.102,0.416,*0.482 
   249  2:neutral  2:neutral       0.266,*0.384,0.351 
   250  2:neutral  2:neutral       0.044,*0.718,0.238 
   251  2:neutral  2:neutral       0.091,*0.531,0.378 
   252  2:neutral 3:positive   +   0.034,0.32,*0.646 
   253  2:neutral  2:neutral       0.179,*0.535,0.286 
   254  2:neutral  2:neutral       0.076,*0.798,0.126 
   255  2:neutral  2:neutral       0.047,*0.657,0.296 
   256  2:neutral  2:neutral       0.075,*0.533,0.392 
   257  2:neutral  2:neutral       0.091,*0.614,0.295 
   258  2:neutral  2:neutral       0.101,*0.818,0.081 
   259  2:neutral  2:neutral       0.131,*0.572,0.297 
   260  2:neutral  2:neutral       0.074,*0.795,0.131 
   261  2:neutral 3:positive   +   0.037,0.398,*0.565 
   262  2:neutral  2:neutral       0.093,*0.669,0.238 
   263  2:neutral 3:positive   +   0.059,0.455,*0.486 
   264  2:neutral  2:neutral       0.052,*0.883,0.066 
   265  2:neutral  2:neutral       0.099,*0.706,0.195 
   266  2:neutral  2:neutral       0.033,*0.803,0.164 
   267  2:neutral 3:positive   +   0.223,0.244,*0.532 
   268  2:neutral  2:neutral       0.075,*0.76,0.165 
   269  2:neutral  2:neutral       0.25,*0.506,0.244 
   270  2:neutral 3:positive   +   0.117,0.351,*0.532 
   271  2:neutral  2:neutral       0.288,*0.364,0.348 
   272  2:neutral  2:neutral       0.122,*0.499,0.379 
   273  2:neutral  2:neutral       0.206,*0.615,0.179 
   274  2:neutral  2:neutral       0.084,*0.569,0.347 
   275  2:neutral 3:positive   +   0.336,0.13,*0.535 
   276  2:neutral  2:neutral       0.047,*0.736,0.217 
   277  2:neutral  2:neutral       0.014,*0.515,0.471 
   278  2:neutral  2:neutral       0.02,*0.553,0.428 
   279  2:neutral 3:positive   +   0.204,0.273,*0.523 
   280  2:neutral  2:neutral       0.02,*0.541,0.439 
   281  2:neutral 3:positive   +   0.029,0.449,*0.522 
   282  2:neutral  2:neutral       0.063,*0.841,0.095 
   283  2:neutral 3:positive   +   0.225,0.361,*0.414 
   284  2:neutral 3:positive   +   0.073,0.28,*0.647 
   285  2:neutral  2:neutral       0.014,*0.837,0.149 
   286  2:neutral  2:neutral       0.067,*0.474,0.459 
   287  2:neutral  2:neutral       0.056,*0.878,0.066 
   288  2:neutral  2:neutral       0.162,*0.685,0.152 
   289  2:neutral  2:neutral       0.089,*0.69,0.221 
   290  2:neutral 3:positive   +   0.007,0.471,*0.522 
   291  2:neutral  2:neutral       0.094,*0.649,0.257 
   292  2:neutral 1:negative   +   *0.76,0.104,0.136 
   293  2:neutral  2:neutral       0.074,*0.674,0.252 
   294  2:neutral 3:positive   +   0.085,0.253,*0.662 
   295  2:neutral  2:neutral       0.082,*0.862,0.056 
   296  2:neutral  2:neutral       0.079,*0.643,0.278 
   297  2:neutral 3:positive   +   0.191,0.251,*0.559 
   298  2:neutral  2:neutral       0.027,*0.687,0.286 
   299  2:neutral  2:neutral       0.198,*0.432,0.37 
   300  2:neutral  2:neutral       0.193,*0.672,0.135 
   301  2:neutral  2:neutral       0.086,*0.644,0.27 
   302  2:neutral  2:neutral       0.118,*0.672,0.21 
   303  2:neutral 3:positive   +   0.057,0.205,*0.738 
   304  2:neutral  2:neutral       0.132,*0.633,0.235 
   305  2:neutral  2:neutral       0.033,*0.833,0.133 
   306  2:neutral  2:neutral       0.044,*0.624,0.331 
   307  2:neutral  2:neutral       0.028,*0.883,0.089 
   308  2:neutral  2:neutral       0.125,*0.842,0.033 
   309  2:neutral 3:positive   +   0.019,0.147,*0.834 
   310  2:neutral  2:neutral       0.131,*0.832,0.037 
   311  2:neutral  2:neutral       0.182,*0.506,0.313 
   312  2:neutral  2:neutral       0.097,*0.753,0.151 
   313  2:neutral  2:neutral       0.06,*0.494,0.446 
   314  2:neutral  2:neutral       0.131,*0.688,0.181 
   315  2:neutral 3:positive   +   0.051,0.321,*0.628 
   316  2:neutral 3:positive   +   0.036,0.361,*0.603 
   317  2:neutral  2:neutral       0.093,*0.811,0.097 
   318  2:neutral  2:neutral       0.133,*0.716,0.151 
   319  2:neutral  2:neutral       0.132,*0.456,0.412 
   320  2:neutral  2:neutral       0.13,*0.743,0.127 
   321  2:neutral  2:neutral       0.111,*0.714,0.175 
   322  2:neutral  2:neutral       0.061,*0.785,0.155 
   323  2:neutral  2:neutral       0.17,*0.605,0.225 
   324  2:neutral  2:neutral       0.072,*0.758,0.17 
   325  2:neutral  2:neutral       0.088,*0.767,0.145 
   326  2:neutral  2:neutral       0.096,*0.712,0.192 
   327  2:neutral 1:negative   +   *0.968,0.017,0.016 
   328  2:neutral 1:negative   +   *0.735,0.228,0.037 
   329  2:neutral  2:neutral       0.374,*0.499,0.127 
   330  2:neutral  2:neutral       0.05,*0.845,0.104 
   331  2:neutral  2:neutral       0.11,*0.572,0.318 
   332  2:neutral  2:neutral       0.079,*0.666,0.255 
   333  2:neutral  2:neutral       0.018,*0.828,0.154 
   334  2:neutral 1:negative   +   *0.578,0.292,0.129 
   335  2:neutral 3:positive   +   0.037,0.305,*0.658 
   336  2:neutral  2:neutral       0.104,*0.495,0.401 
   337  2:neutral  2:neutral       0.058,*0.7,0.242 
   338  2:neutral 3:positive   +   0.105,0.378,*0.516 
   339  2:neutral  2:neutral       0.028,*0.852,0.121 
   340  2:neutral  2:neutral       0.248,*0.483,0.27 
   341  2:neutral  2:neutral       0.045,*0.565,0.39 
   342  2:neutral 3:positive   +   0.081,0.168,*0.751 
   343  2:neutral  2:neutral       0.138,*0.65,0.212 
   344  2:neutral  2:neutral       0.017,*0.768,0.215 
   345  2:neutral  2:neutral       0.025,*0.777,0.198 
   346  2:neutral  2:neutral       0.087,*0.653,0.26 
   347  2:neutral  2:neutral       0.091,*0.614,0.295 
   348  2:neutral 3:positive   +   0.273,0.328,*0.399 
   349  2:neutral  2:neutral       0.131,*0.589,0.28 
   350  2:neutral  2:neutral       0.046,*0.733,0.221 
   351  2:neutral  2:neutral       0.087,*0.517,0.397 
   352  2:neutral  2:neutral       0.02,*0.84,0.14 
   353  2:neutral  2:neutral       0.213,*0.673,0.114 
