Zero Weights processed. Default weights will be used
..
Warning: using -h 0 may be faster
*
optimization finished, #iter = 2118
C = 497.6890122078251
obj = 284822.1225521473, rho = -5.299925819065871
nSV = 2692, nBSV = 1659
Total nSV = 2692
..
Warning: using -h 0 may be faster
*
optimization finished, #iter = 2118
C = 516.4879935774152
obj = 301544.59193898295, rho = -1.557070636418875
nSV = 2710, nBSV = 1653
Total nSV = 2710
..
Warning: using -h 0 may be faster
*
optimization finished, #iter = 2199
C = 482.6027780505654
obj = 269062.71486077976, rho = -3.9736648233587575
nSV = 2718, nBSV = 1644
Total nSV = 2718
..
Warning: using -h 0 may be faster
*
optimization finished, #iter = 2142
C = 457.5154960480202
obj = 252276.6843388353, rho = 4.716801329409412
nSV = 2673, nBSV = 1670
Total nSV = 2673
..
Warning: using -h 0 may be faster
*
optimization finished, #iter = 2165
C = 462.66725991535554
obj = 257210.09681676715, rho = -1.5632782935256764
nSV = 2698, nBSV = 1649
Total nSV = 2698
..
Warning: using -h 0 may be faster
*
optimization finished, #iter = 2691
C = 459.7154025065999
obj = 306471.22295104695, rho = -3.676293176844155
nSV = 3300, nBSV = 2145
....
Warning: using -h 0 may be faster
*
optimization finished, #iter = 4286
C = 1276.5770373597938
obj = 1239333.0434577062, rho = 11.549527129453617
nSV = 4706, nBSV = 2267
Total nSV = 4706
....
Warning: using -h 0 may be faster
*
optimization finished, #iter = 4164
C = 1257.9588656393103
obj = 1237564.467873549, rho = 22.53016912387941
nSV = 4680, nBSV = 2300
Total nSV = 4680
....
Warning: using -h 0 may be faster
*
optimization finished, #iter = 4311
C = 1202.0031875043392
obj = 1161387.0013722177, rho = 14.39343626015959
nSV = 4678, nBSV = 2261
Total nSV = 4678
....
Warning: using -h 0 may be faster
*
optimization finished, #iter = 4335
C = 1337.3902226284667
obj = 1326947.3535045867, rho = 19.956922101075502
nSV = 4726, nBSV = 2251
Total nSV = 4726
....
Warning: using -h 0 may be faster
*
optimization finished, #iter = 4370
C = 1313.5752796141226
obj = 1294738.4250879674, rho = -3.973854563468809
nSV = 4737, nBSV = 2244
Total nSV = 4737
.
Warning: using -h 0 may be faster
....
Warning: using -h 0 may be faster
*
optimization finished, #iter = 5067
C = 1306.8982838160969
obj = 1517146.861105374, rho = 27.98067925265461
nSV = 5690, nBSV = 2979
..
Warning: using -h 0 may be faster
*
optimization finished, #iter = 2278
C = 453.1151380607024
obj = 255144.69524171468, rho = -13.844768414916237
nSV = 3154, nBSV = 1946
Total nSV = 3154
..
Warning: using -h 0 may be faster
*
optimization finished, #iter = 2316
C = 472.71891698699983
obj = 273117.68117505044, rho = 4.925084929735748
nSV = 3183, nBSV = 1927
Total nSV = 3183
..
Warning: using -h 0 may be faster
*
optimization finished, #iter = 2432
C = 504.0107058603867
obj = 294092.0981638609, rho = 7.868572624578211
nSV = 3191, nBSV = 1899
Total nSV = 3191
..
Warning: using -h 0 may be faster
*
optimization finished, #iter = 2361
C = 438.46186373592445
obj = 246938.100974386, rho = 9.242745828478183
nSV = 3134, nBSV = 1939
Total nSV = 3134
..
Warning: using -h 0 may be faster
*
optimization finished, #iter = 2227
C = 426.8927494550242
obj = 236883.6071316373, rho = 7.012707701701259
nSV = 3132, nBSV = 1970
Total nSV = 3132
..
Warning: using -h 0 may be faster
*
optimization finished, #iter = 2881
C = 435.9896892190414
obj = 289675.7506116824, rho = 11.39482797251883
nSV = 3868, nBSV = 2478
Total nSV = 8563
.
Warning: using -h 0 may be faster
*
optimization finished, #iter = 1733
C = 467.4189208581024
obj = 216828.5240044727, rho = 1.1498106786560343
nSV = 2195, nBSV = 1319
Total nSV = 2195
.
Warning: using -h 0 may be faster
*
optimization finished, #iter = 1682
C = 507.24609953932276
obj = 247164.46513790675, rho = 3.2740563723913607
nSV = 2223, nBSV = 1281
Total nSV = 2223
.
Warning: using -h 0 may be faster
*
optimization finished, #iter = 1741
C = 564.9028798942294
obj = 280668.1629236108, rho = -1.905306852595196
nSV = 2221, nBSV = 1266
Total nSV = 2221
.
Warning: using -h 0 may be faster
*
optimization finished, #iter = 1755
C = 527.0244926603121
obj = 256306.2994359424, rho = 4.38327324728962
nSV = 2235, nBSV = 1278
Total nSV = 2235
.
Warning: using -h 0 may be faster
*
optimization finished, #iter = 1741
C = 484.2882494530587
obj = 231456.74687041296, rho = -1.5880888559670239
nSV = 2213, nBSV = 1284
Total nSV = 2213
Line search fails in two-class probability estimates
..
Warning: using -h 0 may be faster
*
optimization finished, #iter = 2082
C = 483.9273254838005
obj = 274900.40143143287, rho = -0.05107951040552894
nSV = 2695, nBSV = 1666
...
Warning: using -h 0 may be faster
*
optimization finished, #iter = 3286
C = 1254.281649175582
obj = 1053075.4841203867, rho = 18.674540429241635
nSV = 3855, nBSV = 1782
Total nSV = 3855
...
Warning: using -h 0 may be faster
*
optimization finished, #iter = 3558
C = 1194.9281778716054
obj = 983167.9627582841, rho = 18.836870676541114
nSV = 3786, nBSV = 1710
Total nSV = 3786
...
Warning: using -h 0 may be faster
*
optimization finished, #iter = 3381
C = 1204.3753658838452
obj = 1007452.5111053229, rho = 13.002758350649414
nSV = 3840, nBSV = 1758
Total nSV = 3840
...
Warning: using -h 0 may be faster
*
optimization finished, #iter = 3247
C = 1253.734044629771
obj = 1069003.267477521, rho = 30.43085488499227
nSV = 3781, nBSV = 1755
Total nSV = 3781
...
Warning: using -h 0 may be faster
*
optimization finished, #iter = 3442
C = 1246.5847834471335
obj = 1060982.986849039, rho = 26.758944441897633
nSV = 3808, nBSV = 1743
Total nSV = 3808
....
Warning: using -h 0 may be faster
*
optimization finished, #iter = 4176
C = 1247.1274325903196
obj = 1215812.0838729881, rho = 28.30181747137373
nSV = 4725, nBSV = 2264
.
Warning: using -h 0 may be faster
*
optimization finished, #iter = 1878
C = 461.34678844320536
obj = 225420.96543396887, rho = 9.0421123567096
nSV = 2553, nBSV = 1508
Total nSV = 2553
.
Warning: using -h 0 may be faster
*
optimization finished, #iter = 1969
C = 477.8968735797948
obj = 238528.074613328, rho = -22.168756623789225
nSV = 2611, nBSV = 1487
Total nSV = 2611
.
Warning: using -h 0 may be faster
*
optimization finished, #iter = 1970
C = 474.68841824027226
obj = 236537.06356881498, rho = -13.125052280183697
nSV = 2594, nBSV = 1458
Total nSV = 2594
.
Warning: using -h 0 may be faster
*
optimization finished, #iter = 1911
C = 488.6447026864144
obj = 246924.8844116315, rho = -23.785596008806714
nSV = 2592, nBSV = 1482
Total nSV = 2592
.
Warning: using -h 0 may be faster
*
optimization finished, #iter = 1916
C = 481.0749117532881
obj = 239884.15669276504, rho = -17.252466623184507
nSV = 2587, nBSV = 1509
Total nSV = 2587
..
Warning: using -h 0 may be faster
*
optimization finished, #iter = 2317
C = 450.7757694813864
obj = 258706.11130315464, rho = 12.230303982294746
nSV = 3147, nBSV = 1959
Total nSV = 6992
.
Warning: using -h 0 may be faster
*
optimization finished, #iter = 1665
C = 493.95891859617683
obj = 235407.1720014883, rho = -3.585223235686651
nSV = 2193, nBSV = 1297
Total nSV = 2193
.
Warning: using -h 0 may be faster
*
optimization finished, #iter = 1681
C = 490.84038636298334
obj = 232888.27746821064, rho = -0.27053248255695467
nSV = 2186, nBSV = 1289
Total nSV = 2186
.
Warning: using -h 0 may be faster
*
optimization finished, #iter = 1769
C = 559.1958915832861
obj = 274710.02555224195, rho = 1.161038161811761
nSV = 2244, nBSV = 1268
Total nSV = 2244
.
Warning: using -h 0 may be faster
*
optimization finished, #iter = 1715
C = 491.0813816465145
obj = 231284.09437695975, rho = 2.1404029230395185
nSV = 2192, nBSV = 1309
Total nSV = 2192
.
Warning: using -h 0 may be faster
*
optimization finished, #iter = 1798
C = 559.0418864675524
obj = 275853.5680528161, rho = 2.0807619272259164
nSV = 2222, nBSV = 1254
Total nSV = 2222
..
Warning: using -h 0 may be faster
*
optimization finished, #iter = 2223
C = 490.3103253079648
obj = 275856.52960667026, rho = 0.3941539345984169
nSV = 2701, nBSV = 1654
...
Warning: using -h 0 may be faster
*
optimization finished, #iter = 3615
C = 1240.1422356272894
obj = 1027122.3405105767, rho = -0.38794324305057115
nSV = 3872, nBSV = 1748
Total nSV = 3872
...
Warning: using -h 0 may be faster
*
optimization finished, #iter = 3366
C = 1269.7262503810668
obj = 1071371.732836397, rho = -74.39909100987114
nSV = 3842, nBSV = 1757
Total nSV = 3842
...
Warning: using -h 0 may be faster
*
optimization finished, #iter = 3399
C = 1291.7844481096715
obj = 1094211.8224665122, rho = -74.58780844323222
nSV = 3879, nBSV = 1732
Total nSV = 3879
...
Warning: using -h 0 may be faster
*
optimization finished, #iter = 3352
C = 1200.9947076304231
obj = 1028493.6624908524, rho = -73.96807314610311
nSV = 3857, nBSV = 1736
Total nSV = 3857
...
Warning: using -h 0 may be faster
*
optimization finished, #iter = 3674
C = 1267.0802222035193
obj = 1065434.0651487669, rho = -43.014521938848695
nSV = 3899, nBSV = 1715
Total nSV = 3899
....
Warning: using -h 0 may be faster
*
optimization finished, #iter = 4178
C = 1257.919144698051
obj = 1227789.5595550623, rho = 11.508337241694168
nSV = 4675, nBSV = 2300
.
Warning: using -h 0 may be faster
*
optimization finished, #iter = 1859
C = 466.67655557583754
obj = 228862.8094492482, rho = 4.450111938978844
nSV = 2589, nBSV = 1494
Total nSV = 2589
.
Warning: using -h 0 may be faster
*
optimization finished, #iter = 1926
C = 527.4985105827357
obj = 267904.5269396013, rho = -20.460521220907836
nSV = 2607, nBSV = 1478
Total nSV = 2607
.
Warning: using -h 0 may be faster
*
optimization finished, #iter = 1879
C = 502.9119146211419
obj = 254922.18297545396, rho = -10.181020227539037
nSV = 2590, nBSV = 1505
Total nSV = 2590
.
Warning: using -h 0 may be faster
*
optimization finished, #iter = 1893
C = 484.9358796282173
obj = 235322.3831758989, rho = -13.579333629415416
nSV = 2571, nBSV = 1515
Total nSV = 2571
.
Warning: using -h 0 may be faster
*
optimization finished, #iter = 1887
C = 482.11718324291047
obj = 235403.39839731375, rho = -18.82552356959146
nSV = 2582, nBSV = 1512
Total nSV = 2582
..
Warning: using -h 0 may be faster
*
optimization finished, #iter = 2223
C = 465.38538857981916
obj = 268530.4850900295, rho = 5.563877844423127
nSV = 3136, nBSV = 1960
Total nSV = 6984
...
Warning: using -h 0 may be faster
*
optimization finished, #iter = 3342
C = 1273.1425022251542
obj = 1044553.5629027882, rho = 17.52359279359307
nSV = 3840, nBSV = 1770
Total nSV = 3840
...
Warning: using -h 0 may be faster
*
optimization finished, #iter = 3588
C = 1345.3777948163388
obj = 1165652.2267953232, rho = -67.81206369102209
nSV = 3840, nBSV = 1719
Total nSV = 3840
...
Warning: using -h 0 may be faster
*
optimization finished, #iter = 3411
C = 1292.8838357228985
obj = 1114471.4343131327, rho = -59.47388536928639
nSV = 3842, nBSV = 1724
Total nSV = 3842
...
Warning: using -h 0 may be faster
*
optimization finished, #iter = 3590
C = 1307.5344287284058
obj = 1137421.2959682685, rho = -71.55963545406337
nSV = 3880, nBSV = 1706
Total nSV = 3880
...
Warning: using -h 0 may be faster
*
optimization finished, #iter = 3639
C = 1293.8284814583774
obj = 1094935.879224447, rho = -74.70428081256874
nSV = 3887, nBSV = 1714
Total nSV = 3887
....
Warning: using -h 0 may be faster
*
optimization finished, #iter = 4316
C = 1324.8626700722118
obj = 1311958.5325809275, rho = -82.46758880725538
nSV = 4717, nBSV = 2289
.
Warning: using -h 0 may be faster
*
optimization finished, #iter = 1871
C = 482.9532808981912
obj = 231489.63873602712, rho = -26.434821203764805
nSV = 2585, nBSV = 1493
Total nSV = 2585
.
Warning: using -h 0 may be faster
*
optimization finished, #iter = 1991
C = 533.7869348845281
obj = 269999.8837386058, rho = -18.87518965166332
nSV = 2646, nBSV = 1474
Total nSV = 2646
.
Warning: using -h 0 may be faster
*
optimization finished, #iter = 1948
C = 533.774123082624
obj = 267227.6590183249, rho = -5.907078559356906
nSV = 2612, nBSV = 1466
Total nSV = 2612
.
Warning: using -h 0 may be faster
*
optimization finished, #iter = 1948
C = 507.815504342769
obj = 248753.59018594748, rho = -21.548869847515004
nSV = 2606, nBSV = 1484
Total nSV = 2606
..
Warning: using -h 0 may be faster
*
optimization finished, #iter = 2048
C = 537.148018114903
obj = 277072.3510929935, rho = -26.724658545060525
nSV = 2616, nBSV = 1451
Total nSV = 2616
..
Warning: using -h 0 may be faster
*
optimization finished, #iter = 2244
C = 492.47532041402
obj = 285606.3502031153, rho = -24.32995385142661
nSV = 3185, nBSV = 1914
.
Warning: using -h 0 may be faster
*
optimization finished, #iter = 1737
C = 515.7076880333217
obj = 250063.14228956582, rho = -6.530784922293192
nSV = 2211, nBSV = 1274
Total nSV = 2211
.
Warning: using -h 0 may be faster
*
optimization finished, #iter = 1760
C = 506.3168598171337
obj = 243940.84214082645, rho = -2.8687520800967703
nSV = 2184, nBSV = 1305
Total nSV = 2184
.
Warning: using -h 0 may be faster
*
optimization finished, #iter = 1780
C = 535.6266249987639
obj = 258206.89787054248, rho = 0.35791000672497547
nSV = 2211, nBSV = 1280
Total nSV = 2211
.
Warning: using -h 0 may be faster
*
optimization finished, #iter = 1719
C = 514.1846155954597
obj = 244864.9188895518, rho = 4.106343108509018
nSV = 2232, nBSV = 1299
Total nSV = 2232
.
Warning: using -h 0 may be faster
*
optimization finished, #iter = 1746
C = 511.2223017101231
obj = 244317.5078885608, rho = 1.8994262529611903
nSV = 2223, nBSV = 1284
Total nSV = 2223
..
Warning: using -h 0 may be faster
*
optimization finished, #iter = 2187
C = 485.8997382530255
obj = 273568.82352280867, rho = 0.7347830088975376
nSV = 2705, nBSV = 1650
Total nSV = 7055
.
Warning: using -h 0 may be faster
*
optimization finished, #iter = 1752
C = 538.4496943028873
obj = 270223.35293529875, rho = -6.981403087011766
nSV = 2226, nBSV = 1256
Total nSV = 2226
.
Warning: using -h 0 may be faster
*
optimization finished, #iter = 1725
C = 509.5564394975387
obj = 247176.01074745515, rho = 5.490716339031249
nSV = 2205, nBSV = 1303
Total nSV = 2205
.
Warning: using -h 0 may be faster
*
optimization finished, #iter = 1711
C = 571.3291620114301
obj = 287041.32120729395, rho = 0.5291593286761459
nSV = 2237, nBSV = 1279
Total nSV = 2237
.
Warning: using -h 0 may be faster
*
optimization finished, #iter = 1695
C = 507.5382867397258
obj = 244138.01211792475, rho = 3.5938133561225447
nSV = 2213, nBSV = 1281
Total nSV = 2213
.
Warning: using -h 0 may be faster
*
optimization finished, #iter = 1838
C = 530.4383419763797
obj = 256865.9604935095, rho = -2.1505229199307103
nSV = 2226, nBSV = 1273
Total nSV = 2226
..
Warning: using -h 0 may be faster
*
optimization finished, #iter = 2148
C = 508.23407956424325
obj = 294085.0642752931, rho = -11.052913836901745
nSV = 2716, nBSV = 1650
.
Warning: using -h 0 may be faster
*
optimization finished, #iter = 1885
C = 486.7558785429126
obj = 241648.38809522672, rho = -20.14424754166337
nSV = 2605, nBSV = 1513
Total nSV = 2605
.
Warning: using -h 0 may be faster
*
optimization finished, #iter = 1785
C = 517.1374873734674
obj = 261387.6056639085, rho = -10.032074059738877
nSV = 2589, nBSV = 1495
Total nSV = 2589
.
Warning: using -h 0 may be faster
*
optimization finished, #iter = 1868
C = 504.55107236832737
obj = 257709.92695478335, rho = -17.556449890447666
nSV = 2606, nBSV = 1482
Total nSV = 2606
.
Warning: using -h 0 may be faster
*
optimization finished, #iter = 1906
C = 474.166884826857
obj = 230359.71362539037, rho = -12.762160366348
nSV = 2588, nBSV = 1506
Total nSV = 2588
.
Warning: using -h 0 may be faster
*
optimization finished, #iter = 1843
C = 467.665770033497
obj = 227935.926569107, rho = -12.852262976362924
nSV = 2560, nBSV = 1506
Total nSV = 2560
..
Warning: using -h 0 may be faster
*
optimization finished, #iter = 2338
C = 459.8986992579802
obj = 263055.4552345681, rho = 5.795659894835264
nSV = 3168, nBSV = 1935
...
Warning: using -h 0 may be faster
*
optimization finished, #iter = 3289
C = 1281.1467501987415
obj = 1086055.5002869652, rho = 10.697476324577218
nSV = 3835, nBSV = 1746
Total nSV = 3835
...
Warning: using -h 0 may be faster
*
optimization finished, #iter = 3483
C = 1183.3303612653826
obj = 1003060.7536919939, rho = -54.91114192034643
nSV = 3807, nBSV = 1780
Total nSV = 3807
...
Warning: using -h 0 may be faster
*
optimization finished, #iter = 3501
C = 1312.8671856619605
obj = 1129863.2886182452, rho = -69.49106724674687
nSV = 3852, nBSV = 1738
Total nSV = 3852
...
Warning: using -h 0 may be faster
*
optimization finished, #iter = 3378
C = 1256.502690039198
obj = 1063012.7004841536, rho = -70.92659506919689
nSV = 3800, nBSV = 1767
Total nSV = 3800
...
Warning: using -h 0 may be faster
*
optimization finished, #iter = 3307
C = 1252.6114201949479
obj = 1072778.101300441, rho = -64.85616073537578
nSV = 3781, nBSV = 1761
Total nSV = 3781
.
Warning: using -h 0 may be faster
...
Warning: using -h 0 may be faster
*
optimization finished, #iter = 4123
C = 1225.3031161847725
obj = 1181420.0462118145, rho = 18.630910452116293
nSV = 4673, nBSV = 2321
Total nSV = 6964
.
Warning: using -h 0 may be faster
*
optimization finished, #iter = 1867
C = 444.8779551707247
obj = 214064.72401099218, rho = -11.391725886855742
nSV = 2556, nBSV = 1526
Total nSV = 2556
.
Warning: using -h 0 may be faster
*
optimization finished, #iter = 1955
C = 473.40598706280736
obj = 225724.18444056922, rho = -17.232224952598447
nSV = 2599, nBSV = 1495
Total nSV = 2599
.
Warning: using -h 0 may be faster
*
optimization finished, #iter = 1796
C = 417.06286401938854
obj = 197173.28021742025, rho = -10.18597233958891
nSV = 2511, nBSV = 1550
Total nSV = 2511
.
Warning: using -h 0 may be faster
*
optimization finished, #iter = 1900
C = 469.1207987416839
obj = 228069.79336575128, rho = -16.944852768542685
nSV = 2550, nBSV = 1522
Total nSV = 2550
.
Warning: using -h 0 may be faster
*
optimization finished, #iter = 1894
C = 487.23801882041226
obj = 240875.0429233894, rho = -20.15099135064197
nSV = 2559, nBSV = 1495
Total nSV = 2559
..
Warning: using -h 0 may be faster
*
optimization finished, #iter = 2238
C = 422.4767357805141
obj = 230637.81349180132, rho = 5.840344113447957
nSV = 3127, nBSV = 1976
.
Warning: using -h 0 may be faster
*
optimization finished, #iter = 1627
C = 471.6938458511502
obj = 228786.25103355487, rho = -3.026978253044954
nSV = 2183, nBSV = 1313
Total nSV = 2183
.
Warning: using -h 0 may be faster
*
optimization finished, #iter = 1692
C = 527.831548322068
obj = 256103.07477194723, rho = -8.875554229178258
nSV = 2219, nBSV = 1274
Total nSV = 2219
.
Warning: using -h 0 may be faster
*
optimization finished, #iter = 1709
C = 477.7593296936565
obj = 222949.6169595654, rho = 3.3208855465025655
nSV = 2189, nBSV = 1308
Total nSV = 2189
.
Warning: using -h 0 may be faster
*
optimization finished, #iter = 1783
C = 519.6693101119638
obj = 250492.92571122662, rho = -1.2582371490674373
nSV = 2203, nBSV = 1300
Total nSV = 2203
.
Warning: using -h 0 may be faster
*
optimization finished, #iter = 1706
C = 523.8073666691439
obj = 254624.84727154518, rho = -8.516763078453229
nSV = 2213, nBSV = 1292
Total nSV = 2213
..
Warning: using -h 0 may be faster
*
optimization finished, #iter = 2117
C = 477.61257508276657
obj = 271314.00111176295, rho = -6.468595158248962
nSV = 2688, nBSV = 1670
...
Warning: using -h 0 may be faster
*
optimization finished, #iter = 3513
C = 1316.451216591397
obj = 1117542.1462561702, rho = -82.60903868266466
nSV = 3876, nBSV = 1721
Total nSV = 3876
...
Warning: using -h 0 may be faster
*
optimization finished, #iter = 3626
C = 1395.8047523591615
obj = 1215610.524122676, rho = -59.000046403790066
nSV = 3900, nBSV = 1724
Total nSV = 3900
...
Warning: using -h 0 may be faster
*
optimization finished, #iter = 3496
C = 1279.8014561178702
obj = 1097582.69742121, rho = -72.25367031259776
nSV = 3850, nBSV = 1731
Total nSV = 3850
...
Warning: using -h 0 may be faster
*
optimization finished, #iter = 3386
C = 1258.6811625263183
obj = 1078414.039101221, rho = -72.12489946663803
nSV = 3846, nBSV = 1761
Total nSV = 3846
...
Warning: using -h 0 may be faster
*
optimization finished, #iter = 3552
C = 1282.7811610543615
obj = 1084707.7043564008, rho = -60.16871836543844
nSV = 3863, nBSV = 1728
Total nSV = 3863
....
Warning: using -h 0 may be faster
*
optimization finished, #iter = 4012
C = 1332.3173161287257
obj = 1356949.458556801, rho = -81.2634451571509
nSV = 4690, nBSV = 2298
Total nSV = 6998


=== Predictions under cross-validation ===

 inst#     actual  predicted error distribution
     1  2:neutral  2:neutral       0.373,*0.486,0.141 
     2  2:neutral  2:neutral       0.043,*0.811,0.146 
     3  2:neutral 3:positive   +   0.113,0.282,*0.605 
     4  2:neutral  2:neutral       0.059,*0.668,0.273 
     5  2:neutral  2:neutral       0.054,*0.721,0.225 
     6  2:neutral 1:negative   +   *0.563,0.404,0.033 
     7  2:neutral  2:neutral       0.065,*0.556,0.38 
     8  2:neutral  2:neutral       0.107,*0.701,0.192 
     9  2:neutral  2:neutral       0.095,*0.636,0.269 
    10  2:neutral 1:negative   +   *0.597,0.27,0.133 
    11  2:neutral 3:positive   +   0.041,0.378,*0.581 
    12  2:neutral  2:neutral       0.061,*0.755,0.184 
    13  2:neutral  2:neutral       0.077,*0.758,0.164 
    14  2:neutral  2:neutral       0.021,*0.574,0.405 
    15  2:neutral 1:negative   +   *0.451,0.379,0.17 
    16  2:neutral  2:neutral       0.034,*0.776,0.19 
    17  2:neutral 1:negative   +   *0.399,0.347,0.254 
    18  2:neutral  2:neutral       0.255,*0.441,0.304 
    19  2:neutral  2:neutral       0.118,*0.697,0.185 
    20  2:neutral  2:neutral       0.052,*0.898,0.051 
    21  2:neutral 1:negative   +   *0.548,0.236,0.216 
    22  2:neutral  2:neutral       0.133,*0.58,0.287 
    23  2:neutral  2:neutral       0.084,*0.69,0.225 
    24  2:neutral  2:neutral       0.07,*0.816,0.114 
    25  2:neutral  2:neutral       0.046,*0.699,0.255 
    26  2:neutral 3:positive   +   0.076,0.226,*0.698 
    27  2:neutral  2:neutral       0.052,*0.887,0.061 
    28  2:neutral  2:neutral       0.404,*0.457,0.139 
    29  2:neutral  2:neutral       0.026,*0.709,0.265 
    30  2:neutral 3:positive   +   0.034,0.319,*0.647 
    31  2:neutral 1:negative   +   *0.512,0.432,0.056 
    32  2:neutral 1:negative   +   *0.886,0.084,0.03 
    33  2:neutral  2:neutral       0.016,*0.91,0.075 
    34  2:neutral  2:neutral       0.055,*0.798,0.148 
    35  2:neutral  2:neutral       0.149,*0.774,0.077 
    36  2:neutral  2:neutral       0.033,*0.617,0.35 
    37  2:neutral  2:neutral       0.12,*0.712,0.168 
    38  2:neutral  2:neutral       0.12,*0.7,0.18 
    39  2:neutral  2:neutral       0.065,*0.771,0.163 
    40  2:neutral  2:neutral       0.04,*0.69,0.27 
    41  2:neutral  2:neutral       0.132,*0.721,0.147 
    42  2:neutral  2:neutral       0.099,*0.719,0.182 
    43  2:neutral 3:positive   +   0.151,0.082,*0.767 
    44  2:neutral 3:positive   +   0.066,0.434,*0.5 
    45  2:neutral  2:neutral       0.07,*0.805,0.125 
    46  2:neutral  2:neutral       0.043,*0.652,0.305 
    47  2:neutral  2:neutral       0.108,*0.631,0.261 
    48  2:neutral 3:positive   +   0.08,0.333,*0.588 
    49  2:neutral  2:neutral       0.031,*0.913,0.056 
    50  2:neutral  2:neutral       0.078,*0.743,0.179 
    51  2:neutral  2:neutral       0.166,*0.717,0.117 
    52  2:neutral  2:neutral       0.31,*0.469,0.221 
    53  2:neutral  2:neutral       0.168,*0.56,0.273 
    54  2:neutral  2:neutral       0.118,*0.613,0.269 
    55  2:neutral  2:neutral       0.048,*0.789,0.163 
    56  2:neutral  2:neutral       0.033,*0.905,0.062 
    57  2:neutral  2:neutral       0.236,*0.564,0.2 
    58  2:neutral  2:neutral       0.079,*0.568,0.353 
    59  2:neutral  2:neutral       0.095,*0.611,0.294 
    60  2:neutral  2:neutral       0.175,*0.587,0.238 
    61  2:neutral  2:neutral       0.088,*0.718,0.194 
    62  2:neutral  2:neutral       0.113,*0.652,0.235 
    63  2:neutral  2:neutral       0.041,*0.604,0.355 
    64  2:neutral  2:neutral       0.051,*0.537,0.412 
    65  2:neutral  2:neutral       0.183,*0.691,0.125 
    66  2:neutral 3:positive   +   0.035,0.329,*0.637 
    67  2:neutral  2:neutral       0.064,*0.546,0.39 
    68  2:neutral  2:neutral       0.374,*0.411,0.215 
    69  2:neutral 3:positive   +   0.039,0.368,*0.594 
    70  2:neutral 3:positive   +   0.114,0.339,*0.547 
    71  2:neutral  2:neutral       0.233,*0.548,0.219 
    72  2:neutral 3:positive   +   0.037,0.152,*0.811 
    73  2:neutral  2:neutral       0.158,*0.605,0.237 
    74  2:neutral  2:neutral       0.15,*0.471,0.379 
    75  2:neutral  2:neutral       0.076,*0.76,0.164 
    76  2:neutral  2:neutral       0.137,*0.584,0.278 
    77  2:neutral  2:neutral       0.082,*0.653,0.265 
    78  2:neutral  2:neutral       0.124,*0.681,0.196 
    79  2:neutral  2:neutral       0.245,*0.658,0.097 
    80  2:neutral  2:neutral       0.05,*0.759,0.191 
    81  2:neutral  2:neutral       0.358,*0.428,0.214 
    82  2:neutral  2:neutral       0.115,*0.83,0.055 
    83  2:neutral 1:negative   +   *0.589,0.119,0.292 
    84  2:neutral 3:positive   +   0.018,0.18,*0.802 
    85  2:neutral  2:neutral       0.39,*0.393,0.218 
    86  2:neutral  2:neutral       0.058,*0.853,0.089 
    87  2:neutral  2:neutral       0.011,*0.527,0.463 
    88  2:neutral  2:neutral       0.033,*0.706,0.261 
    89  2:neutral 1:negative   +   *0.674,0.17,0.156 
    90  2:neutral  2:neutral       0.039,*0.721,0.239 
    91  2:neutral  2:neutral       0.15,*0.675,0.175 
    92  2:neutral  2:neutral       0.152,*0.655,0.192 
    93  2:neutral  2:neutral       0.082,*0.611,0.307 
    94  2:neutral  2:neutral       0.077,*0.513,0.41 
    95  2:neutral 3:positive   +   0.049,0.387,*0.564 
    96  2:neutral  2:neutral       0.119,*0.692,0.19 
    97  2:neutral  2:neutral       0.08,*0.762,0.158 
    98  2:neutral 3:positive   +   0.05,0.439,*0.51 
    99  2:neutral  2:neutral       0.058,*0.792,0.15 
   100  2:neutral  2:neutral       0.068,*0.672,0.26 
   101  2:neutral  2:neutral       0.103,*0.475,0.422 
   102  2:neutral 3:positive   +   0.057,0.329,*0.614 
   103  2:neutral  2:neutral       0.049,*0.763,0.188 
   104  2:neutral  2:neutral       0.233,*0.535,0.232 
   105  2:neutral  2:neutral       0.058,*0.668,0.275 
   106  2:neutral 3:positive   +   0.08,0.253,*0.667 
   107  2:neutral  2:neutral       0.084,*0.69,0.225 
   108  2:neutral  2:neutral       0.036,*0.855,0.109 
   109  2:neutral  2:neutral       0.014,*0.797,0.189 
   110  2:neutral  2:neutral       0.16,*0.663,0.176 
   111  2:neutral  2:neutral       0.06,*0.742,0.198 
   112  2:neutral  2:neutral       0.024,*0.771,0.205 
   113  2:neutral  2:neutral       0.036,*0.601,0.363 
   114  2:neutral 3:positive   +   0.166,0.37,*0.464 
   115  2:neutral  2:neutral       0.072,*0.69,0.237 
   116  2:neutral  2:neutral       0.147,*0.606,0.248 
   117  2:neutral  2:neutral       0.024,*0.938,0.039 
   118  2:neutral 3:positive   +   0.182,0.399,*0.419 
   119  2:neutral  2:neutral       0.056,*0.85,0.094 
   120  2:neutral 3:positive   +   0.06,0.31,*0.63 
   121  2:neutral  2:neutral       0.058,*0.566,0.375 
   122  2:neutral 3:positive   +   0.088,0.193,*0.72 
   123  2:neutral  2:neutral       0.143,*0.761,0.096 
   124  2:neutral  2:neutral       0.109,*0.764,0.127 
   125  2:neutral  2:neutral       0.204,*0.67,0.126 
   126  2:neutral  2:neutral       0.088,*0.715,0.198 
   127  2:neutral  2:neutral       0.047,*0.852,0.101 
   128  2:neutral 3:positive   +   0.046,0.264,*0.69 
   129  2:neutral  2:neutral       0.205,*0.657,0.138 
   130  2:neutral  2:neutral       0.052,*0.695,0.252 
   131  2:neutral  2:neutral       0.33,*0.491,0.179 
   132  2:neutral  2:neutral       0.073,*0.704,0.223 
   133  2:neutral  2:neutral       0.061,*0.707,0.232 
   134  2:neutral  2:neutral       0.025,*0.832,0.143 
   135  2:neutral  2:neutral       0.034,*0.815,0.151 
   136  2:neutral  2:neutral       0.018,*0.82,0.161 
   137  2:neutral  2:neutral       0.057,*0.72,0.223 
   138  2:neutral 3:positive   +   0.136,0.412,*0.451 
   139  2:neutral  2:neutral       0.117,*0.519,0.364 
   140  2:neutral  2:neutral       0.143,*0.765,0.092 
   141  2:neutral  2:neutral       0.075,*0.691,0.234 
   142  2:neutral  2:neutral       0.126,*0.732,0.141 
   143  2:neutral  2:neutral       0.2,*0.509,0.291 
   144  2:neutral  2:neutral       0.138,*0.638,0.224 
   145  2:neutral 3:positive   +   0.302,0.29,*0.408 
   146  2:neutral  2:neutral       0.273,*0.634,0.092 
   147  2:neutral  2:neutral       0.025,*0.762,0.213 
   148  2:neutral  2:neutral       0.067,*0.769,0.164 
   149  2:neutral 3:positive   +   0.15,0.347,*0.503 
   150  2:neutral  2:neutral       0.06,*0.851,0.088 
   151  2:neutral  2:neutral       0.064,*0.608,0.329 
   152  2:neutral  2:neutral       0.043,*0.811,0.146 
   153  2:neutral  2:neutral       0.04,*0.824,0.137 
   154  2:neutral  2:neutral       0.092,*0.727,0.182 
   155  2:neutral 3:positive   +   0.058,0.331,*0.611 
   156  2:neutral 3:positive   +   0.083,0.381,*0.537 
   157  2:neutral  2:neutral       0.039,*0.691,0.269 
   158  2:neutral  2:neutral       0.065,*0.712,0.223 
   159  2:neutral  2:neutral       0.124,*0.778,0.098 
   160  2:neutral  2:neutral       0.009,*0.74,0.251 
   161  2:neutral  2:neutral       0.238,*0.551,0.211 
   162  2:neutral  2:neutral       0.026,*0.825,0.15 
   163  2:neutral  2:neutral       0.026,*0.767,0.207 
   164  2:neutral  2:neutral       0.353,*0.494,0.153 
   165  2:neutral  2:neutral       0.081,*0.822,0.097 
   166  2:neutral  2:neutral       0.104,*0.751,0.145 
   167  2:neutral  2:neutral       0.095,*0.599,0.305 
   168  2:neutral  2:neutral       0.051,*0.828,0.121 
   169  2:neutral  2:neutral       0.156,*0.651,0.193 
   170  2:neutral  2:neutral       0.112,*0.771,0.117 
   171  2:neutral  2:neutral       0.063,*0.602,0.335 
   172  2:neutral  2:neutral       0.255,*0.6,0.145 
   173  2:neutral 1:negative   +   *0.807,0.146,0.047 
   174  2:neutral  2:neutral       0.099,*0.583,0.318 
   175  2:neutral  2:neutral       0.089,*0.622,0.289 
   176  2:neutral 3:positive   +   0.099,0.36,*0.541 
   177  2:neutral  2:neutral       0.063,*0.81,0.128 
   178  2:neutral  2:neutral       0.119,*0.631,0.25 
   179  2:neutral  2:neutral       0.082,*0.664,0.254 
   180  2:neutral  2:neutral       0.041,*0.854,0.106 
   181  2:neutral  2:neutral       0.041,*0.852,0.108 
   182  2:neutral 1:negative   +   *0.549,0.382,0.069 
   183  2:neutral  2:neutral       0.065,*0.701,0.235 
   184  2:neutral 3:positive   +   0.144,0.353,*0.503 
   185  2:neutral  2:neutral       0.114,*0.682,0.204 
   186  2:neutral  2:neutral       0.015,*0.68,0.304 
   187  2:neutral  2:neutral       0.052,*0.547,0.401 
   188  2:neutral 3:positive   +   0.109,0.386,*0.504 
   189  2:neutral 1:negative   +   *0.555,0.378,0.066 
   190  2:neutral  2:neutral       0.341,*0.58,0.08 
   191  2:neutral  2:neutral       0.249,*0.648,0.102 
   192  2:neutral  2:neutral       0.074,*0.727,0.199 
   193  2:neutral 3:positive   +   0.016,0.465,*0.52 
   194  2:neutral  2:neutral       0.118,*0.785,0.097 
   195  2:neutral  2:neutral       0.16,*0.435,0.404 
   196  2:neutral  2:neutral       0.13,*0.724,0.146 
   197  2:neutral  2:neutral       0.109,*0.704,0.187 
   198  2:neutral 1:negative   +   *0.49,0.383,0.127 
   199  2:neutral 3:positive   +   0.064,0.227,*0.709 
   200  2:neutral  2:neutral       0.071,*0.632,0.297 
   201  2:neutral  2:neutral       0.037,*0.908,0.055 
   202  2:neutral  2:neutral       0.096,*0.732,0.172 
   203  2:neutral 3:positive   +   0.156,0.394,*0.45 
   204  2:neutral  2:neutral       0.035,*0.94,0.025 
   205  2:neutral  2:neutral       0.02,*0.634,0.346 
   206  2:neutral  2:neutral       0.269,*0.528,0.203 
   207  2:neutral  2:neutral       0.11,*0.524,0.366 
   208  2:neutral  2:neutral       0.043,*0.84,0.117 
   209  2:neutral  2:neutral       0.067,*0.776,0.157 
   210  2:neutral 1:negative   +   *0.406,0.313,0.281 
   211  2:neutral  2:neutral       0.033,*0.708,0.259 
   212  2:neutral  2:neutral       0.056,*0.835,0.109 
   213  2:neutral  2:neutral       0.095,*0.759,0.146 
   214  2:neutral  2:neutral       0.097,*0.723,0.18 
   215  2:neutral  2:neutral       0.174,*0.649,0.177 
   216  2:neutral  2:neutral       0.065,*0.564,0.371 
   217  2:neutral  2:neutral       0.081,*0.831,0.088 
   218  2:neutral  2:neutral       0.196,*0.454,0.35 
   219  2:neutral  2:neutral       0.203,*0.677,0.12 
   220  2:neutral  2:neutral       0.064,*0.744,0.192 
   221  2:neutral 1:negative   +   *0.502,0.178,0.32 
   222  2:neutral 3:positive   +   0.112,0.434,*0.453 
   223  2:neutral  2:neutral       0.103,*0.667,0.23 
   224  2:neutral  2:neutral       0.201,*0.658,0.141 
   225  2:neutral  2:neutral       0.034,*0.846,0.12 
   226  2:neutral  2:neutral       0.038,*0.742,0.22 
   227  2:neutral  2:neutral       0.044,*0.788,0.167 
   228  2:neutral 3:positive   +   0.034,0.397,*0.569 
   229  2:neutral  2:neutral       0.019,*0.674,0.307 
   230  2:neutral 1:negative   +   *0.614,0.198,0.188 
   231  2:neutral  2:neutral       0.13,*0.673,0.198 
   232  2:neutral  2:neutral       0.275,*0.496,0.229 
   233  2:neutral  2:neutral       0.187,*0.536,0.277 
   234  2:neutral 3:positive   +   0.023,0.44,*0.537 
   235  2:neutral  2:neutral       0.259,*0.649,0.092 
   236  2:neutral  2:neutral       0.126,*0.483,0.39 
   237  2:neutral 3:positive   +   0.055,0.369,*0.575 
   238  2:neutral  2:neutral       0.202,*0.666,0.133 
   239  2:neutral  2:neutral       0.139,*0.462,0.399 
   240  2:neutral  2:neutral       0.108,*0.633,0.259 
   241  2:neutral 1:negative   +   *0.528,0.37,0.102 
   242  2:neutral  2:neutral       0.075,*0.798,0.127 
   243  2:neutral 3:positive   +   0.038,0.449,*0.513 
   244  2:neutral  2:neutral       0.051,*0.843,0.105 
   245  2:neutral  2:neutral       0.196,*0.662,0.142 
   246  2:neutral 3:positive   +   0.011,0.281,*0.708 
   247  2:neutral  2:neutral       0.014,*0.954,0.032 
   248  2:neutral 3:positive   +   0.063,0.464,*0.472 
   249  2:neutral  2:neutral       0.125,*0.506,0.369 
   250  2:neutral  2:neutral       0.046,*0.774,0.18 
   251  2:neutral  2:neutral       0.079,*0.487,0.434 
   252  2:neutral  2:neutral       0.069,*0.665,0.265 
   253  2:neutral  2:neutral       0.134,*0.725,0.141 
   254  2:neutral  2:neutral       0.112,*0.782,0.106 
   255  2:neutral  2:neutral       0.035,*0.728,0.237 
   256  2:neutral  2:neutral       0.101,*0.678,0.221 
   257  2:neutral  2:neutral       0.084,*0.69,0.225 
   258  2:neutral  2:neutral       0.12,*0.824,0.057 
   259  2:neutral  2:neutral       0.074,*0.514,0.412 
   260  2:neutral  2:neutral       0.064,*0.839,0.096 
   261  2:neutral 3:positive   +   0.047,0.306,*0.648 
   262  2:neutral  2:neutral       0.025,*0.846,0.13 
   263  2:neutral  2:neutral       0.083,*0.686,0.23 
   264  2:neutral  2:neutral       0.056,*0.856,0.087 
   265  2:neutral  2:neutral       0.124,*0.589,0.287 
   266  2:neutral  2:neutral       0.049,*0.657,0.294 
   267  2:neutral 3:positive   +   0.119,0.321,*0.561 
   268  2:neutral  2:neutral       0.215,*0.649,0.136 
   269  2:neutral  2:neutral       0.284,*0.539,0.177 
   270  2:neutral  2:neutral       0.179,*0.498,0.324 
   271  2:neutral 1:negative   +   *0.498,0.327,0.174 
   272  2:neutral 3:positive   +   0.109,0.107,*0.784 
   273  2:neutral  2:neutral       0.313,*0.555,0.132 
   274  2:neutral  2:neutral       0.03,*0.625,0.344 
   275  2:neutral 1:negative   +   *0.512,0.136,0.352 
   276  2:neutral  2:neutral       0.024,*0.885,0.091 
   277  2:neutral  2:neutral       0.026,*0.675,0.299 
   278  2:neutral  2:neutral       0.04,*0.855,0.105 
   279  2:neutral  2:neutral       0.169,*0.477,0.354 
   280  2:neutral 3:positive   +   0.017,0.37,*0.613 
   281  2:neutral  2:neutral       0.082,*0.729,0.188 
   282  2:neutral  2:neutral       0.051,*0.886,0.063 
   283  2:neutral 1:negative   +   *0.362,0.318,0.32 
   284  2:neutral  2:neutral       0.057,*0.537,0.406 
   285  2:neutral  2:neutral       0.022,*0.917,0.061 
   286  2:neutral  2:neutral       0.107,*0.492,0.4 
   287  2:neutral  2:neutral       0.061,*0.866,0.074 
   288  2:neutral  2:neutral       0.138,*0.726,0.136 
   289  2:neutral  2:neutral       0.129,*0.68,0.192 
   290  2:neutral  2:neutral       0.018,*0.632,0.35 
   291  2:neutral 3:positive   +   0.177,0.351,*0.473 
   292  2:neutral 1:negative   +   *0.589,0.238,0.173 
   293  2:neutral 3:positive   +   0.027,0.402,*0.571 
   294  2:neutral  2:neutral       0.143,*0.477,0.38 
   295  2:neutral  2:neutral       0.181,*0.752,0.067 
   296  2:neutral  2:neutral       0.073,*0.704,0.223 
   297  2:neutral  2:neutral       0.157,*0.423,0.42 
   298  2:neutral  2:neutral       0.112,*0.762,0.126 
   299  2:neutral  2:neutral       0.129,*0.718,0.154 
   300  2:neutral  2:neutral       0.084,*0.834,0.082 
   301  2:neutral  2:neutral       0.033,*0.71,0.257 
   302  2:neutral  2:neutral       0.082,*0.597,0.321 
   303  2:neutral 3:positive   +   0.114,0.293,*0.593 
   304  2:neutral 3:positive   +   0.242,0.365,*0.393 
   305  2:neutral  2:neutral       0.03,*0.808,0.161 
   306  2:neutral  2:neutral       0.091,*0.685,0.224 
   307  2:neutral  2:neutral       0.057,*0.675,0.268 
   308  2:neutral  2:neutral       0.083,*0.904,0.013 
   309  2:neutral 3:positive   +   0.062,0.212,*0.725 
   310  2:neutral  2:neutral       0.171,*0.792,0.037 
   311  2:neutral  2:neutral       0.145,*0.524,0.331 
   312  2:neutral  2:neutral       0.081,*0.709,0.21 
   313  2:neutral  2:neutral       0.204,*0.698,0.098 
   314  2:neutral  2:neutral       0.34,*0.528,0.131 
   315  2:neutral  2:neutral       0.02,*0.63,0.35 
   316  2:neutral 3:positive   +   0.049,0.288,*0.662 
   317  2:neutral  2:neutral       0.143,*0.557,0.3 
   318  2:neutral  2:neutral       0.08,*0.806,0.114 
   319  2:neutral  2:neutral       0.145,*0.543,0.312 
   320  2:neutral  2:neutral       0.121,*0.74,0.14 
   321  2:neutral  2:neutral       0.114,*0.778,0.108 
   322  2:neutral  2:neutral       0.053,*0.795,0.152 
   323  2:neutral  2:neutral       0.126,*0.572,0.301 
   324  2:neutral  2:neutral       0.12,*0.77,0.11 
   325  2:neutral  2:neutral       0.062,*0.735,0.203 
   326  2:neutral  2:neutral       0.065,*0.698,0.237 
   327  2:neutral 1:negative   +   *0.933,0.044,0.024 
   328  2:neutral 1:negative   +   *0.676,0.272,0.051 
   329  2:neutral 1:negative   +   *0.552,0.33,0.118 
   330  2:neutral  2:neutral       0.036,*0.879,0.085 
   331  2:neutral 3:positive   +   0.053,0.26,*0.687 
   332  2:neutral  2:neutral       0.092,*0.759,0.15 
   333  2:neutral  2:neutral       0.025,*0.76,0.215 
   334  2:neutral 3:positive   +   0.308,0.335,*0.357 
   335  2:neutral  2:neutral       0.037,*0.655,0.309 
   336  2:neutral  2:neutral       0.082,*0.61,0.308 
   337  2:neutral  2:neutral       0.07,*0.816,0.114 
   338  2:neutral  2:neutral       0.073,*0.643,0.284 
   339  2:neutral  2:neutral       0.082,*0.739,0.179 
   340  2:neutral  2:neutral       0.335,*0.5,0.165 
   341  2:neutral  2:neutral       0.07,*0.669,0.261 
   342  2:neutral 3:positive   +   0.116,0.106,*0.778 
   343  2:neutral  2:neutral       0.21,*0.423,0.368 
   344  2:neutral  2:neutral       0.033,*0.553,0.413 
   345  2:neutral  2:neutral       0.03,*0.811,0.159 
   346  2:neutral  2:neutral       0.066,*0.493,0.441 
   347  2:neutral  2:neutral       0.084,*0.69,0.225 
   348  2:neutral  2:neutral       0.209,*0.546,0.245 
   349  2:neutral  2:neutral       0.203,*0.606,0.192 
   350  2:neutral  2:neutral       0.034,*0.65,0.316 
   351  2:neutral  2:neutral       0.056,*0.739,0.204 
   352  2:neutral  2:neutral       0.079,*0.695,0.226 
   353  2:neutral  2:neutral       0.309,*0.561,0.13 
   354  2:neutral 1:negative   +   *0.797,0.082,0.121 
   355  2:neutral  2:neutral       0.084,*0.69,0.225 
   356  2:neutral 3:positive   +   0.269,0.319,*0.412 
   357  2:neutral 3:positive   +   0.056,0.447,*0.497 
