Zero Weights processed. Default weights will be used
.
Warning: using -h 0 may be faster
*
optimization finished, #iter = 1704
C = 120.71304385761782
obj = 53139.748533229285, rho = -4.879188467216147
nSV = 2946, nBSV = 2455
Total nSV = 2946
.
Warning: using -h 0 may be faster
*
optimization finished, #iter = 1718
C = 113.14116518909731
obj = 48325.14205204666, rho = -6.107054109005763
nSV = 2946, nBSV = 2449
Total nSV = 2946
.
Warning: using -h 0 may be faster
*
optimization finished, #iter = 1755
C = 126.90228251108533
obj = 56534.383026786105, rho = -5.026039030845998
nSV = 2973, nBSV = 2439
Total nSV = 2973
.
Warning: using -h 0 may be faster
*
optimization finished, #iter = 1682
C = 109.44533171493944
obj = 46472.50887025096, rho = -8.763733254318177
nSV = 2957, nBSV = 2477
Total nSV = 2957
.
Warning: using -h 0 may be faster
*
optimization finished, #iter = 1592
C = 94.99729174596872
obj = 38235.662573014044, rho = -6.156746746493502
nSV = 2927, nBSV = 2476
Total nSV = 2927
.
Warning: using -h 0 may be faster
.
Warning: using -h 0 may be faster
*
optimization finished, #iter = 2114
C = 98.03722466112211
obj = 49055.72831278519, rho = 4.411323573651693
nSV = 3653, nBSV = 3154
.
Warning: using -h 0 may be faster
...
Warning: using -h 0 may be faster
*
optimization finished, #iter = 4698
C = 481.1084666935073
obj = 398946.51447319024, rho = -31.707793322163454
nSV = 5104, nBSV = 3419
Total nSV = 5104
.
Warning: using -h 0 may be faster
...
Warning: using -h 0 may be faster
*
optimization finished, #iter = 4727
C = 472.26654827536373
obj = 396608.1863387021, rho = -34.8595433127349
nSV = 5133, nBSV = 3429
Total nSV = 5133
.
Warning: using -h 0 may be faster
...
Warning: using -h 0 may be faster
*
optimization finished, #iter = 4564
C = 469.0367124664004
obj = 387942.50088329904, rho = -34.37856932303964
nSV = 5132, nBSV = 3438
Total nSV = 5132
.
Warning: using -h 0 may be faster
...
Warning: using -h 0 may be faster
*
optimization finished, #iter = 4660
C = 482.58724784400783
obj = 403776.44564641744, rho = -32.78574738168581
nSV = 5152, nBSV = 3432
Total nSV = 5152
.
Warning: using -h 0 may be faster
...
Warning: using -h 0 may be faster
*
optimization finished, #iter = 4751
C = 481.7250916071318
obj = 399961.82575028593, rho = -28.461411907999516
nSV = 5161, nBSV = 3422
Total nSV = 5161
..
Warning: using -h 0 may be faster
...
Warning: using -h 0 may be faster
*
optimization finished, #iter = 5911
C = 450.1289913518567
obj = 424967.45873565355, rho = 17.153072686570205
nSV = 6322, nBSV = 4398
.
Warning: using -h 0 may be faster
*
optimization finished, #iter = 1234
C = 0.0
obj = 0.0, rho = NaN
nSV = 0, nBSV = 0
Total nSV = 0
.
Warning: using -h 0 may be faster
*
optimization finished, #iter = 1486
C = 37.80791111131092
obj = 9942.323956821343, rho = -0.8520766665077056
nSV = 3308, nBSV = 2954
Total nSV = 3308
.
Warning: using -h 0 may be faster
*
optimization finished, #iter = 1564
C = 41.54786207377798
obj = 11069.150763633736, rho = -1.3377764053473555
nSV = 3343, nBSV = 2942
Total nSV = 3343
.
Warning: using -h 0 may be faster
*
optimization finished, #iter = 1493
C = 30.89137218027763
obj = 7623.481254741161, rho = -0.19529226502262945
nSV = 3310, nBSV = 2970
Total nSV = 3310
.
Warning: using -h 0 may be faster
*
optimization finished, #iter = 1253
C = 0.0
obj = 0.0, rho = NaN
nSV = 0, nBSV = 0
Total nSV = 0
Line search fails in two-class probability estimates
.
Warning: using -h 0 may be faster
*
optimization finished, #iter = 1717
C = 26.912666117750046
obj = 7429.055367439117, rho = 0.7011967246365695
nSV = 4109, nBSV = 3749
Total nSV = 9268
.
Warning: using -h 0 may be faster
*
optimization finished, #iter = 1429
C = 125.77299524500579
obj = 47034.156322312556, rho = 6.252596118764815
nSV = 2396, nBSV = 1934
Total nSV = 2396
.
Warning: using -h 0 may be faster
*
optimization finished, #iter = 1397
C = 120.24049968304173
obj = 42761.54081357024, rho = 6.950537547582551
nSV = 2401, nBSV = 1953
Total nSV = 2401
.
Warning: using -h 0 may be faster
*
optimization finished, #iter = 1392
C = 125.72620452873205
obj = 46783.61792853351, rho = 8.021430989775498
nSV = 2379, nBSV = 1962
Total nSV = 2379
.
Warning: using -h 0 may be faster
*
optimization finished, #iter = 1404
C = 131.17859488232375
obj = 48204.241246634236, rho = 5.014925968089893
nSV = 2413, nBSV = 1935
Total nSV = 2413
.
Warning: using -h 0 may be faster
*
optimization finished, #iter = 1461
C = 131.14614097153694
obj = 49360.00135072701, rho = 8.556580449960123
nSV = 2400, nBSV = 1923
Total nSV = 2400
.
Warning: using -h 0 may be faster
*
optimization finished, #iter = 1641
C = 111.29113424333944
obj = 47952.07500760068, rho = 7.8702577350322045
nSV = 2957, nBSV = 2468
.
Warning: using -h 0 may be faster
..
Warning: using -h 0 may be faster
*
optimization finished, #iter = 3857
C = 492.108289879135
obj = 356886.6133339605, rho = -42.33310086273445
nSV = 4225, nBSV = 2674
Total nSV = 4225
.
Warning: using -h 0 may be faster
..
Warning: using -h 0 may be faster
*
optimization finished, #iter = 3882
C = 433.8526492268813
obj = 303228.81571659684, rho = -25.97978137794048
nSV = 4195, nBSV = 2680
Total nSV = 4195
....*
optimization finished, #iter = 4008
C = 526.410004245867
obj = 387338.03320301225, rho = -38.26467073316046
nSV = 4236, nBSV = 2627
Total nSV = 4236
....
Warning: using -h 0 may be faster
*
optimization finished, #iter = 4068
C = 501.516097690856
obj = 369211.66921264114, rho = -39.34226538890157
nSV = 4246, nBSV = 2609
Total nSV = 4246
.
Warning: using -h 0 may be faster
..
Warning: using -h 0 may be faster
*
optimization finished, #iter = 3804
C = 484.4091242100977
obj = 346828.81304114655, rho = -36.629670707921754
nSV = 4210, nBSV = 2662
Total nSV = 4210
.
Warning: using -h 0 may be faster
...
Warning: using -h 0 may be faster
*
optimization finished, #iter = 4861
C = 462.16905114281013
obj = 380214.25621534354, rho = 23.26631434615717
nSV = 5167, nBSV = 3441
.
Warning: using -h 0 may be faster
*
optimization finished, #iter = 1195
C = 0.0
obj = 0.0, rho = NaN
nSV = 0, nBSV = 0
Total nSV = 0
.*
optimization finished, #iter = 1008
C = 0.0
obj = 0.0, rho = NaN
nSV = 0, nBSV = 0
Total nSV = 0
.
Warning: using -h 0 may be faster
*
optimization finished, #iter = 1174
C = 42.79185156544634
obj = 9522.830960551777, rho = -2.4945762066192914
nSV = 2674, nBSV = 2346
Total nSV = 2674
.
Warning: using -h 0 may be faster
*
optimization finished, #iter = 1319
C = 43.962925629644744
obj = 10444.120210731258, rho = -0.604350045640285
nSV = 2680, nBSV = 2345
Total nSV = 2680
.
Warning: using -h 0 may be faster
*
optimization finished, #iter = 1202
C = 39.48448832749561
obj = 8288.054306151733, rho = -0.25697948964603673
nSV = 2678, nBSV = 2344
Total nSV = 2678
Line search fails in two-class probability estimates
.
Warning: using -h 0 may be faster
*
optimization finished, #iter = 1431
C = 32.68411822775466
obj = 7938.290851153941, rho = 0.6960142907150992
nSV = 3317, nBSV = 2958
Total nSV = 7505
.
Warning: using -h 0 may be faster
*
optimization finished, #iter = 1432
C = 121.91356241732284
obj = 43707.76512808926, rho = 5.201837961333394
nSV = 2399, nBSV = 1950
Total nSV = 2399
.
Warning: using -h 0 may be faster
*
optimization finished, #iter = 1419
C = 137.02727155976947
obj = 51430.04526852327, rho = 7.494203166821541
nSV = 2393, nBSV = 1939
Total nSV = 2393
.
Warning: using -h 0 may be faster
*
optimization finished, #iter = 1472
C = 144.63896405137282
obj = 56485.78442920842, rho = 3.4648508626979355
nSV = 2425, nBSV = 1907
Total nSV = 2425
.
Warning: using -h 0 may be faster
*
optimization finished, #iter = 1307
C = 113.7855405852714
obj = 39493.925583419885, rho = 3.6430907163951223
nSV = 2356, nBSV = 1958
Total nSV = 2356
.
Warning: using -h 0 may be faster
*
optimization finished, #iter = 1417
C = 138.94237217361547
obj = 53209.17436514534, rho = 2.8688980416565997
nSV = 2396, nBSV = 1932
Total nSV = 2396
.
Warning: using -h 0 may be faster
*
optimization finished, #iter = 1695
C = 114.17581132413231
obj = 49049.37776062237, rho = 5.0944274244770265
nSV = 2943, nBSV = 2470
.
Warning: using -h 0 may be faster
..
Warning: using -h 0 may be faster
*
optimization finished, #iter = 3914
C = 484.144936402593
obj = 353128.9559879208, rho = 10.728232848604005
nSV = 4224, nBSV = 2682
Total nSV = 4224
.
Warning: using -h 0 may be faster
..
Warning: using -h 0 may be faster
*
optimization finished, #iter = 3833
C = 457.10909104269354
obj = 318847.49569711625, rho = -27.74917680276749
nSV = 4211, nBSV = 2682
Total nSV = 4211
.
Warning: using -h 0 may be faster
..
Warning: using -h 0 may be faster
*
optimization finished, #iter = 3793
C = 492.9807358745465
obj = 363047.4349897533, rho = -32.36527766458744
nSV = 4190, nBSV = 2688
Total nSV = 4190
.
Warning: using -h 0 may be faster
...
Warning: using -h 0 may be faster
*
optimization finished, #iter = 4058
C = 505.8689566245473
obj = 370762.7784702712, rho = -24.195491136589055
nSV = 4230, nBSV = 2642
Total nSV = 4230
....
Warning: using -h 0 may be faster
*
optimization finished, #iter = 4089
C = 520.2019358584229
obj = 385698.11560406623, rho = -28.81402659612221
nSV = 4212, nBSV = 2635
Total nSV = 4212
.
Warning: using -h 0 may be faster
...
Warning: using -h 0 may be faster
*
optimization finished, #iter = 4771
C = 464.0225101588078
obj = 385039.86299241806, rho = 11.873696541806176
nSV = 5176, nBSV = 3420
.
Warning: using -h 0 may be faster
*
optimization finished, #iter = 1250
C = 53.425965597494105
obj = 13621.208637218235, rho = -2.7385948965530242
nSV = 2683, nBSV = 2329
Total nSV = 2683
*
optimization finished, #iter = 965
C = 0.0
obj = 0.0, rho = NaN
nSV = 0, nBSV = 0
Total nSV = 0
*
optimization finished, #iter = 991
C = 0.0
obj = 0.0, rho = NaN
nSV = 0, nBSV = 0
Total nSV = 0
.
Warning: using -h 0 may be faster
*
optimization finished, #iter = 1148
C = 0.0
obj = 0.0, rho = NaN
nSV = 0, nBSV = 0
Total nSV = 0
.
Warning: using -h 0 may be faster
*
optimization finished, #iter = 1199
C = 43.284805032835344
obj = 9234.587698834794, rho = -2.098285118585077
nSV = 2685, nBSV = 2350
Total nSV = 2685
Line search fails in two-class probability estimates
.
Warning: using -h 0 may be faster
*
optimization finished, #iter = 1384
C = 31.523340585525435
obj = 7170.745534201261, rho = 1.5990674275191392
nSV = 3307, nBSV = 2977
Total nSV = 7499
.
Warning: using -h 0 may be faster
..
Warning: using -h 0 may be faster
*
optimization finished, #iter = 3947
C = 486.38595558622956
obj = 344536.53171092324, rho = -32.702045476719775
nSV = 4219, nBSV = 2714
Total nSV = 4219
.
Warning: using -h 0 may be faster
..
Warning: using -h 0 may be faster
*
optimization finished, #iter = 3840
C = 514.8026616934059
obj = 374889.09332978347, rho = 22.307970711427405
nSV = 4216, nBSV = 2686
Total nSV = 4216
...
Warning: using -h 0 may be faster
*
optimization finished, #iter = 3954
C = 542.0497280464461
obj = 410352.1912889726, rho = 14.99562184360377
nSV = 4250, nBSV = 2596
Total nSV = 4250
.
Warning: using -h 0 may be faster
..
Warning: using -h 0 may be faster
*
optimization finished, #iter = 3956
C = 533.6749372629088
obj = 398063.7375603235, rho = 24.168972191595618
nSV = 4224, nBSV = 2623
Total nSV = 4224
.
Warning: using -h 0 may be faster
..
Warning: using -h 0 may be faster
*
optimization finished, #iter = 3922
C = 537.3559228936525
obj = 402716.11433884804, rho = 23.113497184636927
nSV = 4268, nBSV = 2624
Total nSV = 4268
.
Warning: using -h 0 may be faster
...
Warning: using -h 0 may be faster
*
optimization finished, #iter = 4957
C = 501.169273936586
obj = 424509.58098677924, rho = -37.477291690860184
nSV = 5195, nBSV = 3394
.
Warning: using -h 0 may be faster
*
optimization finished, #iter = 1455
C = 59.02573621495254
obj = 14768.638302966136, rho = -2.7100382629912683
nSV = 2748, nBSV = 2301
Total nSV = 2748
.
Warning: using -h 0 may be faster
*
optimization finished, #iter = 1295
C = 42.60059453751064
obj = 9238.089959760448, rho = -1.6511329456351926
nSV = 2696, nBSV = 2337
Total nSV = 2696
.
Warning: using -h 0 may be faster
*
optimization finished, #iter = 1250
C = 0.0
obj = 0.0, rho = NaN
nSV = 0, nBSV = 0
Total nSV = 0
.
Warning: using -h 0 may be faster
*
optimization finished, #iter = 1283
C = 49.66994034847755
obj = 11321.156415525455, rho = -3.1783880895703667
nSV = 2715, nBSV = 2325
Total nSV = 2715
*
optimization finished, #iter = 932
C = 0.0
obj = 0.0, rho = NaN
nSV = 0, nBSV = 0
Total nSV = 0
Line search fails in two-class probability estimates
.
Warning: using -h 0 may be faster
*
optimization finished, #iter = 1518
C = 35.21396581577919
obj = 8307.53177617438, rho = -1.6712109871611673
nSV = 3364, nBSV = 2943
.
Warning: using -h 0 may be faster
*
optimization finished, #iter = 1433
C = 128.10538067256013
obj = 46978.43647885889, rho = 5.093605505049554
nSV = 2409, nBSV = 1929
Total nSV = 2409
.
Warning: using -h 0 may be faster
*
optimization finished, #iter = 1404
C = 118.93436405037156
obj = 42458.96663734449, rho = -4.541756702742726
nSV = 2414, nBSV = 1941
Total nSV = 2414
.
Warning: using -h 0 may be faster
*
optimization finished, #iter = 1527
C = 151.46597148211586
obj = 60232.57945053384, rho = -3.198992306162881
nSV = 2448, nBSV = 1898
Total nSV = 2448
.
Warning: using -h 0 may be faster
*
optimization finished, #iter = 1470
C = 134.3549504243692
obj = 51480.950404090945, rho = -7.19432861767396
nSV = 2415, nBSV = 1944
Total nSV = 2415
.
Warning: using -h 0 may be faster
*
optimization finished, #iter = 1381
C = 116.48984660789328
obj = 41529.91808683418, rho = -4.63616658044743
nSV = 2403, nBSV = 1947
Total nSV = 2403
.
Warning: using -h 0 may be faster
*
optimization finished, #iter = 1753
C = 114.15930556926962
obj = 49836.03865858077, rho = 3.6705860535199544
nSV = 2969, nBSV = 2442
Total nSV = 7562
.
Warning: using -h 0 may be faster
*
optimization finished, #iter = 1372
C = 131.38126293896494
obj = 47730.71219295544, rho = 6.603803860778084
nSV = 2396, nBSV = 1958
Total nSV = 2396
.
Warning: using -h 0 may be faster
*
optimization finished, #iter = 1413
C = 123.88651801725653
obj = 44150.44833868932, rho = -1.8412500096705031
nSV = 2399, nBSV = 1942
Total nSV = 2399
.
Warning: using -h 0 may be faster
*
optimization finished, #iter = 1403
C = 147.14356305678086
obj = 55631.94546725473, rho = -6.803956167872789
nSV = 2412, nBSV = 1921
Total nSV = 2412
.
Warning: using -h 0 may be faster
*
optimization finished, #iter = 1438
C = 134.35027004453738
obj = 49884.17965063446, rho = -9.562524907511586
nSV = 2405, nBSV = 1932
Total nSV = 2405
.
Warning: using -h 0 may be faster
*
optimization finished, #iter = 1428
C = 138.48957015399594
obj = 52141.07895168414, rho = -6.593620345291912
nSV = 2409, nBSV = 1916
Total nSV = 2409
.
Warning: using -h 0 may be faster
*
optimization finished, #iter = 1714
C = 120.30184533349731
obj = 52314.58660624921, rho = -6.940953297788429
nSV = 2963, nBSV = 2469
.
Warning: using -h 0 may be faster
*
optimization finished, #iter = 1250
C = 43.29744961420152
obj = 9621.07156459484, rho = -0.7059844059051825
nSV = 2668, nBSV = 2341
Total nSV = 2668
.*
optimization finished, #iter = 1016
C = 0.0
obj = 0.0, rho = NaN
nSV = 0, nBSV = 0
Total nSV = 0
.
Warning: using -h 0 may be faster
*
optimization finished, #iter = 1220
C = 41.9067845025916
obj = 9103.116563526928, rho = 0.6750087465885445
nSV = 2697, nBSV = 2318
Total nSV = 2697
.
Warning: using -h 0 may be faster
*
optimization finished, #iter = 1165
C = 32.15431976529886
obj = 5498.278078316535, rho = -0.3585872547259377
nSV = 2677, nBSV = 2343
Total nSV = 2677
.
Warning: using -h 0 may be faster
*
optimization finished, #iter = 1228
C = 42.75333713069146
obj = 9008.70473610567, rho = -1.6630240637282525
nSV = 2696, nBSV = 2322
Total nSV = 2696
Line search fails in two-class probability estimates
.
Warning: using -h 0 may be faster
*
optimization finished, #iter = 1465
C = 32.03281689665195
obj = 7420.984759678616, rho = 0.1246191815246062
nSV = 3327, nBSV = 2944
.
Warning: using -h 0 may be faster
..
Warning: using -h 0 may be faster
*
optimization finished, #iter = 3787
C = 447.6077915779346
obj = 318299.9685316825, rho = -31.85828065140943
nSV = 4200, nBSV = 2681
Total nSV = 4200
.
Warning: using -h 0 may be faster
..
Warning: using -h 0 may be faster
*
optimization finished, #iter = 3832
C = 475.96054046265465
obj = 345765.929407787, rho = 13.140443090977433
nSV = 4187, nBSV = 2700
Total nSV = 4187
...
Warning: using -h 0 may be faster
*
optimization finished, #iter = 3760
C = 493.0787069279114
obj = 357841.96461623564, rho = 12.518692034003609
nSV = 4224, nBSV = 2685
Total nSV = 4224
....*
optimization finished, #iter = 4044
C = 492.0663001166625
obj = 360599.4697431511, rho = 12.868011958076135
nSV = 4243, nBSV = 2667
Total nSV = 4243
.
Warning: using -h 0 may be faster
..
Warning: using -h 0 may be faster
*
optimization finished, #iter = 3757
C = 508.76150291374904
obj = 371913.2593158352, rho = 8.57806424037245
nSV = 4200, nBSV = 2666
Total nSV = 4200
.
Warning: using -h 0 may be faster
...
Warning: using -h 0 may be faster
*
optimization finished, #iter = 4661
C = 463.1817496207635
obj = 385540.1266690762, rho = 19.154558815607576
nSV = 5128, nBSV = 3443
Total nSV = 7506
.
Warning: using -h 0 may be faster
*
optimization finished, #iter = 1209
C = 42.12438860435184
obj = 9494.877796286464, rho = -0.09356261360328312
nSV = 2682, nBSV = 2358
Total nSV = 2682
.
Warning: using -h 0 may be faster
*
optimization finished, #iter = 1140
C = 37.099909724649876
obj = 8119.001004196501, rho = 1.5776969939638719
nSV = 2642, nBSV = 2386
Total nSV = 2642
.*
optimization finished, #iter = 1002
C = 0.0
obj = 0.0, rho = NaN
nSV = 0, nBSV = 0
Total nSV = 0
.
Warning: using -h 0 may be faster
*
optimization finished, #iter = 1156
C = 35.03525529873884
obj = 7116.687405367901, rho = -0.8377923056117542
nSV = 2657, nBSV = 2359
Total nSV = 2657
*
optimization finished, #iter = 954
C = 0.0
obj = 0.0, rho = NaN
nSV = 0, nBSV = 0
Total nSV = 0
Line search fails in two-class probability estimates
.
Warning: using -h 0 may be faster
*
optimization finished, #iter = 1333
C = 25.967120688673273
obj = 5640.189072417927, rho = -0.10512323609032329
nSV = 3274, nBSV = 3000
.
Warning: using -h 0 may be faster
*
optimization finished, #iter = 1397
C = 137.2067670629829
obj = 50845.17792373368, rho = 2.9661002198328634
nSV = 2414, nBSV = 1926
Total nSV = 2414
.
Warning: using -h 0 may be faster
*
optimization finished, #iter = 1428
C = 124.21792446929136
obj = 45265.38160293901, rho = -3.4197145422291984
nSV = 2397, nBSV = 1933
Total nSV = 2397
.
Warning: using -h 0 may be faster
*
optimization finished, #iter = 1326
C = 114.66918754388176
obj = 39257.106786577286, rho = -7.3950732738920895
nSV = 2376, nBSV = 1956
Total nSV = 2376
.
Warning: using -h 0 may be faster
*
optimization finished, #iter = 1365
C = 115.68754063761583
obj = 40701.29946009347, rho = -5.0944645992300455
nSV = 2378, nBSV = 1968
Total nSV = 2378
.
Warning: using -h 0 may be faster
*
optimization finished, #iter = 1359
C = 119.55417022718662
obj = 42822.79104236707, rho = -2.023797596955392
nSV = 2382, nBSV = 1956
Total nSV = 2382
.
Warning: using -h 0 may be faster
*
optimization finished, #iter = 1605
C = 106.87505040292038
obj = 44463.715284413236, rho = -4.159264468076517
nSV = 2924, nBSV = 2490
...
Warning: using -h 0 may be faster
*
optimization finished, #iter = 3924
C = 529.3802089907791
obj = 390524.44199222676, rho = 1.2685140367853724
nSV = 4215, nBSV = 2648
Total nSV = 4215
....
Warning: using -h 0 may be faster
*
optimization finished, #iter = 4005
C = 528.1132691879878
obj = 395390.7167727433, rho = -19.255814483299766
nSV = 4267, nBSV = 2616
Total nSV = 4267
.
Warning: using -h 0 may be faster
..
Warning: using -h 0 may be faster
*
optimization finished, #iter = 3959
C = 483.7476126625459
obj = 340682.7215008233, rho = -28.72028727936238
nSV = 4200, nBSV = 2661
Total nSV = 4200
.
Warning: using -h 0 may be faster
..
Warning: using -h 0 may be faster
*
optimization finished, #iter = 3869
C = 510.03986248067787
obj = 376647.7584134356, rho = -23.716041147403807
nSV = 4208, nBSV = 2653
Total nSV = 4208
.
Warning: using -h 0 may be faster
..
Warning: using -h 0 may be faster
*
optimization finished, #iter = 3895
C = 515.7241642540688
obj = 377568.08938631165, rho = -23.173716524362003
nSV = 4210, nBSV = 2659
Total nSV = 4210
.
Warning: using -h 0 may be faster
...
Warning: using -h 0 may be faster
*
optimization finished, #iter = 4569
C = 492.00418129932285
obj = 414224.84506495454, rho = -26.840529494140206
nSV = 5133, nBSV = 3430
Total nSV = 7473


=== Predictions under cross-validation ===

 inst#     actual  predicted error distribution
     1  2:neutral  2:neutral       0.186,*0.572,0.242 
     2  2:neutral  2:neutral       0.134,*0.73,0.136 
     3  2:neutral 3:positive   +   0.099,0.27,*0.631 
     4  2:neutral 3:positive   +   0.099,0.448,*0.452 
     5  2:neutral  2:neutral       0.133,*0.584,0.283 
     6  2:neutral  2:neutral       0.245,*0.699,0.056 
     7  2:neutral  2:neutral       0.13,*0.617,0.253 
     8  2:neutral  2:neutral       0.15,*0.704,0.146 
     9  2:neutral  2:neutral       0.14,*0.619,0.241 
    10  2:neutral  2:neutral       0.235,*0.654,0.111 
    11  2:neutral 3:positive   +   0.079,0.226,*0.695 
    12  2:neutral  2:neutral       0.14,*0.659,0.2 
    13  2:neutral  2:neutral       0.182,*0.692,0.126 
    14  2:neutral  2:neutral       0.1,*0.601,0.299 
    15  2:neutral  2:neutral       0.247,*0.531,0.222 
    16  2:neutral  2:neutral       0.104,*0.672,0.224 
    17  2:neutral 3:positive   +   0.239,0.379,*0.383 
    18  2:neutral  2:neutral       0.234,*0.476,0.291 
    19  2:neutral  2:neutral       0.208,*0.694,0.098 
    20  2:neutral  2:neutral       0.161,*0.759,0.08 
    21  2:neutral  2:neutral       0.304,*0.46,0.237 
    22  2:neutral 3:positive   +   0.123,0.381,*0.496 
    23  2:neutral  2:neutral       0.139,*0.658,0.203 
    24  2:neutral  2:neutral       0.124,*0.65,0.227 
    25  2:neutral  2:neutral       0.142,*0.64,0.218 
    26  2:neutral  2:neutral       0.157,*0.483,0.36 
    27  2:neutral  2:neutral       0.13,*0.725,0.145 
    28  2:neutral  2:neutral       0.256,*0.601,0.142 
    29  2:neutral  2:neutral       0.087,*0.579,0.334 
    30  2:neutral  2:neutral       0.088,*0.47,0.443 
    31  2:neutral  2:neutral       0.24,*0.7,0.06 
    32  2:neutral  2:neutral       0.247,*0.669,0.084 
    33  2:neutral  2:neutral       0.122,*0.737,0.142 
    34  2:neutral  2:neutral       0.149,*0.653,0.198 
    35  2:neutral  2:neutral       0.205,*0.707,0.088 
    36  2:neutral  2:neutral       0.116,*0.661,0.223 
    37  2:neutral  2:neutral       0.16,*0.652,0.187 
    38  2:neutral  2:neutral       0.161,*0.628,0.211 
    39  2:neutral  2:neutral       0.143,*0.704,0.153 
    40  2:neutral  2:neutral       0.108,*0.656,0.237 
    41  2:neutral  2:neutral       0.176,*0.639,0.184 
    42  2:neutral  2:neutral       0.134,*0.687,0.179 
    43  2:neutral 3:positive   +   0.131,0.183,*0.686 
    44  2:neutral  2:neutral       0.146,*0.569,0.285 
    45  2:neutral  2:neutral       0.13,*0.734,0.136 
    46  2:neutral  2:neutral       0.118,*0.703,0.179 
    47  2:neutral  2:neutral       0.149,*0.589,0.262 
    48  2:neutral 3:positive   +   0.027,0.054,*0.919 
    49  2:neutral  2:neutral       0.139,*0.733,0.128 
    50  2:neutral  2:neutral       0.133,*0.703,0.164 
    51  2:neutral  2:neutral       0.149,*0.713,0.138 
    52  2:neutral  2:neutral       0.227,*0.613,0.161 
    53  2:neutral  2:neutral       0.161,*0.563,0.277 
    54  2:neutral  2:neutral       0.151,*0.538,0.311 
    55  2:neutral  2:neutral       0.136,*0.634,0.23 
    56  2:neutral  2:neutral       0.146,*0.727,0.127 
    57  2:neutral  2:neutral       0.159,*0.663,0.178 
    58  2:neutral  2:neutral       0.131,*0.602,0.267 
    59  2:neutral  2:neutral       0.171,*0.628,0.201 
    60  2:neutral  2:neutral       0.249,*0.593,0.158 
    61  2:neutral  2:neutral       0.154,*0.704,0.142 
    62  2:neutral  2:neutral       0.136,*0.592,0.272 
    63  2:neutral  2:neutral       0.112,*0.687,0.201 
    64  2:neutral  2:neutral       0.15,*0.648,0.203 
    65  2:neutral  2:neutral       0.208,*0.696,0.095 
    66  2:neutral 3:positive   +   0.058,0.321,*0.621 
    67  2:neutral  2:neutral       0.118,*0.688,0.194 
    68  2:neutral  2:neutral       0.22,*0.532,0.249 
    69  2:neutral 3:positive   +   0.058,0.28,*0.662 
    70  2:neutral 3:positive   +   0.089,0.357,*0.554 
    71  2:neutral  2:neutral       0.175,*0.671,0.154 
    72  2:neutral 3:positive   +   0.074,0.18,*0.746 
    73  2:neutral  2:neutral       0.173,*0.499,0.328 
    74  2:neutral  2:neutral       0.151,*0.441,0.409 
    75  2:neutral  2:neutral       0.128,*0.652,0.22 
    76  2:neutral  2:neutral       0.194,*0.59,0.217 
    77  2:neutral  2:neutral       0.169,*0.551,0.28 
    78  2:neutral  2:neutral       0.16,*0.659,0.181 
    79  2:neutral  2:neutral       0.184,*0.708,0.108 
    80  2:neutral  2:neutral       0.172,*0.733,0.095 
    81  2:neutral  2:neutral       0.251,*0.502,0.247 
    82  2:neutral  2:neutral       0.211,*0.717,0.072 
    83  2:neutral 3:positive   +   0.304,0.224,*0.472 
    84  2:neutral 3:positive   +   0.034,0.101,*0.864 
    85  2:neutral  2:neutral       0.208,*0.569,0.223 
    86  2:neutral  2:neutral       0.144,*0.693,0.163 
    87  2:neutral  2:neutral       0.087,*0.574,0.339 
    88  2:neutral  2:neutral       0.106,*0.551,0.343 
    89  2:neutral  2:neutral       0.239,*0.53,0.231 
    90  2:neutral  2:neutral       0.146,*0.726,0.127 
    91  2:neutral  2:neutral       0.125,*0.591,0.284 
    92  2:neutral  2:neutral       0.196,*0.576,0.228 
    93  2:neutral  2:neutral       0.135,*0.629,0.237 
    94  2:neutral  2:neutral       0.117,*0.5,0.384 
    95  2:neutral  2:neutral       0.106,*0.515,0.378 
    96  2:neutral  2:neutral       0.174,*0.643,0.183 
    97  2:neutral  2:neutral       0.148,*0.693,0.159 
    98  2:neutral 3:positive   +   0.105,0.404,*0.491 
    99  2:neutral  2:neutral       0.14,*0.743,0.117 
   100  2:neutral  2:neutral       0.183,*0.627,0.19 
   101  2:neutral  2:neutral       0.198,*0.605,0.197 
   102  2:neutral 3:positive   +   0.076,0.238,*0.686 
   103  2:neutral  2:neutral       0.119,*0.644,0.237 
   104  2:neutral  2:neutral       0.152,*0.487,0.361 
   105  2:neutral  2:neutral       0.132,*0.642,0.226 
   106  2:neutral 3:positive   +   0.092,0.247,*0.661 
   107  2:neutral  2:neutral       0.138,*0.634,0.228 
   108  2:neutral  2:neutral       0.139,*0.766,0.095 
   109  2:neutral  2:neutral       0.128,*0.712,0.16 
   110  2:neutral  2:neutral       0.19,*0.721,0.089 
   111  2:neutral  2:neutral       0.145,*0.577,0.278 
   112  2:neutral  2:neutral       0.124,*0.766,0.11 
   113  2:neutral  2:neutral       0.083,*0.463,0.454 
   114  2:neutral 3:positive   +   0.141,0.274,*0.585 
   115  2:neutral  2:neutral       0.13,*0.663,0.207 
   116  2:neutral  2:neutral       0.241,*0.706,0.053 
   117  2:neutral  2:neutral       0.153,*0.78,0.067 
   118  2:neutral  2:neutral       0.149,*0.563,0.288 
   119  2:neutral  2:neutral       0.104,*0.609,0.287 
   120  2:neutral 3:positive   +   0.119,0.264,*0.616 
   121  2:neutral  2:neutral       0.106,*0.565,0.329 
   122  2:neutral 3:positive   +   0.154,0.248,*0.598 
   123  2:neutral  2:neutral       0.196,*0.68,0.124 
   124  2:neutral  2:neutral       0.152,*0.707,0.142 
   125  2:neutral  2:neutral       0.233,*0.571,0.196 
   126  2:neutral  2:neutral       0.136,*0.529,0.336 
   127  2:neutral  2:neutral       0.141,*0.739,0.12 
   128  2:neutral 3:positive   +   0.076,0.419,*0.505 
   129  2:neutral  2:neutral       0.142,*0.658,0.2 
   130  2:neutral  2:neutral       0.089,*0.574,0.337 
   131  2:neutral  2:neutral       0.232,*0.56,0.208 
   132  2:neutral  2:neutral       0.133,*0.66,0.206 
   133  2:neutral  2:neutral       0.156,*0.753,0.09 
   134  2:neutral  2:neutral       0.108,*0.634,0.258 
   135  2:neutral  2:neutral       0.111,*0.682,0.207 
   136  2:neutral  2:neutral       0.098,*0.616,0.286 
   137  2:neutral  2:neutral       0.134,*0.584,0.282 
   138  2:neutral 3:positive   +   0.083,0.245,*0.673 
   139  2:neutral  2:neutral       0.121,*0.499,0.379 
   140  2:neutral  2:neutral       0.165,*0.524,0.312 
   141  2:neutral  2:neutral       0.135,*0.701,0.164 
   142  2:neutral  2:neutral       0.137,*0.619,0.244 
   143  2:neutral 3:positive   +   0.151,0.365,*0.484 
   144  2:neutral  2:neutral       0.15,*0.698,0.152 
   145  2:neutral  2:neutral       0.26,*0.48,0.26 
   146  2:neutral  2:neutral       0.174,*0.722,0.105 
   147  2:neutral  2:neutral       0.123,*0.659,0.218 
   148  2:neutral  2:neutral       0.142,*0.677,0.181 
   149  2:neutral 3:positive   +   0.189,0.321,*0.49 
   150  2:neutral  2:neutral       0.138,*0.687,0.175 
   151  2:neutral  2:neutral       0.168,*0.683,0.15 
   152  2:neutral  2:neutral       0.174,*0.713,0.113 
   153  2:neutral  2:neutral       0.118,*0.74,0.142 
   154  2:neutral  2:neutral       0.17,*0.627,0.203 
   155  2:neutral  2:neutral       0.18,*0.41,0.41 
   156  2:neutral  2:neutral       0.126,*0.537,0.337 
   157  2:neutral  2:neutral       0.093,*0.549,0.358 
   158  2:neutral  2:neutral       0.112,*0.69,0.198 
   159  2:neutral  2:neutral       0.241,*0.673,0.086 
   160  2:neutral  2:neutral       0.117,*0.633,0.25 
   161  2:neutral  2:neutral       0.198,*0.458,0.344 
   162  2:neutral  2:neutral       0.131,*0.75,0.119 
   163  2:neutral  2:neutral       0.112,*0.576,0.312 
   164  2:neutral  2:neutral       0.238,*0.627,0.135 
   165  2:neutral  2:neutral       0.161,*0.648,0.19 
   166  2:neutral  2:neutral       0.163,*0.653,0.184 
   167  2:neutral  2:neutral       0.099,*0.541,0.36 
   168  2:neutral  2:neutral       0.109,*0.66,0.231 
   169  2:neutral  2:neutral       0.141,*0.596,0.262 
   170  2:neutral  2:neutral       0.218,*0.689,0.092 
   171  2:neutral  2:neutral       0.116,*0.543,0.341 
   172  2:neutral  2:neutral       0.252,*0.571,0.177 
   173  2:neutral  2:neutral       0.256,*0.628,0.116 
   174  2:neutral  2:neutral       0.156,*0.497,0.347 
   175  2:neutral  2:neutral       0.125,*0.557,0.318 
   176  2:neutral 3:positive   +   0.086,0.371,*0.544 
   177  2:neutral  2:neutral       0.186,*0.711,0.103 
   178  2:neutral  2:neutral       0.136,*0.637,0.227 
   179  2:neutral  2:neutral       0.146,*0.651,0.203 
   180  2:neutral  2:neutral       0.129,*0.651,0.219 
   181  2:neutral  2:neutral       0.199,*0.677,0.124 
   182  2:neutral  2:neutral       0.176,*0.607,0.217 
   183  2:neutral  2:neutral       0.14,*0.64,0.22 
   184  2:neutral 3:positive   +   0.144,0.285,*0.571 
   185  2:neutral  2:neutral       0.152,*0.557,0.29 
   186  2:neutral  2:neutral       0.128,*0.747,0.125 
   187  2:neutral  2:neutral       0.115,*0.534,0.351 
   188  2:neutral  2:neutral       0.143,*0.468,0.389 
   189  2:neutral  2:neutral       0.218,*0.675,0.107 
   190  2:neutral  2:neutral       0.213,*0.654,0.134 
   191  2:neutral  2:neutral       0.204,*0.656,0.14 
   192  2:neutral  2:neutral       0.156,*0.677,0.167 
   193  2:neutral  2:neutral       0.084,*0.579,0.337 
   194  2:neutral  2:neutral       0.142,*0.591,0.267 
   195  2:neutral  2:neutral       0.139,*0.625,0.237 
   196  2:neutral  2:neutral       0.236,*0.578,0.186 
   197  2:neutral  2:neutral       0.096,*0.534,0.37 
   198  2:neutral  2:neutral       0.225,*0.607,0.168 
   199  2:neutral 3:positive   +   0.079,0.176,*0.745 
   200  2:neutral  2:neutral       0.131,*0.721,0.148 
   201  2:neutral  2:neutral       0.202,*0.667,0.13 
   202  2:neutral  2:neutral       0.188,*0.557,0.255 
   203  2:neutral  2:neutral       0.167,*0.566,0.268 
   204  2:neutral  2:neutral       0.145,*0.766,0.089 
   205  2:neutral  2:neutral       0.087,*0.582,0.331 
   206  2:neutral  2:neutral       0.128,*0.61,0.262 
   207  2:neutral 3:positive   +   0.08,0.39,*0.53 
   208  2:neutral  2:neutral       0.144,*0.74,0.116 
   209  2:neutral  2:neutral       0.139,*0.75,0.112 
   210  2:neutral  2:neutral       0.249,*0.444,0.307 
   211  2:neutral  2:neutral       0.095,*0.593,0.312 
   212  2:neutral  2:neutral       0.145,*0.683,0.172 
   213  2:neutral  2:neutral       0.17,*0.549,0.281 
   214  2:neutral  2:neutral       0.127,*0.689,0.183 
   215  2:neutral  2:neutral       0.24,*0.679,0.082 
   216  2:neutral  2:neutral       0.148,*0.581,0.271 
   217  2:neutral  2:neutral       0.146,*0.727,0.127 
   218  2:neutral  2:neutral       0.201,*0.549,0.25 
   219  2:neutral  2:neutral       0.154,*0.493,0.352 
   220  2:neutral  2:neutral       0.139,*0.658,0.203 
   221  2:neutral  2:neutral       0.256,*0.558,0.186 
   222  2:neutral  2:neutral       0.157,*0.429,0.415 
   223  2:neutral  2:neutral       0.091,*0.571,0.338 
   224  2:neutral  2:neutral       0.146,*0.739,0.115 
   225  2:neutral  2:neutral       0.14,*0.716,0.144 
   226  2:neutral  2:neutral       0.129,*0.641,0.229 
   227  2:neutral  2:neutral       0.119,*0.718,0.162 
   228  2:neutral 3:positive   +   0.082,0.288,*0.629 
   229  2:neutral  2:neutral       0.107,*0.639,0.254 
   230  2:neutral  2:neutral       0.221,*0.546,0.233 
   231  2:neutral  2:neutral       0.165,*0.643,0.192 
   232  2:neutral  2:neutral       0.201,*0.64,0.159 
   233  2:neutral  2:neutral       0.196,*0.639,0.165 
   234  2:neutral  2:neutral       0.133,*0.574,0.294 
   235  2:neutral  2:neutral       0.229,*0.677,0.094 
   236  2:neutral 3:positive   +   0.127,0.36,*0.514 
   237  2:neutral  2:neutral       0.199,*0.462,0.338 
   238  2:neutral  2:neutral       0.173,*0.605,0.222 
   239  2:neutral  2:neutral       0.146,*0.575,0.278 
   240  2:neutral  2:neutral       0.2,*0.609,0.191 
   241  2:neutral  2:neutral       0.221,*0.484,0.295 
   242  2:neutral  2:neutral       0.103,*0.533,0.364 
   243  2:neutral 3:positive   +   0.064,0.35,*0.586 
   244  2:neutral  2:neutral       0.149,*0.732,0.118 
   245  2:neutral  2:neutral       0.19,*0.679,0.131 
   246  2:neutral 3:positive   +   0.073,0.364,*0.563 
   247  2:neutral  2:neutral       0.131,*0.805,0.063 
   248  2:neutral 3:positive   +   0.074,0.291,*0.635 
   249  2:neutral  2:neutral       0.166,*0.465,0.369 
   250  2:neutral  2:neutral       0.124,*0.667,0.21 
   251  2:neutral 3:positive   +   0.111,0.337,*0.552 
   252  2:neutral 3:positive   +   0.043,0.242,*0.715 
   253  2:neutral  2:neutral       0.114,*0.462,0.425 
   254  2:neutral  2:neutral       0.193,*0.646,0.161 
   255  2:neutral  2:neutral       0.153,*0.713,0.135 
   256  2:neutral  2:neutral       0.159,*0.561,0.28 
   257  2:neutral  2:neutral       0.138,*0.634,0.228 
   258  2:neutral  2:neutral       0.197,*0.724,0.079 
   259  2:neutral  2:neutral       0.165,*0.589,0.246 
   260  2:neutral  2:neutral       0.153,*0.723,0.125 
   261  2:neutral 3:positive   +   0.094,0.39,*0.516 
   262  2:neutral  2:neutral       0.165,*0.697,0.138 
   263  2:neutral  2:neutral       0.128,*0.586,0.286 
   264  2:neutral  2:neutral       0.172,*0.72,0.108 
   265  2:neutral  2:neutral       0.121,*0.604,0.274 
   266  2:neutral  2:neutral       0.137,*0.715,0.149 
   267  2:neutral 3:positive   +   0.127,0.261,*0.612 
   268  2:neutral  2:neutral       0.213,*0.699,0.088 
   269  2:neutral  2:neutral       0.182,*0.589,0.228 
   270  2:neutral  2:neutral       0.165,*0.54,0.295 
   271  2:neutral  2:neutral       0.21,*0.576,0.214 
   272  2:neutral  2:neutral       0.148,*0.533,0.319 
   273  2:neutral  2:neutral       0.239,*0.64,0.121 
   274  2:neutral  2:neutral       0.091,*0.528,0.381 
   275  2:neutral  2:neutral       0.269,*0.39,0.341 
   276  2:neutral  2:neutral       0.139,*0.659,0.202 
   277  2:neutral  2:neutral       0.095,*0.527,0.378 
   278  2:neutral  2:neutral       0.103,*0.612,0.284 
   279  2:neutral  2:neutral       0.137,*0.44,0.423 
   280  2:neutral  2:neutral       0.103,*0.608,0.289 
   281  2:neutral  2:neutral       0.132,*0.692,0.175 
   282  2:neutral  2:neutral       0.151,*0.746,0.103 
   283  2:neutral  2:neutral       0.25,*0.379,0.371 
   284  2:neutral  2:neutral       0.105,*0.467,0.428 
   285  2:neutral  2:neutral       0.117,*0.731,0.152 
   286  2:neutral  2:neutral       0.098,*0.629,0.273 
   287  2:neutral  2:neutral       0.185,*0.7,0.116 
   288  2:neutral  2:neutral       0.208,*0.642,0.149 
   289  2:neutral  2:neutral       0.216,*0.629,0.156 
   290  2:neutral 3:positive   +   0.061,0.416,*0.523 
   291  2:neutral  2:neutral       0.158,*0.603,0.239 
   292  2:neutral  2:neutral       0.314,*0.432,0.254 
   293  2:neutral 3:positive   +   0.053,0.227,*0.72 
   294  2:neutral  2:neutral       0.116,*0.469,0.415 
   295  2:neutral  2:neutral       0.244,*0.721,0.036 
   296  2:neutral  2:neutral       0.133,*0.66,0.206 
   297  2:neutral  2:neutral       0.149,*0.454,0.397 
   298  2:neutral  2:neutral       0.098,*0.651,0.251 
   299  2:neutral  2:neutral       0.151,*0.664,0.184 
   300  2:neutral  2:neutral       0.218,*0.668,0.114 
   301  2:neutral  2:neutral       0.106,*0.543,0.351 
   302  2:neutral  2:neutral       0.16,*0.661,0.178 
   303  2:neutral 3:positive   +   0.068,0.228,*0.703 
   304  2:neutral  2:neutral       0.228,*0.468,0.304 
   305  2:neutral  2:neutral       0.116,*0.741,0.143 
   306  2:neutral  2:neutral       0.106,*0.604,0.29 
   307  2:neutral  2:neutral       0.153,*0.738,0.109 
   308  2:neutral  2:neutral       0.214,*0.726,0.06 
   309  2:neutral 3:positive   +   0.072,0.166,*0.762 
   310  2:neutral  2:neutral       0.231,*0.729,0.041 
   311  2:neutral  2:neutral       0.171,*0.604,0.226 
   312  2:neutral  2:neutral       0.176,*0.65,0.174 
   313  2:neutral  2:neutral       0.184,*0.672,0.144 
   314  2:neutral  2:neutral       0.164,*0.549,0.288 
   315  2:neutral  2:neutral       0.104,*0.627,0.269 
   316  2:neutral  2:neutral       0.101,*0.548,0.351 
   317  2:neutral  2:neutral       0.138,*0.622,0.24 
   318  2:neutral  2:neutral       0.161,*0.71,0.129 
   319  2:neutral  2:neutral       0.238,*0.466,0.296 
   320  2:neutral  2:neutral       0.149,*0.726,0.125 
   321  2:neutral  2:neutral       0.163,*0.742,0.095 
   322  2:neutral  2:neutral       0.118,*0.649,0.232 
   323  2:neutral  2:neutral       0.157,*0.482,0.361 
   324  2:neutral  2:neutral       0.145,*0.678,0.177 
   325  2:neutral  2:neutral       0.142,*0.705,0.153 
   326  2:neutral  2:neutral       0.118,*0.634,0.248 
   327  2:neutral 1:negative   +   *0.454,0.324,0.222 
   328  2:neutral  2:neutral       0.244,*0.707,0.049 
   329  2:neutral  2:neutral       0.255,*0.601,0.144 
   330  2:neutral  2:neutral       0.131,*0.736,0.133 
   331  2:neutral 3:positive   +   0.108,0.446,*0.447 
   332  2:neutral  2:neutral       0.145,*0.692,0.162 
   333  2:neutral  2:neutral       0.113,*0.705,0.182 
   334  2:neutral  2:neutral       0.299,*0.447,0.254 
   335  2:neutral 3:positive   +   0.055,0.332,*0.614 
   336  2:neutral  2:neutral       0.126,*0.589,0.285 
   337  2:neutral  2:neutral       0.138,*0.567,0.294 
   338  2:neutral  2:neutral       0.128,*0.469,0.402 
   339  2:neutral  2:neutral       0.155,*0.58,0.266 
   340  2:neutral  2:neutral       0.216,*0.588,0.196 
   341  2:neutral 3:positive   +   0.076,0.431,*0.493 
   342  2:neutral 3:positive   +   0.166,0.157,*0.677 
   343  2:neutral  2:neutral       0.17,*0.629,0.201 
   344  2:neutral  2:neutral       0.117,*0.653,0.23 
   345  2:neutral  2:neutral       0.112,*0.752,0.136 
   346  2:neutral  2:neutral       0.123,*0.618,0.259 
   347  2:neutral  2:neutral       0.138,*0.634,0.228 
   348  2:neutral  2:neutral       0.189,*0.539,0.272 
   349  2:neutral  2:neutral       0.173,*0.628,0.199 
   350  2:neutral  2:neutral       0.13,*0.719,0.151 
   351  2:neutral  2:neutral       0.131,*0.664,0.206 
   352  2:neutral  2:neutral       0.116,*0.726,0.158 
