Zero Weights processed. Default weights will be used
..
Warning: using -h 0 may be faster
*
optimization finished, #iter = 2583
C = 1282.1917639795504
obj = 741564.9648070884, rho = -29.25394746050744
nSV = 2539, nBSV = 890
Total nSV = 2539
..
Warning: using -h 0 may be faster
*
optimization finished, #iter = 2463
C = 1241.402858282101
obj = 698783.0316475753, rho = -24.357248310596244
nSV = 2497, nBSV = 914
Total nSV = 2497
..
Warning: using -h 0 may be faster
*
optimization finished, #iter = 2472
C = 1254.056783132321
obj = 729243.0297203168, rho = -30.64314084431316
nSV = 2514, nBSV = 922
Total nSV = 2514
..
Warning: using -h 0 may be faster
*
optimization finished, #iter = 2452
C = 1270.8995465118064
obj = 748898.0519274782, rho = -6.738872537596404
nSV = 2516, nBSV = 908
Total nSV = 2516
..
Warning: using -h 0 may be faster
*
optimization finished, #iter = 2452
C = 1203.6981538062753
obj = 699288.2912488906, rho = -31.381045003389655
nSV = 2479, nBSV = 914
Total nSV = 2479
..
Warning: using -h 0 may be faster
*
optimization finished, #iter = 2978
C = 1268.9879438450523
obj = 874844.4810633461, rho = -32.21799343209852
nSV = 3014, nBSV = 1213
...
Warning: using -h 0 may be faster
*
optimization finished, #iter = 3915
C = 2808.0599011572644
obj = 2801669.352743559, rho = -20.976321323169227
nSV = 4139, nBSV = 1326
Total nSV = 4139
....
Warning: using -h 0 may be faster
*
optimization finished, #iter = 4202
C = 2799.1207782449947
obj = 2782430.8184360913, rho = -123.71667189154842
nSV = 4228, nBSV = 1293
Total nSV = 4228
.
Warning: using -h 0 may be faster
...
Warning: using -h 0 may be faster
*
optimization finished, #iter = 4203
C = 2928.339247386935
obj = 2867021.354894544, rho = -144.6756570338677
nSV = 4261, nBSV = 1306
Total nSV = 4261
....
Warning: using -h 0 may be faster
*
optimization finished, #iter = 4087
C = 2861.3687185447257
obj = 2841575.462679711, rho = -124.04550788288503
nSV = 4179, nBSV = 1295
Total nSV = 4179
....
Warning: using -h 0 may be faster
*
optimization finished, #iter = 4108
C = 2865.161406565533
obj = 2863192.790837539, rho = -119.56655658310763
nSV = 4160, nBSV = 1291
Total nSV = 4160
.
Warning: using -h 0 may be faster
...
Warning: using -h 0 may be faster
*
optimization finished, #iter = 4998
C = 3096.5764981228303
obj = 3738135.41770802, rho = -36.906720607058915
nSV = 4995, nBSV = 1731
..
Warning: using -h 0 may be faster
*
optimization finished, #iter = 2633
C = 1389.196114970731
obj = 933935.0897758389, rho = -66.7552986656632
nSV = 2881, nBSV = 1077
Total nSV = 2881
..
Warning: using -h 0 may be faster
*
optimization finished, #iter = 2523
C = 1298.1389257383016
obj = 841491.6581402004, rho = -64.99600858484948
nSV = 2840, nBSV = 1118
Total nSV = 2840
..
Warning: using -h 0 may be faster
*
optimization finished, #iter = 2787
C = 1278.27594725339
obj = 813573.5062633964, rho = -49.931429690322005
nSV = 2878, nBSV = 1083
Total nSV = 2878
..
Warning: using -h 0 may be faster
*
optimization finished, #iter = 2775
C = 1358.455311040926
obj = 890419.556119483, rho = -63.041743831194175
nSV = 2887, nBSV = 1061
Total nSV = 2887
..
Warning: using -h 0 may be faster
*
optimization finished, #iter = 2637
C = 1314.498884817533
obj = 867401.7468261955, rho = -56.337466138192845
nSV = 2874, nBSV = 1075
Total nSV = 2874
...
Warning: using -h 0 may be faster
*
optimization finished, #iter = 3196
C = 1345.158121208199
obj = 1026111.5940872468, rho = 0.42267185402541124
nSV = 3493, nBSV = 1449
Total nSV = 7906
..
Warning: using -h 0 may be faster
*
optimization finished, #iter = 2009
C = 1290.675395379998
obj = 624313.179909589, rho = -38.23931124447796
nSV = 2068, nBSV = 672
Total nSV = 2068
.
Warning: using -h 0 may be faster
*
optimization finished, #iter = 1941
C = 1213.2008036828108
obj = 585129.0029362619, rho = -20.463778096755625
nSV = 2032, nBSV = 695
Total nSV = 2032
..
Warning: using -h 0 may be faster
*
optimization finished, #iter = 2077
C = 1152.0913851228422
obj = 545513.4548774641, rho = -22.699332710546003
nSV = 2070, nBSV = 702
Total nSV = 2070
..
Warning: using -h 0 may be faster
*
optimization finished, #iter = 2099
C = 1223.5026165511374
obj = 582153.5708828979, rho = -29.39433771052975
nSV = 2095, nBSV = 654
Total nSV = 2095
..
Warning: using -h 0 may be faster
*
optimization finished, #iter = 2000
C = 1217.6837095466974
obj = 579037.2350781092, rho = -25.88930758684934
nSV = 2059, nBSV = 705
Total nSV = 2059
..
Warning: using -h 0 may be faster
*
optimization finished, #iter = 2404
C = 1229.6100524275569
obj = 705429.1227598552, rho = -28.600147640321627
nSV = 2497, nBSV = 904
...
Warning: using -h 0 may be faster
*
optimization finished, #iter = 3207
C = 2558.2815694941687
obj = 2098520.7723576277, rho = -17.7646673292136
nSV = 3407, nBSV = 1014
Total nSV = 3407
...
Warning: using -h 0 may be faster
*
optimization finished, #iter = 3275
C = 2738.3942620479183
obj = 2349175.1295676315, rho = -9.38027518530035
nSV = 3456, nBSV = 972
Total nSV = 3456
...
Warning: using -h 0 may be faster
*
optimization finished, #iter = 3181
C = 2558.2363465847816
obj = 2143137.4172126018, rho = -4.994462550939042
nSV = 3392, nBSV = 985
Total nSV = 3392
...
Warning: using -h 0 may be faster
*
optimization finished, #iter = 3222
C = 2609.51264264181
obj = 2184230.701029747, rho = -21.646133355268137
nSV = 3425, nBSV = 982
Total nSV = 3425
...
Warning: using -h 0 may be faster
*
optimization finished, #iter = 3422
C = 2546.998021844222
obj = 2090749.1176506723, rho = -11.763640023770865
nSV = 3461, nBSV = 949
Total nSV = 3461
....
Warning: using -h 0 may be faster
*
optimization finished, #iter = 4195
C = 2781.571983659466
obj = 2723912.201902498, rho = 7.8522343922367925
nSV = 4211, nBSV = 1280
..
Warning: using -h 0 may be faster
*
optimization finished, #iter = 2340
C = 1271.5091693526654
obj = 694634.5784451944, rho = -70.22716271577538
nSV = 2411, nBSV = 804
Total nSV = 2411
..
Warning: using -h 0 may be faster
*
optimization finished, #iter = 2076
C = 1168.621863617541
obj = 624914.6572301908, rho = 9.968745555483496
nSV = 2340, nBSV = 846
Total nSV = 2340
..
Warning: using -h 0 may be faster
*
optimization finished, #iter = 2261
C = 1266.3358826610336
obj = 689482.0669160574, rho = 5.901826157679371
nSV = 2352, nBSV = 800
Total nSV = 2352
..
Warning: using -h 0 may be faster
*
optimization finished, #iter = 2150
C = 1314.4606206276876
obj = 724183.1650281574, rho = 19.206978054275826
nSV = 2373, nBSV = 803
Total nSV = 2373
..
Warning: using -h 0 may be faster
*
optimization finished, #iter = 2194
C = 1178.7267998926468
obj = 626319.8508130653, rho = 10.636955073672308
nSV = 2352, nBSV = 831
Total nSV = 2352
..
Warning: using -h 0 may be faster
*
optimization finished, #iter = 2668
C = 1279.5941771720265
obj = 835191.712818939, rho = 13.125041690248642
nSV = 2883, nBSV = 1085
Total nSV = 6495
.
Warning: using -h 0 may be faster
*
optimization finished, #iter = 1960
C = 1303.0269647172715
obj = 646333.6340814821, rho = -25.883051571167485
nSV = 2056, nBSV = 685
Total nSV = 2056
.
Warning: using -h 0 may be faster
*
optimization finished, #iter = 1954
C = 1230.9660592369771
obj = 599132.6899823971, rho = -19.173610076956976
nSV = 2047, nBSV = 709
Total nSV = 2047
..
Warning: using -h 0 may be faster
*
optimization finished, #iter = 2081
C = 1255.5858852313322
obj = 604137.611663169, rho = -17.926592728508695
nSV = 2063, nBSV = 683
Total nSV = 2063
..
Warning: using -h 0 may be faster
*
optimization finished, #iter = 2090
C = 1305.2084646842561
obj = 634142.0721098833, rho = 1.098380372229332
nSV = 2107, nBSV = 670
Total nSV = 2107
..
Warning: using -h 0 may be faster
*
optimization finished, #iter = 2074
C = 1277.9885506045828
obj = 620150.6429956648, rho = -23.567461303113554
nSV = 2085, nBSV = 684
Total nSV = 2085
..
Warning: using -h 0 may be faster
*
optimization finished, #iter = 2513
C = 1275.3046045908948
obj = 727229.8998401941, rho = -13.514058206537758
nSV = 2520, nBSV = 907
...
Warning: using -h 0 may be faster
*
optimization finished, #iter = 3311
C = 2491.7590910888184
obj = 1965624.62966814, rho = -61.27154699442199
nSV = 3422, nBSV = 980
Total nSV = 3422
...
Warning: using -h 0 may be faster
*
optimization finished, #iter = 3347
C = 2569.26715684924
obj = 2077293.7799585736, rho = -44.49988723964304
nSV = 3431, nBSV = 987
Total nSV = 3431
...
Warning: using -h 0 may be faster
*
optimization finished, #iter = 3580
C = 2734.288020964466
obj = 2260689.702435798, rho = -20.627051384062447
nSV = 3476, nBSV = 978
Total nSV = 3476
...
Warning: using -h 0 may be faster
*
optimization finished, #iter = 3208
C = 2692.081367468365
obj = 2234773.921845005, rho = -31.466394672764604
nSV = 3425, nBSV = 978
Total nSV = 3425
...
Warning: using -h 0 may be faster
*
optimization finished, #iter = 3129
C = 2619.880563304873
obj = 2194478.0978307216, rho = -28.61071508150907
nSV = 3371, nBSV = 1021
Total nSV = 3371
....
Warning: using -h 0 may be faster
*
optimization finished, #iter = 4117
C = 2799.0766438120586
obj = 2715185.8612325974, rho = -58.15384178362659
nSV = 4158, nBSV = 1304
..
Warning: using -h 0 may be faster
*
optimization finished, #iter = 2247
C = 1352.3817039712208
obj = 753028.2214092774, rho = -52.47431183703649
nSV = 2411, nBSV = 783
Total nSV = 2411
..
Warning: using -h 0 may be faster
*
optimization finished, #iter = 2258
C = 1233.895205600156
obj = 659173.2685779942, rho = -58.83137479048566
nSV = 2381, nBSV = 802
Total nSV = 2381
..
Warning: using -h 0 may be faster
*
optimization finished, #iter = 2617
C = 1316.9016936654532
obj = 718689.6524607876, rho = -53.31471797533284
nSV = 2425, nBSV = 782
Total nSV = 2425
..
Warning: using -h 0 may be faster
*
optimization finished, #iter = 2306
C = 1344.9458588498048
obj = 754594.2763119936, rho = -58.83888129485553
nSV = 2412, nBSV = 789
Total nSV = 2412
..
Warning: using -h 0 may be faster
*
optimization finished, #iter = 2445
C = 1293.6561684621556
obj = 705301.5987576663, rho = -50.684147450086456
nSV = 2398, nBSV = 796
Total nSV = 2398
..
Warning: using -h 0 may be faster
*
optimization finished, #iter = 2695
C = 1312.2657348814548
obj = 844281.7581401969, rho = -1.0917806392232252
nSV = 2887, nBSV = 1083
Total nSV = 6466
...
Warning: using -h 0 may be faster
*
optimization finished, #iter = 3369
C = 2728.753150839575
obj = 2286567.3900419176, rho = -21.4316953198256
nSV = 3473, nBSV = 959
Total nSV = 3473
...
Warning: using -h 0 may be faster
*
optimization finished, #iter = 3544
C = 2717.407178469806
obj = 2244048.6162461136, rho = -141.4536741548456
nSV = 3523, nBSV = 960
Total nSV = 3523
...
Warning: using -h 0 may be faster
*
optimization finished, #iter = 3532
C = 2741.9461360846276
obj = 2329866.167410591, rho = -124.29504164096939
nSV = 3514, nBSV = 951
Total nSV = 3514
...
Warning: using -h 0 may be faster
*
optimization finished, #iter = 3452
C = 2607.990039958328
obj = 2092188.3370879912, rho = -124.81265976734973
nSV = 3478, nBSV = 948
Total nSV = 3478
...
Warning: using -h 0 may be faster
*
optimization finished, #iter = 3316
C = 2697.017011545325
obj = 2261836.433970498, rho = -131.6156796380127
nSV = 3481, nBSV = 955
Total nSV = 3481
...
Warning: using -h 0 may be faster
*
optimization finished, #iter = 3947
C = 2805.716237879565
obj = 2812788.277440035, rho = -144.38233047038307
nSV = 4188, nBSV = 1288
..
Warning: using -h 0 may be faster
*
optimization finished, #iter = 2420
C = 1424.224180582475
obj = 798403.0625827332, rho = -76.09349227631353
nSV = 2463, nBSV = 756
Total nSV = 2463
..
Warning: using -h 0 may be faster
*
optimization finished, #iter = 2266
C = 1381.9965982041688
obj = 763689.5213466504, rho = -59.23584698345129
nSV = 2375, nBSV = 814
Total nSV = 2375
..
Warning: using -h 0 may be faster
*
optimization finished, #iter = 2249
C = 1436.666042664235
obj = 817727.0228352824, rho = -56.89843048104338
nSV = 2417, nBSV = 794
Total nSV = 2417
..
Warning: using -h 0 may be faster
*
optimization finished, #iter = 2287
C = 1288.7867455022224
obj = 691814.8974234192, rho = -62.70284244916869
nSV = 2399, nBSV = 798
Total nSV = 2399
..
Warning: using -h 0 may be faster
*
optimization finished, #iter = 2311
C = 1253.9801270800647
obj = 681879.7351749174, rho = -56.65975419956535
nSV = 2410, nBSV = 820
Total nSV = 2410
..
Warning: using -h 0 may be faster
*
optimization finished, #iter = 2748
C = 1382.4852580600423
obj = 899321.7897074531, rho = -70.72311249397895
nSV = 2934, nBSV = 1054
..
Warning: using -h 0 may be faster
*
optimization finished, #iter = 2102
C = 1271.997671881396
obj = 618565.4272683555, rho = -24.556283487817712
nSV = 2085, nBSV = 674
Total nSV = 2085
.
Warning: using -h 0 may be faster
*
optimization finished, #iter = 1871
C = 1239.4001209834391
obj = 605411.6509094334, rho = -26.3924644520423
nSV = 2031, nBSV = 705
Total nSV = 2031
..
Warning: using -h 0 may be faster
*
optimization finished, #iter = 2016
C = 1317.9110816766902
obj = 640119.3662547139, rho = -16.448665107865736
nSV = 2079, nBSV = 691
Total nSV = 2079
..
Warning: using -h 0 may be faster
*
optimization finished, #iter = 2017
C = 1293.557887427594
obj = 636586.7324082488, rho = -21.839387555796094
nSV = 2092, nBSV = 676
Total nSV = 2092
.
Warning: using -h 0 may be faster
*
optimization finished, #iter = 1919
C = 1112.0373118971102
obj = 521073.98135550285, rho = -12.102572113781322
nSV = 2050, nBSV = 737
Total nSV = 2050
..
Warning: using -h 0 may be faster
*
optimization finished, #iter = 2469
C = 1258.7417099576821
obj = 722042.040192544, rho = -32.902277654722575
nSV = 2491, nBSV = 922
Total nSV = 6509
.
Warning: using -h 0 may be faster
*
optimization finished, #iter = 1998
C = 1187.4640659671825
obj = 572071.9428337181, rho = -18.768162493079906
nSV = 2068, nBSV = 710
Total nSV = 2068
..
Warning: using -h 0 may be faster
*
optimization finished, #iter = 2067
C = 1286.712090896384
obj = 647733.4050392443, rho = -26.729656404511427
nSV = 2083, nBSV = 673
Total nSV = 2083
..
Warning: using -h 0 may be faster
*
optimization finished, #iter = 2081
C = 1328.2401560513736
obj = 656440.2813529413, rho = -28.30577265016717
nSV = 2098, nBSV = 638
Total nSV = 2098
..
Warning: using -h 0 may be faster
*
optimization finished, #iter = 2022
C = 1307.0682749631858
obj = 652914.9964937976, rho = -24.906874464117518
nSV = 2093, nBSV = 666
Total nSV = 2093
.
Warning: using -h 0 may be faster
*
optimization finished, #iter = 1956
C = 1265.1309470840768
obj = 617483.3585244977, rho = -17.426446766255964
nSV = 2077, nBSV = 669
Total nSV = 2077
..
Warning: using -h 0 may be faster
*
optimization finished, #iter = 2382
C = 1280.9360786950292
obj = 760985.7051515804, rho = -37.778617942169554
nSV = 2495, nBSV = 915
..
Warning: using -h 0 may be faster
*
optimization finished, #iter = 2246
C = 1265.4066777706541
obj = 683292.7411262396, rho = -39.46388935244257
nSV = 2376, nBSV = 812
Total nSV = 2376
..
Warning: using -h 0 may be faster
*
optimization finished, #iter = 2212
C = 1292.2706491245385
obj = 703782.5820654162, rho = 1.6775947423705024
nSV = 2362, nBSV = 801
Total nSV = 2362
..
Warning: using -h 0 may be faster
*
optimization finished, #iter = 2164
C = 1264.5596356084334
obj = 684187.9183534036, rho = -12.32906652914022
nSV = 2376, nBSV = 816
Total nSV = 2376
..
Warning: using -h 0 may be faster
*
optimization finished, #iter = 2188
C = 1211.8332605247924
obj = 639530.0589652463, rho = -6.186930079482825
nSV = 2374, nBSV = 821
Total nSV = 2374
..
Warning: using -h 0 may be faster
*
optimization finished, #iter = 2217
C = 1270.6741211394233
obj = 672034.5572171382, rho = -0.9832190763482967
nSV = 2361, nBSV = 819
Total nSV = 2361
..
Warning: using -h 0 may be faster
*
optimization finished, #iter = 2759
C = 1314.0619248189853
obj = 841707.2711495131, rho = -9.647852113267161
nSV = 2892, nBSV = 1083
...
Warning: using -h 0 may be faster
*
optimization finished, #iter = 3448
C = 2653.4914536123897
obj = 2200186.9165739496, rho = -52.4247284049995
nSV = 3458, nBSV = 961
Total nSV = 3458
...
Warning: using -h 0 may be faster
*
optimization finished, #iter = 3440
C = 2633.878485207094
obj = 2135006.7090541557, rho = -47.345006272648824
nSV = 3445, nBSV = 1008
Total nSV = 3445
...
Warning: using -h 0 may be faster
*
optimization finished, #iter = 3235
C = 2554.5596097275848
obj = 2127597.5410746722, rho = -4.036625163668747
nSV = 3418, nBSV = 980
Total nSV = 3418
...
Warning: using -h 0 may be faster
*
optimization finished, #iter = 3478
C = 2617.679383514378
obj = 2149470.1824171087, rho = -10.94115517933236
nSV = 3450, nBSV = 1002
Total nSV = 3450
...
Warning: using -h 0 may be faster
*
optimization finished, #iter = 3383
C = 2563.3218082344933
obj = 2101910.1191152334, rho = -31.42807229384319
nSV = 3426, nBSV = 1017
Total nSV = 3426
....
Warning: using -h 0 may be faster
*
optimization finished, #iter = 4132
C = 2754.5786500166064
obj = 2722716.488236479, rho = -8.775210755780186
nSV = 4168, nBSV = 1297
Total nSV = 6471
..
Warning: using -h 0 may be faster
*
optimization finished, #iter = 2233
C = 1244.230986610602
obj = 672390.9665345886, rho = -63.70824806855965
nSV = 2349, nBSV = 832
Total nSV = 2349
..
Warning: using -h 0 may be faster
*
optimization finished, #iter = 2196
C = 1272.3594412158686
obj = 690088.8106311498, rho = -44.95643500360432
nSV = 2357, nBSV = 823
Total nSV = 2357
..
Warning: using -h 0 may be faster
*.
Warning: using -h 0 may be faster
*
optimization finished, #iter = 2147
C = 1181.8575024946613
obj = 626803.9813193269, rho = -28.695924468376685
nSV = 2330, nBSV = 831
Total nSV = 2330
..
Warning: using -h 0 may be faster
*
optimization finished, #iter = 2165
C = 1211.3923840144294
obj = 631005.9172356626, rho = -36.92696976067047
nSV = 2354, nBSV = 802
Total nSV = 2354
..
Warning: using -h 0 may be faster
*
optimization finished, #iter = 2029
C = 1225.3933411944483
obj = 658359.5304545682, rho = -36.897543322118835
nSV = 2316, nBSV = 826
Total nSV = 2316
..
Warning: using -h 0 may be faster
*
optimization finished, #iter = 2660
C = 1255.2423848163314
obj = 795512.2222456336, rho = -8.683378743257018
nSV = 2858, nBSV = 1078
..
Warning: using -h 0 may be faster
*
optimization finished, #iter = 2149
C = 1240.9397790254434
obj = 589055.6928560473, rho = -19.080905916421525
nSV = 2076, nBSV = 681
Total nSV = 2076
.
Warning: using -h 0 may be faster
*
optimization finished, #iter = 1923
C = 1229.2817768175355
obj = 595125.3298934123, rho = -39.36600915339122
nSV = 2036, nBSV = 686
Total nSV = 2036
..
Warning: using -h 0 may be faster
*
optimization finished, #iter = 2080
C = 1193.4517800313445
obj = 574030.6223777377, rho = -32.996685490327785
nSV = 2057, nBSV = 686
Total nSV = 2057
.
Warning: using -h 0 may be faster
*
optimization finished, #iter = 1971
C = 1197.0029102549533
obj = 577410.6616091753, rho = -26.0787069467323
nSV = 2017, nBSV = 709
Total nSV = 2017
..
Warning: using -h 0 may be faster
*
optimization finished, #iter = 2014
C = 1260.2828888342467
obj = 615193.2030899148, rho = -32.305373203653474
nSV = 2023, nBSV = 707
Total nSV = 2023
..
Warning: using -h 0 may be faster
*
optimization finished, #iter = 2398
C = 1228.8095020141866
obj = 707928.2214465179, rho = -30.128203540792473
nSV = 2446, nBSV = 925
...
Warning: using -h 0 may be faster
*
optimization finished, #iter = 3534
C = 2586.183681480227
obj = 2136702.2880135933, rho = -35.60297694893088
nSV = 3438, nBSV = 974
Total nSV = 3438
...
Warning: using -h 0 may be faster
*
optimization finished, #iter = 3259
C = 2766.2559692111377
obj = 2283083.8421569727, rho = -13.870161680810604
nSV = 3456, nBSV = 969
Total nSV = 3456
...
Warning: using -h 0 may be faster
*
optimization finished, #iter = 3210
C = 2640.66897305501
obj = 2173084.5775318416, rho = -19.967977487121114
nSV = 3419, nBSV = 1002
Total nSV = 3419
...
Warning: using -h 0 may be faster
*
optimization finished, #iter = 3331
C = 2682.3200170125433
obj = 2211460.403581185, rho = -34.0439890942506
nSV = 3455, nBSV = 979
Total nSV = 3455
...
Warning: using -h 0 may be faster
*
optimization finished, #iter = 3176
C = 2810.289938409373
obj = 2403084.826770011, rho = -49.04216620486759
nSV = 3439, nBSV = 989
Total nSV = 3439
....
Warning: using -h 0 may be faster
*
optimization finished, #iter = 4167
C = 2961.9882438013947
obj = 3001117.0338830384, rho = -135.05311053648882
nSV = 4181, nBSV = 1299
Total nSV = 6509


=== Predictions under cross-validation ===

 inst#     actual  predicted error distribution
     1  2:neutral  2:neutral       0.308,*0.473,0.219 
     2  2:neutral  2:neutral       0.015,*0.836,0.149 
     3  2:neutral 3:positive   +   0.125,0.195,*0.68 
     4  2:neutral  2:neutral       0.1,*0.548,0.352 
     5  2:neutral  2:neutral       0.079,*0.74,0.182 
     6  2:neutral 1:negative   +   *0.585,0.368,0.047 
     7  2:neutral 3:positive   +   0.047,0.343,*0.61 
     8  2:neutral  2:neutral       0.104,*0.758,0.137 
     9  2:neutral  2:neutral       0.12,*0.519,0.361 
    10  2:neutral 1:negative   +   *0.767,0.137,0.096 
    11  2:neutral 3:positive   +   0.043,0.344,*0.613 
    12  2:neutral  2:neutral       0.094,*0.809,0.097 
    13  2:neutral  2:neutral       0.043,*0.762,0.195 
    14  2:neutral  2:neutral       0.023,*0.636,0.341 
    15  2:neutral 1:negative   +   *0.414,0.357,0.229 
    16  2:neutral  2:neutral       0.042,*0.646,0.312 
    17  2:neutral 3:positive   +   0.263,0.318,*0.419 
    18  2:neutral  2:neutral       0.326,*0.363,0.311 
    19  2:neutral  2:neutral       0.131,*0.576,0.293 
    20  2:neutral  2:neutral       0.023,*0.911,0.066 
    21  2:neutral  2:neutral       0.273,*0.415,0.312 
    22  2:neutral  2:neutral       0.088,*0.49,0.422 
    23  2:neutral  2:neutral       0.098,*0.638,0.264 
    24  2:neutral  2:neutral       0.088,*0.726,0.186 
    25  2:neutral  2:neutral       0.099,*0.588,0.313 
    26  2:neutral 3:positive   +   0.303,0.317,*0.381 
    27  2:neutral  2:neutral       0.038,*0.756,0.206 
    28  2:neutral  2:neutral       0.319,*0.44,0.241 
    29  2:neutral  2:neutral       0.051,*0.735,0.214 
    30  2:neutral 3:positive   +   0.041,0.333,*0.626 
    31  2:neutral 1:negative   +   *0.503,0.426,0.071 
    32  2:neutral 1:negative   +   *0.924,0.056,0.021 
    33  2:neutral  2:neutral       0.012,*0.836,0.152 
    34  2:neutral  2:neutral       0.084,*0.735,0.18 
    35  2:neutral  2:neutral       0.125,*0.83,0.045 
    36  2:neutral  2:neutral       0.011,*0.88,0.11 
    37  2:neutral  2:neutral       0.205,*0.559,0.236 
    38  2:neutral  2:neutral       0.143,*0.597,0.259 
    39  2:neutral  2:neutral       0.035,*0.616,0.349 
    40  2:neutral 3:positive   +   0.077,0.429,*0.494 
    41  2:neutral  2:neutral       0.121,*0.765,0.114 
    42  2:neutral  2:neutral       0.038,*0.701,0.26 
    43  2:neutral 3:positive   +   0.262,0.092,*0.646 
    44  2:neutral  2:neutral       0.085,*0.462,0.454 
    45  2:neutral  2:neutral       0.066,*0.727,0.207 
    46  2:neutral  2:neutral       0.041,*0.535,0.425 
    47  2:neutral  2:neutral       0.069,*0.581,0.35 
    48  2:neutral 3:positive   +   0.083,0.39,*0.527 
    49  2:neutral  2:neutral       0.052,*0.793,0.155 
    50  2:neutral  2:neutral       0.09,*0.666,0.245 
    51  2:neutral  2:neutral       0.159,*0.746,0.094 
    52  2:neutral  2:neutral       0.189,*0.501,0.31 
    53  2:neutral 3:positive   +   0.137,0.42,*0.443 
    54  2:neutral  2:neutral       0.123,*0.649,0.228 
    55  2:neutral  2:neutral       0.062,*0.73,0.208 
    56  2:neutral  2:neutral       0.043,*0.908,0.05 
    57  2:neutral  2:neutral       0.132,*0.455,0.414 
    58  2:neutral  2:neutral       0.077,*0.465,0.458 
    59  2:neutral 3:positive   +   0.092,0.443,*0.465 
    60  2:neutral  2:neutral       0.085,*0.529,0.386 
    61  2:neutral  2:neutral       0.145,*0.636,0.219 
    62  2:neutral  2:neutral       0.158,*0.492,0.35 
    63  2:neutral  2:neutral       0.057,*0.6,0.344 
    64  2:neutral 3:positive   +   0.056,0.435,*0.509 
    65  2:neutral  2:neutral       0.204,*0.608,0.188 
    66  2:neutral 3:positive   +   0.103,0.373,*0.525 
    67  2:neutral 3:positive   +   0.18,0.385,*0.434 
    68  2:neutral 3:positive   +   0.283,0.259,*0.458 
    69  2:neutral  2:neutral       0.064,*0.489,0.447 
    70  2:neutral 3:positive   +   0.177,0.383,*0.44 
    71  2:neutral  2:neutral       0.203,*0.659,0.138 
    72  2:neutral 3:positive   +   0.033,0.061,*0.907 
    73  2:neutral 3:positive   +   0.119,0.363,*0.518 
    74  2:neutral 3:positive   +   0.08,0.452,*0.468 
    75  2:neutral  2:neutral       0.077,*0.69,0.233 
    76  2:neutral  2:neutral       0.142,*0.485,0.373 
    77  2:neutral 3:positive   +   0.077,0.427,*0.496 
    78  2:neutral  2:neutral       0.073,*0.558,0.369 
    79  2:neutral 1:negative   +   *0.522,0.404,0.073 
    80  2:neutral  2:neutral       0.107,*0.791,0.101 
    81  2:neutral 1:negative   +   *0.367,0.354,0.279 
    82  2:neutral  2:neutral       0.091,*0.787,0.123 
    83  2:neutral 1:negative   +   *0.575,0.14,0.286 
    84  2:neutral 3:positive   +   0.033,0.229,*0.738 
    85  2:neutral 1:negative   +   *0.504,0.337,0.159 
    86  2:neutral  2:neutral       0.066,*0.741,0.194 
    87  2:neutral 3:positive   +   0.016,0.434,*0.55 
    88  2:neutral  2:neutral       0.026,*0.493,0.481 
    89  2:neutral 1:negative   +   *0.593,0.08,0.327 
    90  2:neutral  2:neutral       0.024,*0.821,0.155 
    91  2:neutral  2:neutral       0.227,*0.468,0.305 
    92  2:neutral  2:neutral       0.149,*0.652,0.199 
    93  2:neutral  2:neutral       0.082,*0.616,0.302 
    94  2:neutral  2:neutral       0.077,*0.553,0.371 
    95  2:neutral  2:neutral       0.117,*0.548,0.335 
    96  2:neutral  2:neutral       0.1,*0.731,0.17 
    97  2:neutral  2:neutral       0.084,*0.671,0.245 
    98  2:neutral 3:positive   +   0.06,0.373,*0.567 
    99  2:neutral  2:neutral       0.094,*0.701,0.205 
   100  2:neutral  2:neutral       0.099,*0.726,0.175 
   101  2:neutral 3:positive   +   0.208,0.378,*0.414 
   102  2:neutral 3:positive   +   0.088,0.416,*0.496 
   103  2:neutral  2:neutral       0.086,*0.617,0.298 
   104  2:neutral  2:neutral       0.121,*0.463,0.417 
   105  2:neutral  2:neutral       0.08,*0.607,0.313 
   106  2:neutral 3:positive   +   0.037,0.176,*0.787 
   107  2:neutral  2:neutral       0.107,*0.616,0.277 
   108  2:neutral  2:neutral       0.078,*0.772,0.149 
   109  2:neutral  2:neutral       0.015,*0.828,0.157 
   110  2:neutral  2:neutral       0.154,*0.67,0.176 
   111  2:neutral  2:neutral       0.072,*0.557,0.371 
   112  2:neutral  2:neutral       0.014,*0.801,0.185 
   113  2:neutral  2:neutral       0.031,*0.691,0.278 
   114  2:neutral 3:positive   +   0.233,0.322,*0.445 
   115  2:neutral 3:positive   +   0.077,0.439,*0.485 
   116  2:neutral  2:neutral       0.109,*0.766,0.125 
   117  2:neutral  2:neutral       0.038,*0.889,0.073 
   118  2:neutral 3:positive   +   0.119,0.416,*0.465 
   119  2:neutral  2:neutral       0.049,*0.851,0.1 
   120  2:neutral 3:positive   +   0.041,0.207,*0.752 
   121  2:neutral 3:positive   +   0.092,0.453,*0.455 
   122  2:neutral 3:positive   +   0.087,0.208,*0.706 
   123  2:neutral  2:neutral       0.128,*0.764,0.109 
   124  2:neutral  2:neutral       0.07,*0.851,0.079 
   125  2:neutral  2:neutral       0.163,*0.64,0.197 
   126  2:neutral  2:neutral       0.085,*0.729,0.186 
   127  2:neutral  2:neutral       0.062,*0.733,0.205 
   128  2:neutral 3:positive   +   0.022,0.349,*0.629 
   129  2:neutral  2:neutral       0.184,*0.59,0.226 
   130  2:neutral  2:neutral       0.071,*0.678,0.251 
   131  2:neutral  2:neutral       0.335,*0.412,0.253 
   132  2:neutral  2:neutral       0.083,*0.653,0.264 
   133  2:neutral  2:neutral       0.135,*0.577,0.288 
   134  2:neutral  2:neutral       0.053,*0.555,0.391 
   135  2:neutral  2:neutral       0.034,*0.752,0.214 
   136  2:neutral  2:neutral       0.009,*0.822,0.169 
   137  2:neutral  2:neutral       0.079,*0.684,0.237 
   138  2:neutral  2:neutral       0.066,*0.559,0.374 
   139  2:neutral  2:neutral       0.125,*0.628,0.247 
   140  2:neutral  2:neutral       0.181,*0.531,0.288 
   141  2:neutral  2:neutral       0.051,*0.664,0.285 
   142  2:neutral  2:neutral       0.229,*0.529,0.242 
   143  2:neutral  2:neutral       0.162,*0.618,0.22 
   144  2:neutral  2:neutral       0.132,*0.667,0.201 
   145  2:neutral 1:negative   +   *0.389,0.28,0.331 
   146  2:neutral  2:neutral       0.396,*0.5,0.104 
   147  2:neutral  2:neutral       0.028,*0.735,0.236 
   148  2:neutral  2:neutral       0.156,*0.661,0.183 
   149  2:neutral 3:positive   +   0.149,0.306,*0.545 
   150  2:neutral  2:neutral       0.086,*0.752,0.161 
   151  2:neutral  2:neutral       0.179,*0.625,0.196 
   152  2:neutral  2:neutral       0.055,*0.819,0.127 
   153  2:neutral  2:neutral       0.031,*0.779,0.189 
   154  2:neutral  2:neutral       0.078,*0.717,0.205 
   155  2:neutral  2:neutral       0.045,*0.518,0.437 
   156  2:neutral 3:positive   +   0.087,0.401,*0.512 
   157  2:neutral  2:neutral       0.051,*0.727,0.222 
   158  2:neutral  2:neutral       0.055,*0.788,0.157 
   159  2:neutral  2:neutral       0.084,*0.813,0.103 
   160  2:neutral  2:neutral       0.006,*0.601,0.393 
   161  2:neutral  2:neutral       0.195,*0.598,0.207 
   162  2:neutral  2:neutral       0.028,*0.796,0.176 
   163  2:neutral  2:neutral       0.017,*0.742,0.24 
   164  2:neutral  2:neutral       0.244,*0.497,0.26 
   165  2:neutral  2:neutral       0.063,*0.817,0.119 
   166  2:neutral  2:neutral       0.107,*0.736,0.157 
   167  2:neutral  2:neutral       0.115,*0.536,0.349 
   168  2:neutral  2:neutral       0.043,*0.756,0.201 
   169  2:neutral  2:neutral       0.191,*0.458,0.35 
   170  2:neutral  2:neutral       0.085,*0.775,0.139 
   171  2:neutral 3:positive   +   0.116,0.438,*0.446 
   172  2:neutral  2:neutral       0.108,*0.589,0.303 
   173  2:neutral 1:negative   +   *0.691,0.255,0.054 
   174  2:neutral  2:neutral       0.124,*0.531,0.345 
   175  2:neutral  2:neutral       0.059,*0.7,0.241 
   176  2:neutral 3:positive   +   0.226,0.385,*0.389 
   177  2:neutral  2:neutral       0.027,*0.762,0.211 
   178  2:neutral  2:neutral       0.181,*0.702,0.116 
   179  2:neutral  2:neutral       0.274,*0.501,0.226 
   180  2:neutral  2:neutral       0.054,*0.74,0.206 
   181  2:neutral  2:neutral       0.096,*0.718,0.186 
   182  2:neutral 1:negative   +   *0.664,0.282,0.054 
   183  2:neutral  2:neutral       0.069,*0.622,0.309 
   184  2:neutral 3:positive   +   0.13,0.353,*0.517 
   185  2:neutral  2:neutral       0.094,*0.586,0.32 
   186  2:neutral  2:neutral       0.023,*0.614,0.363 
   187  2:neutral  2:neutral       0.069,*0.528,0.403 
   188  2:neutral 3:positive   +   0.114,0.389,*0.497 
   189  2:neutral 1:negative   +   *0.698,0.251,0.051 
   190  2:neutral  2:neutral       0.321,*0.572,0.107 
   191  2:neutral  2:neutral       0.224,*0.655,0.122 
   192  2:neutral  2:neutral       0.052,*0.757,0.191 
   193  2:neutral  2:neutral       0.014,*0.684,0.302 
   194  2:neutral  2:neutral       0.11,*0.794,0.096 
   195  2:neutral 3:positive   +   0.124,0.278,*0.599 
   196  2:neutral  2:neutral       0.109,*0.583,0.308 
   197  2:neutral  2:neutral       0.09,*0.641,0.269 
   198  2:neutral  2:neutral       0.315,*0.452,0.233 
   199  2:neutral 3:positive   +   0.051,0.133,*0.817 
   200  2:neutral  2:neutral       0.103,*0.561,0.336 
   201  2:neutral  2:neutral       0.033,*0.897,0.071 
   202  2:neutral  2:neutral       0.087,*0.711,0.201 
   203  2:neutral  2:neutral       0.081,*0.528,0.391 
   204  2:neutral  2:neutral       0.022,*0.945,0.033 
   205  2:neutral  2:neutral       0.017,*0.676,0.307 
   206  2:neutral  2:neutral       0.348,*0.486,0.165 
   207  2:neutral  2:neutral       0.037,*0.487,0.475 
   208  2:neutral  2:neutral       0.035,*0.846,0.119 
   209  2:neutral  2:neutral       0.04,*0.801,0.159 
   210  2:neutral 3:positive   +   0.285,0.333,*0.382 
   211  2:neutral  2:neutral       0.019,*0.8,0.182 
   212  2:neutral  2:neutral       0.04,*0.823,0.137 
   213  2:neutral  2:neutral       0.083,*0.631,0.286 
   214  2:neutral  2:neutral       0.142,*0.594,0.264 
   215  2:neutral  2:neutral       0.158,*0.73,0.112 
   216  2:neutral 3:positive   +   0.124,0.404,*0.472 
   217  2:neutral  2:neutral       0.063,*0.677,0.26 
   218  2:neutral  2:neutral       0.151,*0.486,0.363 
   219  2:neutral  2:neutral       0.12,*0.657,0.223 
   220  2:neutral  2:neutral       0.075,*0.534,0.392 
   221  2:neutral 1:negative   +   *0.408,0.297,0.295 
   222  2:neutral  2:neutral       0.142,*0.504,0.353 
   223  2:neutral  2:neutral       0.076,*0.631,0.293 
   224  2:neutral  2:neutral       0.123,*0.624,0.253 
   225  2:neutral  2:neutral       0.036,*0.882,0.081 
   226  2:neutral  2:neutral       0.081,*0.722,0.197 
   227  2:neutral  2:neutral       0.036,*0.82,0.144 
   228  2:neutral 3:positive   +   0.05,0.46,*0.49 
   229  2:neutral 3:positive   +   0.064,0.438,*0.499 
   230  2:neutral 1:negative   +   *0.5,0.272,0.228 
   231  2:neutral  2:neutral       0.075,*0.819,0.106 
   232  2:neutral 1:negative   +   *0.421,0.395,0.184 
   233  2:neutral 3:positive   +   0.234,0.349,*0.417 
   234  2:neutral  2:neutral       0.076,*0.528,0.395 
   235  2:neutral  2:neutral       0.246,*0.608,0.146 
   236  2:neutral  2:neutral       0.105,*0.523,0.371 
   237  2:neutral 3:positive   +   0.048,0.244,*0.709 
   238  2:neutral  2:neutral       0.147,*0.544,0.309 
   239  2:neutral  2:neutral       0.173,*0.52,0.307 
   240  2:neutral  2:neutral       0.102,*0.554,0.344 
   241  2:neutral  2:neutral       0.299,*0.355,0.347 
   242  2:neutral  2:neutral       0.108,*0.771,0.121 
   243  2:neutral 3:positive   +   0.022,0.392,*0.586 
   244  2:neutral  2:neutral       0.067,*0.624,0.309 
   245  2:neutral  2:neutral       0.185,*0.636,0.179 
   246  2:neutral 3:positive   +   0.022,0.317,*0.661 
   247  2:neutral  2:neutral       0.01,*0.958,0.032 
   248  2:neutral  2:neutral       0.069,*0.475,0.456 
   249  2:neutral 3:positive   +   0.207,0.364,*0.429 
   250  2:neutral  2:neutral       0.042,*0.684,0.273 
   251  2:neutral  2:neutral       0.098,*0.605,0.297 
   252  2:neutral  2:neutral       0.066,*0.517,0.417 
   253  2:neutral  2:neutral       0.214,*0.649,0.137 
   254  2:neutral  2:neutral       0.114,*0.8,0.087 
   255  2:neutral  2:neutral       0.07,*0.615,0.314 
   256  2:neutral  2:neutral       0.087,*0.549,0.364 
   257  2:neutral  2:neutral       0.107,*0.616,0.277 
   258  2:neutral  2:neutral       0.055,*0.878,0.067 
   259  2:neutral 3:positive   +   0.068,0.446,*0.486 
   260  2:neutral  2:neutral       0.057,*0.847,0.095 
   261  2:neutral 3:positive   +   0.028,0.298,*0.674 
   262  2:neutral  2:neutral       0.053,*0.666,0.281 
   263  2:neutral  2:neutral       0.074,*0.505,0.421 
   264  2:neutral  2:neutral       0.056,*0.862,0.082 
   265  2:neutral  2:neutral       0.151,*0.565,0.285 
   266  2:neutral  2:neutral       0.033,*0.803,0.164 
   267  2:neutral 3:positive   +   0.279,0.208,*0.513 
   268  2:neutral  2:neutral       0.283,*0.474,0.243 
   269  2:neutral  2:neutral       0.27,*0.522,0.208 
   270  2:neutral 3:positive   +   0.143,0.34,*0.517 
   271  2:neutral 3:positive   +   0.348,0.304,*0.349 
   272  2:neutral  2:neutral       0.079,*0.572,0.349 
   273  2:neutral  2:neutral       0.351,*0.446,0.203 
   274  2:neutral 3:positive   +   0.04,0.399,*0.561 
   275  2:neutral 3:positive   +   0.442,0.108,*0.45 
   276  2:neutral  2:neutral       0.056,*0.821,0.123 
   277  2:neutral  2:neutral       0.017,*0.647,0.337 
   278  2:neutral  2:neutral       0.033,*0.762,0.205 
   279  2:neutral 3:positive   +   0.198,0.343,*0.459 
   280  2:neutral 3:positive   +   0.026,0.399,*0.575 
   281  2:neutral  2:neutral       0.102,*0.566,0.332 
   282  2:neutral  2:neutral       0.069,*0.835,0.097 
   283  2:neutral  2:neutral       0.236,*0.428,0.336 
   284  2:neutral 3:positive   +   0.04,0.322,*0.638 
   285  2:neutral  2:neutral       0.01,*0.897,0.093 
   286  2:neutral  2:neutral       0.065,*0.501,0.435 
   287  2:neutral  2:neutral       0.073,*0.838,0.09 
   288  2:neutral  2:neutral       0.18,*0.646,0.175 
   289  2:neutral  2:neutral       0.122,*0.493,0.385 
   290  2:neutral  2:neutral       0.019,*0.502,0.478 
   291  2:neutral  2:neutral       0.126,*0.476,0.398 
   292  2:neutral 1:negative   +   *0.615,0.249,0.136 
   293  2:neutral  2:neutral       0.079,*0.501,0.42 
   294  2:neutral 3:positive   +   0.161,0.214,*0.625 
   295  2:neutral  2:neutral       0.084,*0.874,0.043 
   296  2:neutral  2:neutral       0.083,*0.653,0.264 
   297  2:neutral 3:positive   +   0.209,0.221,*0.57 
   298  2:neutral  2:neutral       0.13,*0.731,0.139 
   299  2:neutral  2:neutral       0.248,*0.591,0.161 
   300  2:neutral  2:neutral       0.083,*0.825,0.093 
   301  2:neutral  2:neutral       0.038,*0.607,0.355 
   302  2:neutral  2:neutral       0.068,*0.778,0.153 
   303  2:neutral 3:positive   +   0.071,0.168,*0.761 
   304  2:neutral  2:neutral       0.128,*0.528,0.344 
   305  2:neutral  2:neutral       0.027,*0.821,0.153 
   306  2:neutral  2:neutral       0.071,*0.583,0.347 
   307  2:neutral  2:neutral       0.039,*0.703,0.258 
   308  2:neutral  2:neutral       0.21,*0.751,0.039 
   309  2:neutral 3:positive   +   0.019,0.198,*0.784 
   310  2:neutral  2:neutral       0.135,*0.807,0.058 
   311  2:neutral  2:neutral       0.219,*0.405,0.376 
   312  2:neutral  2:neutral       0.089,*0.61,0.301 
   313  2:neutral  2:neutral       0.112,*0.772,0.115 
   314  2:neutral  2:neutral       0.173,*0.625,0.202 
   315  2:neutral 3:positive   +   0.032,0.354,*0.614 
   316  2:neutral 3:positive   +   0.031,0.204,*0.765 
   317  2:neutral  2:neutral       0.136,*0.558,0.306 
   318  2:neutral  2:neutral       0.11,*0.711,0.179 
   319  2:neutral 3:positive   +   0.153,0.387,*0.461 
   320  2:neutral  2:neutral       0.296,*0.589,0.115 
   321  2:neutral  2:neutral       0.123,*0.718,0.16 
   322  2:neutral  2:neutral       0.064,*0.863,0.073 
   323  2:neutral  2:neutral       0.115,*0.538,0.348 
   324  2:neutral  2:neutral       0.112,*0.72,0.168 
   325  2:neutral  2:neutral       0.071,*0.495,0.434 
   326  2:neutral  2:neutral       0.126,*0.484,0.39 
   327  2:neutral 1:negative   +   *0.764,0.137,0.099 
   328  2:neutral 1:negative   +   *0.642,0.209,0.149 
   329  2:neutral  2:neutral       0.268,*0.631,0.102 
   330  2:neutral  2:neutral       0.023,*0.851,0.126 
   331  2:neutral  2:neutral       0.135,*0.644,0.221 
   332  2:neutral  2:neutral       0.151,*0.644,0.205 
   333  2:neutral  2:neutral       0.016,*0.793,0.191 
   334  2:neutral 1:negative   +   *0.549,0.255,0.196 
   335  2:neutral 3:positive   +   0.028,0.361,*0.611 
   336  2:neutral  2:neutral       0.126,*0.525,0.349 
   337  2:neutral  2:neutral       0.095,*0.793,0.112 
   338  2:neutral  2:neutral       0.095,*0.517,0.388 
   339  2:neutral  2:neutral       0.056,*0.798,0.147 
   340  2:neutral  2:neutral       0.285,*0.452,0.263 
   341  2:neutral  2:neutral       0.079,*0.714,0.207 
   342  2:neutral 3:positive   +   0.067,0.176,*0.757 
   343  2:neutral  2:neutral       0.164,*0.669,0.167 
   344  2:neutral 3:positive   +   0.022,0.488,*0.491 
   345  2:neutral  2:neutral       0.052,*0.682,0.266 
   346  2:neutral 3:positive   +   0.082,0.449,*0.469 
   347  2:neutral  2:neutral       0.107,*0.616,0.277 
   348  2:neutral  2:neutral       0.177,*0.518,0.305 
   349  2:neutral  2:neutral       0.219,*0.546,0.235 
   350  2:neutral  2:neutral       0.103,*0.657,0.239 
   351  2:neutral  2:neutral       0.044,*0.616,0.341 
   352  2:neutral  2:neutral       0.031,*0.661,0.309 
   353  2:neutral  2:neutral       0.323,*0.425,0.251 
   354  2:neutral 1:negative   +   *0.859,0.046,0.095 
   355  2:neutral  2:neutral       0.088,*0.644,0.268 
   356  2:neutral 3:positive   +   0.147,0.216,*0.638 
   357  2:neutral  2:neutral       0.06,*0.593,0.347 
