Zero Weights processed. Default weights will be used
.
Warning: using -h 0 may be faster
*
optimization finished, #iter = 1679
C = 154.21754630278585
obj = 71417.56642942285, rho = 4.482471056595808
nSV = 2978, nBSV = 2413
Total nSV = 2978
.
Warning: using -h 0 may be faster
*
optimization finished, #iter = 1561
C = 140.15411364943753
obj = 61235.11104631258, rho = 1.2954410241492007
nSV = 2951, nBSV = 2459
Total nSV = 2951
.
Warning: using -h 0 may be faster
*
optimization finished, #iter = 1657
C = 130.79401334841157
obj = 57436.68700931413, rho = 4.312107131484217
nSV = 2963, nBSV = 2464
Total nSV = 2963
.
Warning: using -h 0 may be faster
*
optimization finished, #iter = 1590
C = 143.14028309489774
obj = 63643.57936481601, rho = 1.6303894549876754
nSV = 2952, nBSV = 2477
Total nSV = 2952
.
Warning: using -h 0 may be faster
*
optimization finished, #iter = 1689
C = 143.02873841500434
obj = 65383.69716883052, rho = 3.900150161725562
nSV = 2978, nBSV = 2447
Total nSV = 2978
.
Warning: using -h 0 may be faster
.
Warning: using -h 0 may be faster
*
optimization finished, #iter = 2048
C = 123.88302899859875
obj = 64722.87004346439, rho = 2.8604247801477207
nSV = 3656, nBSV = 3129
.
Warning: using -h 0 may be faster
...
Warning: using -h 0 may be faster
*
optimization finished, #iter = 4523
C = 564.5950608419106
obj = 516554.4445378258, rho = -37.47005162775121
nSV = 5234, nBSV = 3342
Total nSV = 5234
.
Warning: using -h 0 may be faster
...
Warning: using -h 0 may be faster
*
optimization finished, #iter = 4314
C = 557.8149396295067
obj = 502844.73339417845, rho = -31.03391990336721
nSV = 5236, nBSV = 3372
Total nSV = 5236
.
Warning: using -h 0 may be faster
...
Warning: using -h 0 may be faster
*
optimization finished, #iter = 4484
C = 554.4570321822531
obj = 498241.9941244064, rho = -31.315184180078433
nSV = 5237, nBSV = 3393
Total nSV = 5237
.
Warning: using -h 0 may be faster
...
Warning: using -h 0 may be faster
*
optimization finished, #iter = 4453
C = 608.3847756522163
obj = 562426.0735063859, rho = -40.924779240895816
nSV = 5205, nBSV = 3362
Total nSV = 5205
.
Warning: using -h 0 may be faster
...
Warning: using -h 0 may be faster
*
optimization finished, #iter = 4260
C = 544.0208629613129
obj = 485754.83762703196, rho = -29.00642350346656
nSV = 5195, nBSV = 3390
Total nSV = 5195
..
Warning: using -h 0 may be faster
...
Warning: using -h 0 may be faster
*
optimization finished, #iter = 5618
C = 523.5810707973809
obj = 534103.2779554428, rho = 12.37715871059719
nSV = 6414, nBSV = 4337
.
Warning: using -h 0 may be faster
*
optimization finished, #iter = 1489
C = 34.95238261784219
obj = 7149.9404499234915, rho = -1.1356770040593611
nSV = 3344, nBSV = 2948
Total nSV = 3344
.
Warning: using -h 0 may be faster
*
optimization finished, #iter = 1437
C = 54.01438315732887
obj = 15614.086890977684, rho = -2.93200202351579
nSV = 3328, nBSV = 2935
Total nSV = 3328
.
Warning: using -h 0 may be faster
*
optimization finished, #iter = 1482
C = 39.488706952632455
obj = 9030.15958821771, rho = -0.8640311343737286
nSV = 3334, nBSV = 2949
Total nSV = 3334
.
Warning: using -h 0 may be faster
*
optimization finished, #iter = 1408
C = 35.653494503300834
obj = 8016.766157214401, rho = -1.4760180749523526
nSV = 3300, nBSV = 2968
Total nSV = 3300
.
Warning: using -h 0 may be faster
*
optimization finished, #iter = 1310
C = 0.0
obj = 0.0, rho = NaN
nSV = 0, nBSV = 0
Total nSV = 0
Line search fails in two-class probability estimates
.
Warning: using -h 0 may be faster
*
optimization finished, #iter = 1668
C = 33.08110266354734
obj = 8918.907025924562, rho = 0.8803931327594166
nSV = 4119, nBSV = 3739
Total nSV = 9335
.
Warning: using -h 0 may be faster
*
optimization finished, #iter = 1341
C = 148.9158382147099
obj = 55238.154295804765, rho = 6.112151533946744
nSV = 2409, nBSV = 1941
Total nSV = 2409
.
Warning: using -h 0 may be faster
*
optimization finished, #iter = 1354
C = 155.53650391022367
obj = 60061.94810982554, rho = 7.182893159259884
nSV = 2418, nBSV = 1938
Total nSV = 2418
.
Warning: using -h 0 may be faster
*
optimization finished, #iter = 1421
C = 166.495783225008
obj = 64228.309118258156, rho = 7.319763110182525
nSV = 2440, nBSV = 1916
Total nSV = 2440
.
Warning: using -h 0 may be faster
*
optimization finished, #iter = 1372
C = 173.66094087432788
obj = 68801.11672509597, rho = 4.671834930895809
nSV = 2435, nBSV = 1934
Total nSV = 2435
.
Warning: using -h 0 may be faster
*
optimization finished, #iter = 1325
C = 146.08667208823758
obj = 53153.39960047705, rho = 5.163417322830514
nSV = 2401, nBSV = 1938
Total nSV = 2401
.
Warning: using -h 0 may be faster
*
optimization finished, #iter = 1626
C = 137.86935903189809
obj = 60705.85680238232, rho = 6.2845414401369535
nSV = 2952, nBSV = 2460
.
Warning: using -h 0 may be faster
..
Warning: using -h 0 may be faster
*
optimization finished, #iter = 3490
C = 551.2098528338561
obj = 429967.7331460105, rho = -40.11814695692611
nSV = 4251, nBSV = 2648
Total nSV = 4251
...
Warning: using -h 0 may be faster
*
optimization finished, #iter = 3603
C = 592.6735626496821
obj = 461061.68588799087, rho = 10.248409928683959
nSV = 4266, nBSV = 2597
Total nSV = 4266
...
Warning: using -h 0 may be faster
*
optimization finished, #iter = 3447
C = 556.8729526043387
obj = 430127.5497910449, rho = 15.847856272439795
nSV = 4260, nBSV = 2622
Total nSV = 4260
...
Warning: using -h 0 may be faster
*
optimization finished, #iter = 3400
C = 591.5868112889593
obj = 461847.43497799034, rho = 6.208262485157202
nSV = 4234, nBSV = 2651
Total nSV = 4234
...
Warning: using -h 0 may be faster
*
optimization finished, #iter = 3616
C = 595.2397175045472
obj = 475668.8326719448, rho = 18.59864630340817
nSV = 4271, nBSV = 2611
Total nSV = 4271
.
Warning: using -h 0 may be faster
...
Warning: using -h 0 may be faster
*
optimization finished, #iter = 4383
C = 549.6501303606863
obj = 497590.97954219405, rho = 20.281173929361934
nSV = 5217, nBSV = 3351
.
Warning: using -h 0 may be faster
*
optimization finished, #iter = 1054
C = 0.0
obj = 0.0, rho = NaN
nSV = 0, nBSV = 0
Total nSV = 0
.*
optimization finished, #iter = 1020
C = 0.0
obj = 0.0, rho = NaN
nSV = 0, nBSV = 0
Total nSV = 0
*
optimization finished, #iter = 973
C = 0.0
obj = 0.0, rho = NaN
nSV = 0, nBSV = 0
Total nSV = 0
.
Warning: using -h 0 may be faster
*
optimization finished, #iter = 1309
C = 84.71113337719474
obj = 24224.010895078853, rho = -4.819372410895179
nSV = 2724, nBSV = 2294
Total nSV = 2724
.
Warning: using -h 0 may be faster
*
optimization finished, #iter = 1068
C = 0.0
obj = 0.0, rho = NaN
nSV = 0, nBSV = 0
Total nSV = 0
Line search fails in two-class probability estimates
.
Warning: using -h 0 may be faster
*
optimization finished, #iter = 1405
C = 40.76546787703444
obj = 9794.469074954804, rho = 1.0482128566613391
nSV = 3308, nBSV = 2962
Total nSV = 7518
.
Warning: using -h 0 may be faster
*
optimization finished, #iter = 1381
C = 168.90030034789655
obj = 65371.076849506615, rho = 3.463032372443609
nSV = 2416, nBSV = 1914
Total nSV = 2416
.
Warning: using -h 0 may be faster
*
optimization finished, #iter = 1332
C = 154.5126618815373
obj = 57790.153560171995, rho = 4.333028012218459
nSV = 2388, nBSV = 1927
Total nSV = 2388
.
Warning: using -h 0 may be faster
*
optimization finished, #iter = 1418
C = 169.3625359011127
obj = 65336.93223937469, rho = 3.819470625696662
nSV = 2424, nBSV = 1928
Total nSV = 2424
.
Warning: using -h 0 may be faster
*
optimization finished, #iter = 1369
C = 152.4218004466525
obj = 57621.621668975655, rho = 4.5617320757127375
nSV = 2412, nBSV = 1928
Total nSV = 2412
.
Warning: using -h 0 may be faster
*
optimization finished, #iter = 1415
C = 170.90557210057014
obj = 65977.39584420116, rho = 2.450466684830259
nSV = 2424, nBSV = 1934
Total nSV = 2424
.
Warning: using -h 0 may be faster
*
optimization finished, #iter = 1655
C = 143.9537207108952
obj = 64106.673956076345, rho = 2.7086199975381344
nSV = 2987, nBSV = 2453
...
Warning: using -h 0 may be faster
*
optimization finished, #iter = 3518
C = 563.6945895714522
obj = 447171.40093169786, rho = -34.11392952794954
nSV = 4275, nBSV = 2620
Total nSV = 4275
...
Warning: using -h 0 may be faster
*
optimization finished, #iter = 3613
C = 616.4609246225099
obj = 500729.99704770144, rho = -34.556090851167895
nSV = 4293, nBSV = 2587
Total nSV = 4293
...
Warning: using -h 0 may be faster
*
optimization finished, #iter = 3705
C = 591.5483331122696
obj = 475988.9477494282, rho = -37.01383791701112
nSV = 4287, nBSV = 2603
Total nSV = 4287
.
Warning: using -h 0 may be faster
..
Warning: using -h 0 may be faster
*
optimization finished, #iter = 3781
C = 578.1906904373493
obj = 454391.64311192976, rho = -27.114085509246515
nSV = 4261, nBSV = 2603
Total nSV = 4261
.
Warning: using -h 0 may be faster
..
Warning: using -h 0 may be faster
*
optimization finished, #iter = 3497
C = 595.2368953854517
obj = 473111.5287669805, rho = -30.872142651231812
nSV = 4272, nBSV = 2643
Total nSV = 4272
.
Warning: using -h 0 may be faster
...
Warning: using -h 0 may be faster
*
optimization finished, #iter = 4638
C = 560.4260934470132
obj = 512624.9025500639, rho = 8.097408715276682
nSV = 5238, nBSV = 3361
.
Warning: using -h 0 may be faster
*
optimization finished, #iter = 1195
C = 62.12634103679408
obj = 15254.521403332734, rho = -1.8775655681427246
nSV = 2693, nBSV = 2326
Total nSV = 2693
.
Warning: using -h 0 may be faster
*
optimization finished, #iter = 1071
C = 0.0
obj = 0.0, rho = NaN
nSV = 0, nBSV = 0
Total nSV = 0
.
Warning: using -h 0 may be faster
*
optimization finished, #iter = 1268
C = 79.07715856786365
obj = 21831.1135137447, rho = -2.948796396409983
nSV = 2715, nBSV = 2317
Total nSV = 2715
*
optimization finished, #iter = 959
C = 0.0
obj = 0.0, rho = NaN
nSV = 0, nBSV = 0
Total nSV = 0
*
optimization finished, #iter = 991
C = 0.0
obj = 0.0, rho = NaN
nSV = 0, nBSV = 0
Total nSV = 0
Line search fails in two-class probability estimates
.
Warning: using -h 0 may be faster
*
optimization finished, #iter = 1363
C = 39.81405092112487
obj = 9138.11687371001, rho = 1.6443870330481487
nSV = 3302, nBSV = 2977
Total nSV = 7558
...
Warning: using -h 0 may be faster
*
optimization finished, #iter = 3547
C = 642.9185003775051
obj = 510597.43785328, rho = 19.39148968728597
nSV = 4301, nBSV = 2590
Total nSV = 4301
...
Warning: using -h 0 may be faster
*
optimization finished, #iter = 3577
C = 592.2828035110192
obj = 462839.2194305139, rho = -36.02848390395085
nSV = 4297, nBSV = 2614
Total nSV = 4297
.
Warning: using -h 0 may be faster
..
Warning: using -h 0 may be faster
*
optimization finished, #iter = 3720
C = 585.2773294376972
obj = 455256.06067042385, rho = -39.39003137971529
nSV = 4251, nBSV = 2640
Total nSV = 4251
.
Warning: using -h 0 may be faster
..
Warning: using -h 0 may be faster
*
optimization finished, #iter = 3513
C = 630.2178199433923
obj = 504080.49155797256, rho = -49.24379275198971
nSV = 4271, nBSV = 2613
Total nSV = 4271
.
Warning: using -h 0 may be faster
..
Warning: using -h 0 may be faster
*
optimization finished, #iter = 3687
C = 632.8209675677914
obj = 508269.7608614082, rho = -34.40608381021018
nSV = 4284, nBSV = 2605
Total nSV = 4284
.
Warning: using -h 0 may be faster
...
Warning: using -h 0 may be faster
*
optimization finished, #iter = 4427
C = 592.3228015080152
obj = 545203.2929259371, rho = -45.98111804574406
nSV = 5245, nBSV = 3333
*
optimization finished, #iter = 941
C = 0.0
obj = 0.0, rho = NaN
nSV = 0, nBSV = 0
Total nSV = 0
.
Warning: using -h 0 may be faster
*
optimization finished, #iter = 1309
C = 67.55468990592401
obj = 16241.97107993048, rho = 0.008340830917049244
nSV = 2744, nBSV = 2301
Total nSV = 2744
.
Warning: using -h 0 may be faster
*
optimization finished, #iter = 1051
C = 0.0
obj = 0.0, rho = NaN
nSV = 0, nBSV = 0
Total nSV = 0
.
Warning: using -h 0 may be faster
*
optimization finished, #iter = 1249
C = 52.160614590182234
obj = 10571.821848011112, rho = 1.6201241371105177
nSV = 2702, nBSV = 2314
Total nSV = 2702
.
Warning: using -h 0 may be faster
*
optimization finished, #iter = 1320
C = 73.1687888130157
obj = 18799.101973182504, rho = 0.8822721691125436
nSV = 2753, nBSV = 2289
Total nSV = 2753
Line search fails in two-class probability estimates
.
Warning: using -h 0 may be faster
*
optimization finished, #iter = 1588
C = 44.14628368791035
obj = 10399.582316100574, rho = -1.6311255692302251
nSV = 3367, nBSV = 2925
.
Warning: using -h 0 may be faster
*
optimization finished, #iter = 1356
C = 165.3570639030659
obj = 64247.788769101506, rho = -9.902972140798402
nSV = 2415, nBSV = 1911
Total nSV = 2415
.
Warning: using -h 0 may be faster
*
optimization finished, #iter = 1333
C = 167.46653894829552
obj = 63706.9909971863, rho = -5.085244781651169
nSV = 2422, nBSV = 1911
Total nSV = 2422
.
Warning: using -h 0 may be faster
*
optimization finished, #iter = 1368
C = 160.39313190365746
obj = 62329.044862102295, rho = -5.16847137607692
nSV = 2407, nBSV = 1928
Total nSV = 2407
.
Warning: using -h 0 may be faster
*
optimization finished, #iter = 1425
C = 158.44539488434822
obj = 62204.90843165514, rho = -4.884589620709659
nSV = 2418, nBSV = 1904
Total nSV = 2418
.
Warning: using -h 0 may be faster
*
optimization finished, #iter = 1402
C = 174.28900594536373
obj = 68818.67811515242, rho = -3.8146140809416944
nSV = 2437, nBSV = 1901
Total nSV = 2437
.
Warning: using -h 0 may be faster
*
optimization finished, #iter = 1677
C = 145.09063179661368
obj = 65828.56075090554, rho = 2.202387682964555
nSV = 2983, nBSV = 2426
Total nSV = 7579
.
Warning: using -h 0 may be faster
*
optimization finished, #iter = 1321
C = 172.63151778704878
obj = 68396.05832654571, rho = 2.148523911158457
nSV = 2399, nBSV = 1905
Total nSV = 2399
.
Warning: using -h 0 may be faster
*
optimization finished, #iter = 1366
C = 167.5552147839675
obj = 64539.875285232876, rho = 1.7239997500703625
nSV = 2417, nBSV = 1930
Total nSV = 2417
.
Warning: using -h 0 may be faster
*
optimization finished, #iter = 1333
C = 159.61051599752355
obj = 61350.18210221365, rho = 3.0147356789108515
nSV = 2407, nBSV = 1947
Total nSV = 2407
.
Warning: using -h 0 may be faster
*
optimization finished, #iter = 1361
C = 172.54190467134814
obj = 66765.10193627597, rho = 3.04410736699951
nSV = 2414, nBSV = 1916
Total nSV = 2414
.
Warning: using -h 0 may be faster
*
optimization finished, #iter = 1391
C = 179.46542572457182
obj = 72261.34616543574, rho = 3.6504439649309854
nSV = 2434, nBSV = 1883
Total nSV = 2434
.
Warning: using -h 0 may be faster
*
optimization finished, #iter = 1653
C = 150.95403569408927
obj = 68705.61818346985, rho = -5.827310093464151
nSV = 2965, nBSV = 2450
*
optimization finished, #iter = 949
C = 0.0
obj = 0.0, rho = NaN
nSV = 0, nBSV = 0
Total nSV = 0
.
Warning: using -h 0 may be faster
*
optimization finished, #iter = 1171
C = 52.168809749918374
obj = 11138.83598913356, rho = -0.13024552973794776
nSV = 2680, nBSV = 2336
Total nSV = 2680
.
Warning: using -h 0 may be faster
*
optimization finished, #iter = 1164
C = 0.0
obj = 0.0, rho = NaN
nSV = 0, nBSV = 0
Total nSV = 0
.
Warning: using -h 0 may be faster
*
optimization finished, #iter = 1101
C = 0.0
obj = 0.0, rho = NaN
nSV = 0, nBSV = 0
Total nSV = 0
.
Warning: using -h 0 may be faster
*
optimization finished, #iter = 1356
C = 73.88533639349735
obj = 20005.743574470096, rho = 0.8268141844897591
nSV = 2722, nBSV = 2293
Total nSV = 2722
Line search fails in two-class probability estimates
.
Warning: using -h 0 may be faster
*
optimization finished, #iter = 1477
C = 39.67285509547752
obj = 9222.72191543944, rho = -0.08347345638322133
nSV = 3335, nBSV = 2944
...
Warning: using -h 0 may be faster
*
optimization finished, #iter = 3860
C = 581.5642873237425
obj = 449762.51616394136, rho = 2.6552359769956198
nSV = 4250, nBSV = 2631
Total nSV = 4250
...
Warning: using -h 0 may be faster
*
optimization finished, #iter = 3663
C = 594.9378481835461
obj = 468049.2812757517, rho = 13.40835951181215
nSV = 4261, nBSV = 2626
Total nSV = 4261
.
Warning: using -h 0 may be faster
..
Warning: using -h 0 may be faster
*
optimization finished, #iter = 3664
C = 581.3049980415059
obj = 452583.9098892003, rho = 7.076675723344103
nSV = 4253, nBSV = 2603
Total nSV = 4253
...
Warning: using -h 0 may be faster
*
optimization finished, #iter = 3417
C = 559.953932641658
obj = 437481.36727949034, rho = 8.546385115166087
nSV = 4211, nBSV = 2669
Total nSV = 4211
...
Warning: using -h 0 may be faster
*
optimization finished, #iter = 3650
C = 554.2479487065665
obj = 434521.92457127396, rho = 11.040396423448891
nSV = 4231, nBSV = 2634
Total nSV = 4231
.
Warning: using -h 0 may be faster
...
Warning: using -h 0 may be faster
*
optimization finished, #iter = 4186
C = 537.0650608101537
obj = 482046.83887502254, rho = 9.769356445483213
nSV = 5176, nBSV = 3382
Total nSV = 7513
.*
optimization finished, #iter = 1030
C = 35.59978789625339
obj = 6602.179126031828, rho = 0.13522446382833472
nSV = 2634, nBSV = 2378
Total nSV = 2634
.
Warning: using -h 0 may be faster
*
optimization finished, #iter = 1070
C = 0.0
obj = 0.0, rho = NaN
nSV = 0, nBSV = 0
Total nSV = 0
*
optimization finished, #iter = 964
C = 0.0
obj = 0.0, rho = NaN
nSV = 0, nBSV = 0
Total nSV = 0
.
Warning: using -h 0 may be faster
*
optimization finished, #iter = 1159
C = 57.77263486775769
obj = 13770.255012454678, rho = -0.9071056804675853
nSV = 2668, nBSV = 2350
Total nSV = 2668
.
Warning: using -h 0 may be faster
*
optimization finished, #iter = 1030
C = 33.8790850985834
obj = 5938.3242657746205, rho = -0.12583474315342208
nSV = 2626, nBSV = 2393
Total nSV = 2626
Line search fails in two-class probability estimates
.
Warning: using -h 0 may be faster
*
optimization finished, #iter = 1348
C = 32.118606069467035
obj = 6902.005926457245, rho = -0.17247531742107405
nSV = 3280, nBSV = 2992
.
Warning: using -h 0 may be faster
*
optimization finished, #iter = 1377
C = 150.63572700227235
obj = 56026.80963495165, rho = -5.392347515137555
nSV = 2406, nBSV = 1935
Total nSV = 2406
.
Warning: using -h 0 may be faster
*
optimization finished, #iter = 1337
C = 157.35919370047074
obj = 58426.574683662315, rho = 1.7860625394283574
nSV = 2399, nBSV = 1918
Total nSV = 2399
.
Warning: using -h 0 may be faster
*
optimization finished, #iter = 1323
C = 147.9344537824751
obj = 56274.60656791342, rho = 3.407459299577777
nSV = 2393, nBSV = 1937
Total nSV = 2393
.
Warning: using -h 0 may be faster
*
optimization finished, #iter = 1436
C = 181.3358121498072
obj = 73625.46779414381, rho = 0.9433863498224551
nSV = 2439, nBSV = 1901
Total nSV = 2439
.
Warning: using -h 0 may be faster
*
optimization finished, #iter = 1259
C = 128.8803003368283
obj = 45148.40192891751, rho = 1.7589765993953077
nSV = 2362, nBSV = 1970
Total nSV = 2362
.
Warning: using -h 0 may be faster
*
optimization finished, #iter = 1584
C = 133.43238664428608
obj = 58164.280441055285, rho = -4.280751190964183
nSV = 2949, nBSV = 2458
...
Warning: using -h 0 may be faster
*
optimization finished, #iter = 3533
C = 661.5974363189082
obj = 527097.2328608609, rho = 0.8281850918225281
nSV = 4284, nBSV = 2612
Total nSV = 4284
...
Warning: using -h 0 may be faster
*
optimization finished, #iter = 3757
C = 598.4502852745993
obj = 476681.3232919215, rho = -17.175064494188614
nSV = 4294, nBSV = 2597
Total nSV = 4294
...
Warning: using -h 0 may be faster
*
optimization finished, #iter = 3494
C = 595.595086591515
obj = 478091.6133279268, rho = -32.41182508909516
nSV = 4278, nBSV = 2621
Total nSV = 4278
...
Warning: using -h 0 may be faster
*
optimization finished, #iter = 3677
C = 613.1136497966512
obj = 483614.38391383836, rho = -33.30152050753951
nSV = 4270, nBSV = 2625
Total nSV = 4270
...
Warning: using -h 0 may be faster
*
optimization finished, #iter = 3493
C = 586.8414124215919
obj = 462427.5243778626, rho = -31.646612835353636
nSV = 4242, nBSV = 2632
Total nSV = 4242
.
Warning: using -h 0 may be faster
...
Warning: using -h 0 may be faster
*
optimization finished, #iter = 4370
C = 576.0607077279212
obj = 520198.1213177365, rho = -27.52017999280406
nSV = 5237, nBSV = 3356
Total nSV = 7551


=== Predictions under cross-validation ===

 inst#     actual  predicted error distribution
     1  2:neutral  2:neutral       0.173,*0.605,0.221 
     2  2:neutral  2:neutral       0.132,*0.734,0.134 
     3  2:neutral 3:positive   +   0.065,0.226,*0.709 
     4  2:neutral 3:positive   +   0.093,0.449,*0.458 
     5  2:neutral  2:neutral       0.136,*0.629,0.235 
     6  2:neutral  2:neutral       0.245,*0.718,0.037 
     7  2:neutral  2:neutral       0.117,*0.499,0.384 
     8  2:neutral  2:neutral       0.153,*0.714,0.133 
     9  2:neutral  2:neutral       0.139,*0.624,0.237 
    10  2:neutral  2:neutral       0.229,*0.638,0.133 
    11  2:neutral 3:positive   +   0.073,0.191,*0.736 
    12  2:neutral  2:neutral       0.137,*0.671,0.192 
    13  2:neutral  2:neutral       0.191,*0.681,0.128 
    14  2:neutral  2:neutral       0.102,*0.593,0.305 
    15  2:neutral  2:neutral       0.244,*0.547,0.21 
    16  2:neutral  2:neutral       0.1,*0.657,0.243 
    17  2:neutral  2:neutral       0.217,*0.456,0.327 
    18  2:neutral  2:neutral       0.198,*0.503,0.3 
    19  2:neutral  2:neutral       0.193,*0.688,0.119 
    20  2:neutral  2:neutral       0.152,*0.739,0.109 
    21  2:neutral  2:neutral       0.312,*0.469,0.219 
    22  2:neutral  2:neutral       0.141,*0.487,0.372 
    23  2:neutral  2:neutral       0.139,*0.667,0.194 
    24  2:neutral  2:neutral       0.138,*0.735,0.127 
    25  2:neutral  2:neutral       0.135,*0.635,0.23 
    26  2:neutral 3:positive   +   0.14,0.398,*0.462 
    27  2:neutral  2:neutral       0.131,*0.757,0.112 
    28  2:neutral  2:neutral       0.251,*0.636,0.112 
    29  2:neutral  2:neutral       0.093,*0.617,0.29 
    30  2:neutral  2:neutral       0.097,*0.518,0.385 
    31  2:neutral  2:neutral       0.244,*0.714,0.043 
    32  2:neutral  2:neutral       0.245,*0.687,0.068 
    33  2:neutral  2:neutral       0.122,*0.753,0.125 
    34  2:neutral  2:neutral       0.152,*0.658,0.19 
    35  2:neutral  2:neutral       0.206,*0.711,0.083 
    36  2:neutral  2:neutral       0.099,*0.5,0.401 
    37  2:neutral  2:neutral       0.17,*0.571,0.259 
    38  2:neutral  2:neutral       0.162,*0.592,0.247 
    39  2:neutral  2:neutral       0.138,*0.7,0.162 
    40  2:neutral  2:neutral       0.118,*0.695,0.187 
    41  2:neutral  2:neutral       0.187,*0.668,0.145 
    42  2:neutral  2:neutral       0.134,*0.672,0.194 
    43  2:neutral 3:positive   +   0.115,0.104,*0.781 
    44  2:neutral  2:neutral       0.141,*0.601,0.257 
    45  2:neutral  2:neutral       0.122,*0.688,0.19 
    46  2:neutral  2:neutral       0.107,*0.656,0.237 
    47  2:neutral  2:neutral       0.159,*0.521,0.32 
    48  2:neutral 3:positive   +   0.048,0.088,*0.865 
    49  2:neutral  2:neutral       0.138,*0.764,0.098 
    50  2:neutral  2:neutral       0.142,*0.687,0.172 
    51  2:neutral  2:neutral       0.14,*0.708,0.152 
    52  2:neutral  2:neutral       0.233,*0.608,0.158 
    53  2:neutral  2:neutral       0.149,*0.439,0.413 
    54  2:neutral  2:neutral       0.16,*0.506,0.334 
    55  2:neutral  2:neutral       0.151,*0.703,0.146 
    56  2:neutral  2:neutral       0.137,*0.773,0.09 
    57  2:neutral  2:neutral       0.159,*0.604,0.237 
    58  2:neutral  2:neutral       0.135,*0.602,0.263 
    59  2:neutral  2:neutral       0.16,*0.541,0.298 
    60  2:neutral  2:neutral       0.241,*0.624,0.135 
    61  2:neutral  2:neutral       0.14,*0.67,0.191 
    62  2:neutral  2:neutral       0.14,*0.554,0.306 
    63  2:neutral  2:neutral       0.109,*0.647,0.244 
    64  2:neutral  2:neutral       0.114,*0.486,0.4 
    65  2:neutral  2:neutral       0.203,*0.688,0.109 
    66  2:neutral 3:positive   +   0.067,0.368,*0.566 
    67  2:neutral  2:neutral       0.1,*0.518,0.382 
    68  2:neutral  2:neutral       0.213,*0.546,0.241 
    69  2:neutral 3:positive   +   0.067,0.254,*0.679 
    70  2:neutral 3:positive   +   0.076,0.332,*0.592 
    71  2:neutral  2:neutral       0.171,*0.677,0.152 
    72  2:neutral 3:positive   +   0.077,0.159,*0.764 
    73  2:neutral  2:neutral       0.173,*0.545,0.282 
    74  2:neutral 3:positive   +   0.138,0.408,*0.454 
    75  2:neutral  2:neutral       0.116,*0.677,0.207 
    76  2:neutral  2:neutral       0.184,*0.458,0.359 
    77  2:neutral  2:neutral       0.184,*0.519,0.297 
    78  2:neutral  2:neutral       0.149,*0.709,0.142 
    79  2:neutral  2:neutral       0.191,*0.695,0.114 
    80  2:neutral  2:neutral       0.171,*0.711,0.118 
    81  2:neutral  2:neutral       0.238,*0.582,0.18 
    82  2:neutral  2:neutral       0.196,*0.732,0.072 
    83  2:neutral 3:positive   +   0.292,0.204,*0.504 
    84  2:neutral 3:positive   +   0.045,0.185,*0.77 
    85  2:neutral  2:neutral       0.207,*0.523,0.271 
    86  2:neutral  2:neutral       0.16,*0.702,0.137 
    87  2:neutral  2:neutral       0.081,*0.542,0.377 
    88  2:neutral  2:neutral       0.113,*0.642,0.245 
    89  2:neutral  2:neutral       0.245,*0.5,0.254 
    90  2:neutral  2:neutral       0.15,*0.722,0.127 
    91  2:neutral  2:neutral       0.127,*0.589,0.284 
    92  2:neutral  2:neutral       0.195,*0.615,0.19 
    93  2:neutral  2:neutral       0.13,*0.624,0.247 
    94  2:neutral  2:neutral       0.116,*0.505,0.378 
    95  2:neutral  2:neutral       0.096,*0.465,0.439 
    96  2:neutral  2:neutral       0.168,*0.654,0.178 
    97  2:neutral  2:neutral       0.144,*0.649,0.208 
    98  2:neutral 3:positive   +   0.1,0.345,*0.555 
    99  2:neutral  2:neutral       0.131,*0.678,0.191 
   100  2:neutral  2:neutral       0.171,*0.639,0.19 
   101  2:neutral  2:neutral       0.182,*0.463,0.355 
   102  2:neutral 3:positive   +   0.051,0.187,*0.762 
   103  2:neutral  2:neutral       0.124,*0.671,0.205 
   104  2:neutral  2:neutral       0.162,*0.541,0.297 
   105  2:neutral  2:neutral       0.131,*0.63,0.239 
   106  2:neutral 3:positive   +   0.07,0.191,*0.738 
   107  2:neutral  2:neutral       0.138,*0.639,0.222 
   108  2:neutral  2:neutral       0.125,*0.699,0.176 
   109  2:neutral  2:neutral       0.127,*0.753,0.12 
   110  2:neutral  2:neutral       0.2,*0.649,0.15 
   111  2:neutral  2:neutral       0.151,*0.599,0.25 
   112  2:neutral  2:neutral       0.127,*0.735,0.138 
   113  2:neutral  2:neutral       0.093,*0.556,0.352 
   114  2:neutral 3:positive   +   0.146,0.255,*0.599 
   115  2:neutral  2:neutral       0.129,*0.642,0.229 
   116  2:neutral  2:neutral       0.243,*0.663,0.094 
   117  2:neutral  2:neutral       0.156,*0.763,0.08 
   118  2:neutral  2:neutral       0.167,*0.488,0.345 
   119  2:neutral  2:neutral       0.122,*0.696,0.182 
   120  2:neutral 3:positive   +   0.103,0.216,*0.68 
   121  2:neutral  2:neutral       0.098,*0.506,0.396 
   122  2:neutral 3:positive   +   0.148,0.32,*0.531 
   123  2:neutral  2:neutral       0.19,*0.693,0.118 
   124  2:neutral  2:neutral       0.143,*0.622,0.234 
   125  2:neutral  2:neutral       0.217,*0.637,0.146 
   126  2:neutral  2:neutral       0.16,*0.621,0.22 
   127  2:neutral  2:neutral       0.143,*0.698,0.158 
   128  2:neutral 3:positive   +   0.059,0.29,*0.651 
   129  2:neutral  2:neutral       0.152,*0.667,0.18 
   130  2:neutral  2:neutral       0.097,*0.63,0.272 
   131  2:neutral  2:neutral       0.214,*0.584,0.202 
   132  2:neutral  2:neutral       0.134,*0.664,0.202 
   133  2:neutral  2:neutral       0.16,*0.749,0.091 
   134  2:neutral  2:neutral       0.122,*0.632,0.246 
   135  2:neutral  2:neutral       0.104,*0.647,0.249 
   136  2:neutral  2:neutral       0.107,*0.694,0.198 
   137  2:neutral  2:neutral       0.129,*0.653,0.218 
   138  2:neutral 3:positive   +   0.078,0.218,*0.704 
   139  2:neutral 3:positive   +   0.1,0.447,*0.453 
   140  2:neutral  2:neutral       0.162,*0.616,0.222 
   141  2:neutral  2:neutral       0.131,*0.668,0.201 
   142  2:neutral  2:neutral       0.151,*0.69,0.159 
   143  2:neutral 3:positive   +   0.163,0.392,*0.445 
   144  2:neutral  2:neutral       0.155,*0.688,0.156 
   145  2:neutral  2:neutral       0.281,*0.466,0.252 
   146  2:neutral  2:neutral       0.167,*0.684,0.149 
   147  2:neutral  2:neutral       0.123,*0.668,0.209 
   148  2:neutral  2:neutral       0.148,*0.713,0.139 
   149  2:neutral 3:positive   +   0.203,0.277,*0.521 
   150  2:neutral  2:neutral       0.141,*0.7,0.159 
   151  2:neutral  2:neutral       0.162,*0.662,0.175 
   152  2:neutral  2:neutral       0.203,*0.705,0.092 
   153  2:neutral  2:neutral       0.121,*0.744,0.135 
   154  2:neutral  2:neutral       0.166,*0.652,0.181 
   155  2:neutral 3:positive   +   0.171,0.32,*0.51 
   156  2:neutral  2:neutral       0.125,*0.57,0.306 
   157  2:neutral  2:neutral       0.093,*0.523,0.384 
   158  2:neutral  2:neutral       0.116,*0.683,0.201 
   159  2:neutral  2:neutral       0.238,*0.68,0.082 
   160  2:neutral  2:neutral       0.1,*0.617,0.283 
   161  2:neutral  2:neutral       0.208,*0.524,0.268 
   162  2:neutral  2:neutral       0.133,*0.714,0.153 
   163  2:neutral  2:neutral       0.106,*0.563,0.331 
   164  2:neutral  2:neutral       0.236,*0.637,0.127 
   165  2:neutral  2:neutral       0.17,*0.692,0.139 
   166  2:neutral  2:neutral       0.151,*0.615,0.234 
   167  2:neutral  2:neutral       0.119,*0.655,0.226 
   168  2:neutral  2:neutral       0.106,*0.64,0.254 
   169  2:neutral  2:neutral       0.145,*0.54,0.316 
   170  2:neutral  2:neutral       0.202,*0.683,0.115 
   171  2:neutral  2:neutral       0.103,*0.574,0.323 
   172  2:neutral  2:neutral       0.241,*0.584,0.175 
   173  2:neutral  2:neutral       0.25,*0.652,0.099 
   174  2:neutral  2:neutral       0.14,*0.495,0.365 
   175  2:neutral  2:neutral       0.11,*0.521,0.369 
   176  2:neutral 3:positive   +   0.089,0.371,*0.54 
   177  2:neutral  2:neutral       0.163,*0.688,0.15 
   178  2:neutral  2:neutral       0.14,*0.606,0.255 
   179  2:neutral  2:neutral       0.141,*0.69,0.169 
   180  2:neutral  2:neutral       0.131,*0.674,0.195 
   181  2:neutral  2:neutral       0.191,*0.691,0.118 
   182  2:neutral  2:neutral       0.188,*0.64,0.171 
   183  2:neutral  2:neutral       0.13,*0.631,0.239 
   184  2:neutral 3:positive   +   0.147,0.297,*0.556 
   185  2:neutral  2:neutral       0.155,*0.54,0.306 
   186  2:neutral  2:neutral       0.111,*0.658,0.231 
   187  2:neutral  2:neutral       0.101,*0.491,0.408 
   188  2:neutral  2:neutral       0.14,*0.465,0.395 
   189  2:neutral  2:neutral       0.224,*0.667,0.109 
   190  2:neutral  2:neutral       0.226,*0.636,0.138 
   191  2:neutral  2:neutral       0.199,*0.685,0.116 
   192  2:neutral  2:neutral       0.158,*0.694,0.149 
   193  2:neutral 3:positive   +   0.061,0.421,*0.519 
   194  2:neutral  2:neutral       0.169,*0.674,0.158 
   195  2:neutral  2:neutral       0.144,*0.527,0.329 
   196  2:neutral  2:neutral       0.231,*0.623,0.145 
   197  2:neutral  2:neutral       0.112,*0.579,0.309 
   198  2:neutral  2:neutral       0.232,*0.629,0.139 
   199  2:neutral 3:positive   +   0.073,0.197,*0.73 
   200  2:neutral  2:neutral       0.128,*0.639,0.234 
   201  2:neutral  2:neutral       0.179,*0.714,0.107 
   202  2:neutral  2:neutral       0.184,*0.595,0.221 
   203  2:neutral  2:neutral       0.182,*0.473,0.345 
   204  2:neutral  2:neutral       0.143,*0.762,0.095 
   205  2:neutral  2:neutral       0.076,*0.493,0.431 
   206  2:neutral  2:neutral       0.141,*0.577,0.282 
   207  2:neutral  2:neutral       0.09,*0.469,0.441 
   208  2:neutral  2:neutral       0.146,*0.71,0.143 
   209  2:neutral  2:neutral       0.137,*0.728,0.135 
   210  2:neutral  2:neutral       0.247,*0.465,0.288 
   211  2:neutral  2:neutral       0.091,*0.593,0.315 
   212  2:neutral  2:neutral       0.166,*0.701,0.133 
   213  2:neutral  2:neutral       0.185,*0.611,0.204 
   214  2:neutral  2:neutral       0.147,*0.654,0.199 
   215  2:neutral  2:neutral       0.239,*0.667,0.094 
   216  2:neutral  2:neutral       0.154,*0.602,0.243 
   217  2:neutral  2:neutral       0.147,*0.678,0.175 
   218  2:neutral  2:neutral       0.205,*0.503,0.292 
   219  2:neutral  2:neutral       0.204,*0.7,0.097 
   220  2:neutral  2:neutral       0.14,*0.698,0.162 
   221  2:neutral  2:neutral       0.245,*0.517,0.238 
   222  2:neutral 3:positive   +   0.19,0.404,*0.406 
   223  2:neutral  2:neutral       0.091,*0.564,0.344 
   224  2:neutral  2:neutral       0.138,*0.692,0.17 
   225  2:neutral  2:neutral       0.14,*0.726,0.134 
   226  2:neutral  2:neutral       0.137,*0.665,0.197 
   227  2:neutral  2:neutral       0.115,*0.691,0.194 
   228  2:neutral 3:positive   +   0.095,0.364,*0.541 
   229  2:neutral  2:neutral       0.107,*0.634,0.259 
   230  2:neutral  2:neutral       0.225,*0.526,0.249 
   231  2:neutral  2:neutral       0.165,*0.602,0.234 
   232  2:neutral  2:neutral       0.203,*0.654,0.143 
   233  2:neutral  2:neutral       0.191,*0.627,0.182 
   234  2:neutral  2:neutral       0.118,*0.575,0.306 
   235  2:neutral  2:neutral       0.224,*0.684,0.091 
   236  2:neutral  2:neutral       0.156,*0.521,0.323 
   237  2:neutral  2:neutral       0.178,*0.515,0.308 
   238  2:neutral  2:neutral       0.157,*0.638,0.205 
   239  2:neutral  2:neutral       0.153,*0.622,0.225 
   240  2:neutral  2:neutral       0.198,*0.556,0.246 
   241  2:neutral  2:neutral       0.216,*0.598,0.187 
   242  2:neutral  2:neutral       0.121,*0.649,0.23 
   243  2:neutral 3:positive   +   0.078,0.387,*0.535 
   244  2:neutral  2:neutral       0.132,*0.695,0.172 
   245  2:neutral  2:neutral       0.172,*0.671,0.157 
   246  2:neutral 3:positive   +   0.064,0.29,*0.646 
   247  2:neutral  2:neutral       0.13,*0.798,0.072 
   248  2:neutral 3:positive   +   0.083,0.409,*0.508 
   249  2:neutral  2:neutral       0.192,*0.508,0.3 
   250  2:neutral  2:neutral       0.126,*0.659,0.215 
   251  2:neutral 3:positive   +   0.116,0.419,*0.464 
   252  2:neutral 3:positive   +   0.051,0.299,*0.65 
   253  2:neutral  2:neutral       0.128,*0.543,0.329 
   254  2:neutral  2:neutral       0.211,*0.669,0.12 
   255  2:neutral  2:neutral       0.151,*0.716,0.133 
   256  2:neutral  2:neutral       0.168,*0.528,0.304 
   257  2:neutral  2:neutral       0.138,*0.639,0.222 
   258  2:neutral  2:neutral       0.185,*0.736,0.079 
   259  2:neutral  2:neutral       0.132,*0.542,0.326 
   260  2:neutral  2:neutral       0.138,*0.711,0.15 
   261  2:neutral 3:positive   +   0.082,0.354,*0.563 
   262  2:neutral  2:neutral       0.158,*0.702,0.139 
   263  2:neutral  2:neutral       0.13,*0.636,0.234 
   264  2:neutral  2:neutral       0.158,*0.719,0.123 
   265  2:neutral  2:neutral       0.116,*0.611,0.273 
   266  2:neutral  2:neutral       0.139,*0.73,0.131 
   267  2:neutral 3:positive   +   0.079,0.231,*0.69 
   268  2:neutral  2:neutral       0.197,*0.614,0.188 
   269  2:neutral  2:neutral       0.184,*0.58,0.236 
   270  2:neutral  2:neutral       0.156,*0.602,0.242 
   271  2:neutral  2:neutral       0.242,*0.533,0.225 
   272  2:neutral  2:neutral       0.134,*0.553,0.313 
   273  2:neutral  2:neutral       0.238,*0.657,0.105 
   274  2:neutral  2:neutral       0.084,*0.523,0.392 
   275  2:neutral  2:neutral       0.237,*0.561,0.202 
   276  2:neutral  2:neutral       0.15,*0.727,0.123 
   277  2:neutral  2:neutral       0.096,*0.525,0.379 
   278  2:neutral  2:neutral       0.128,*0.732,0.141 
   279  2:neutral  2:neutral       0.143,*0.542,0.315 
   280  2:neutral  2:neutral       0.092,*0.518,0.39 
   281  2:neutral  2:neutral       0.153,*0.673,0.173 
   282  2:neutral  2:neutral       0.138,*0.727,0.135 
   283  2:neutral  2:neutral       0.246,*0.393,0.361 
   284  2:neutral  2:neutral       0.116,*0.491,0.393 
   285  2:neutral  2:neutral       0.124,*0.785,0.09 
   286  2:neutral  2:neutral       0.116,*0.598,0.287 
   287  2:neutral  2:neutral       0.173,*0.717,0.11 
   288  2:neutral  2:neutral       0.198,*0.665,0.137 
   289  2:neutral  2:neutral       0.218,*0.615,0.167 
   290  2:neutral 3:positive   +   0.068,0.434,*0.498 
   291  2:neutral  2:neutral       0.155,*0.596,0.25 
   292  2:neutral  2:neutral       0.282,*0.441,0.277 
   293  2:neutral 3:positive   +   0.065,0.281,*0.654 
   294  2:neutral 3:positive   +   0.107,0.431,*0.461 
   295  2:neutral  2:neutral       0.243,*0.708,0.05 
   296  2:neutral  2:neutral       0.134,*0.664,0.202 
   297  2:neutral 3:positive   +   0.138,0.356,*0.506 
   298  2:neutral  2:neutral       0.157,*0.677,0.166 
   299  2:neutral  2:neutral       0.153,*0.667,0.18 
   300  2:neutral  2:neutral       0.214,*0.703,0.083 
   301  2:neutral  2:neutral       0.093,*0.537,0.37 
   302  2:neutral  2:neutral       0.153,*0.679,0.168 
   303  2:neutral 3:positive   +   0.107,0.192,*0.702 
   304  2:neutral  2:neutral       0.234,*0.502,0.264 
   305  2:neutral  2:neutral       0.11,*0.712,0.177 
   306  2:neutral  2:neutral       0.11,*0.628,0.262 
   307  2:neutral  2:neutral       0.146,*0.687,0.167 
   308  2:neutral  2:neutral       0.206,*0.74,0.054 
   309  2:neutral 3:positive   +   0.065,0.12,*0.815 
   310  2:neutral  2:neutral       0.228,*0.705,0.067 
   311  2:neutral  2:neutral       0.167,*0.531,0.302 
   312  2:neutral  2:neutral       0.174,*0.596,0.23 
   313  2:neutral  2:neutral       0.211,*0.688,0.101 
   314  2:neutral  2:neutral       0.183,*0.592,0.225 
   315  2:neutral  2:neutral       0.097,*0.607,0.296 
   316  2:neutral 3:positive   +   0.087,0.385,*0.528 
   317  2:neutral  2:neutral       0.121,*0.46,0.419 
   318  2:neutral  2:neutral       0.16,*0.693,0.147 
   319  2:neutral  2:neutral       0.224,*0.488,0.288 
   320  2:neutral  2:neutral       0.137,*0.629,0.233 
   321  2:neutral  2:neutral       0.163,*0.72,0.117 
   322  2:neutral  2:neutral       0.129,*0.727,0.144 
   323  2:neutral  2:neutral       0.143,*0.48,0.377 
   324  2:neutral  2:neutral       0.157,*0.676,0.168 
   325  2:neutral  2:neutral       0.139,*0.704,0.157 
   326  2:neutral  2:neutral       0.119,*0.641,0.241 
   327  2:neutral  2:neutral       0.392,*0.393,0.215 
   328  2:neutral  2:neutral       0.258,*0.616,0.126 
   329  2:neutral  2:neutral       0.247,*0.63,0.124 
   330  2:neutral  2:neutral       0.122,*0.726,0.152 
   331  2:neutral  2:neutral       0.123,*0.6,0.277 
   332  2:neutral  2:neutral       0.154,*0.676,0.169 
   333  2:neutral  2:neutral       0.116,*0.71,0.175 
   334  2:neutral  2:neutral       0.275,*0.47,0.255 
   335  2:neutral 3:positive   +   0.06,0.321,*0.619 
   336  2:neutral  2:neutral       0.128,*0.612,0.26 
   337  2:neutral  2:neutral       0.169,*0.693,0.137 
   338  2:neutral  2:neutral       0.136,*0.544,0.32 
   339  2:neutral  2:neutral       0.172,*0.648,0.179 
   340  2:neutral  2:neutral       0.222,*0.611,0.167 
   341  2:neutral  2:neutral       0.097,*0.576,0.327 
   342  2:neutral 3:positive   +   0.207,0.139,*0.654 
   343  2:neutral  2:neutral       0.198,*0.606,0.196 
   344  2:neutral  2:neutral       0.098,*0.55,0.352 
   345  2:neutral  2:neutral       0.109,*0.726,0.165 
   346  2:neutral  2:neutral       0.102,*0.552,0.345 
   347  2:neutral  2:neutral       0.138,*0.639,0.222 
   348  2:neutral  2:neutral       0.178,*0.546,0.276 
   349  2:neutral  2:neutral       0.166,*0.644,0.19 
   350  2:neutral  2:neutral       0.133,*0.636,0.231 
   351  2:neutral  2:neutral       0.112,*0.655,0.233 
   352  2:neutral  2:neutral       0.111,*0.677,0.212 
   353  2:neutral  2:neutral       0.188,*0.615,0.197 
   354  2:neutral  2:neutral       0.293,*0.398,0.308 
   355  2:neutral  2:neutral       0.136,*0.671,0.193 
   356  2:neutral  2:neutral       0.154,*0.445,0.401 
   357  2:neutral  2:neutral       0.126,*0.457,0.417 
   358  2:neutral  2:neutral       0.124,*0.453,0.424 
   359  2:neutral  2:neutral       0.228,*0.668,0.104 
   360  2:neutral  2:neutral       0.202,*0.713,0.085 
   361  2:neutral  2:neutral       0.143,*0.704,0.153 
   362  2:neutral  2:neutral       0.174,*0.464,0.362 
